0 Windscreen  1 x 12 x  4 with Red Stripes Pattern
0 Name: 19212p01.dat
0 Author: Owen Burgoyne [C3POwen]
0 !LDRAW_ORG Unofficial_Part
0 !LICENSE Redistributable under CCAL version 2.0 : see CAreadme.txt

0 BFC CERTIFY CCW

1 16 0 0 0 1 0 0 0 1 0 0 0 1 s\19212s01.dat
4 16 -120 88 10 -120 88 9 -62.72 4 9 -62.72 4 10
4 16 62.72 4 10 62.72 4 9 120 88 9 120 88 10
3 16 -62.72 4 10 -62.72 4 9 -60 0 10
3 16 60 0 10 62.72 4 9 62.72 4 10
4 4 -120 88 9 -120 88 0 -62.72 4 0 -62.72 4 9
4 4 62.72 4 9 62.72 4 0 120 88 0 120 88 9
4 16 -62.72 4 9 -62.72 4 0 -60 0 0 -60 0 10
4 16 60 0 10 60 0 0 62.72 4 0 62.72 4 9
1 4 -110 88 0 -10 57.28 0 0 -84 0 0 0 -10 1-8cyli.dat
1 4 110 88 0 10 -57.28 0 0 -84 0 0 0 -10 1-8cyli.dat
1 16 -50 0 0 -10 -2.72 0 0 4 0 0 0 -10 1-8cyli.dat
1 16 50 0 0 10 2.72 0 0 4 0 0 0 -10 1-8cyli.dat
1 16 -110 88 0 0 57.28 -10 0 -84 0 -10 0 0 1-8cyli.dat
1 16 110 88 0 0 -57.28 10 0 -84 0 -10 0 0 1-8cyli.dat
1 16 -50 0 0 0 -2.72 -10 0 4 0 -10 0 0 1-8cyli.dat
1 16 50 0 0 0 2.72 10 0 4 0 -10 0 0 1-8cyli.dat
4 16 110 88 -10 52.72 4 -10 -52.72 4 -10 -110 88 -10
4 16 52.72 4 -10 50 0 -10 -50 0 -10 -52.72 4 -10
