0 Tile  2 x  2 with Black Dot and White "E" on Red Disc Pattern
0 Name: 3068bp0d.dat
0 Author: Christophe Mitillo [Christophe_Mitillo]
0 !LDRAW_ORG Unofficial_Part
0 !LICENSE Redistributable under CCAL version 2.0 : see CAreadme.txt

0 BFC CERTIFY CCW

0 !KEYWORDS Wall-E

1 16 0 0 0 1 0 0 0 1 0 0 0 1 s\3068bs01.dat
4 0 -14.8 0 0 -16.7831 0 0.39447 -16.822 0 0 -16.7831 0 -0.39447
4 0 -14.8 0 0 -16.7831 0 -0.39447 -16.6681 0 -0.77379 -16.4812 0 -1.12336
4 0 -14.8 0 0 -16.4812 0 -1.12336 -16.2298 0 -1.42977 -15.9234 0 -1.68123
4 0 -14.8 0 0 -15.9234 0 -1.68123 -15.5738 0 -1.86808 -15.1945 0 -1.98315
4 0 -14.8 0 0 -15.1945 0 -1.98315 -14.8 0 -2.022 -14.4055 0 -1.98315
4 0 -14.8 0 0 -14.4055 0 -1.98315 -14.0262 0 -1.86808 -13.6766 0 -1.68123
4 0 -14.8 0 0 -13.6766 0 -1.68123 -13.3702 0 -1.42977 -13.1188 0 -1.12336
4 0 -14.8 0 0 -13.1188 0 -1.12336 -12.9319 0 -0.77379 -12.8169 0 -0.39447
4 0 -14.8 0 0 -12.8169 0 -0.39447 -12.778 0 0 -12.8169 0 0.39447
4 0 -14.8 0 0 -12.8169 0 0.39447 -12.9319 0 0.77379 -13.1188 0 1.12336
4 0 -14.8 0 0 -13.1188 0 1.12336 -13.3702 0 1.42977 -13.6766 0 1.68123
4 0 -14.8 0 0 -13.6766 0 1.68123 -14.0262 0 1.86808 -14.4055 0 1.98315
4 0 -14.8 0 0 -14.4055 0 1.98315 -14.8 0 2.022 -15.1945 0 1.98315
4 0 -14.8 0 0 -15.1945 0 1.98315 -15.5738 0 1.86808 -15.9234 0 1.68123
4 0 -14.8 0 0 -15.9234 0 1.68123 -16.2298 0 1.42977 -16.4812 0 1.12336
4 0 -14.8 0 0 -16.4812 0 1.12336 -16.6681 0 0.77379 -16.7831 0 0.39447
4 16 -14.8 0 2.022 -14.4055 0 1.98315 -12.8 0 2.1 -9.36906 0 3.88079
3 16 -12.8 0 2.1 -14.4055 0 1.98315 -14.0262 0 1.86808
3 16 -12.8 0 2.1 -14.0262 0 1.86808 -13.6766 0 1.68123
3 16 -12.8 0 2.1 -13.6766 0 1.68123 -13.3702 0 1.42977
3 16 -12.8 0 2.1 -13.3702 0 1.42977 -13.1188 0 1.12336
3 16 -12.8 0 2.1 -13.1188 0 1.12336 -12.9319 0 0.77379
3 16 -12.8 0 2.1 -12.9319 0 0.77379 -12.8169 0 0.39447
4 16 -12.8 0 2.1 -12.8169 0 0.39447 -12.778 0 0 -10.141 0 0
4 16 -12.778 0 0 -12.8169 0 -0.39447 -12.7 0 -2.1 -10.141 0 0
3 16 -12.8169 0 -0.39447 -12.9319 0 -0.77379 -12.7 0 -2.1
3 16 -12.9319 0 -0.77379 -13.1188 0 -1.12336 -12.7 0 -2.1
3 16 -13.1188 0 -1.12336 -13.3702 0 -1.42977 -12.7 0 -2.1
3 16 -13.3702 0 -1.42977 -13.6766 0 -1.68123 -12.7 0 -2.1
3 16 -13.6766 0 -1.68123 -14.0262 0 -1.86808 -12.7 0 -2.1
3 16 -14.0262 0 -1.86808 -14.4055 0 -1.98315 -12.7 0 -2.1
4 16 -12.7 0 -2.1 -14.4055 0 -1.98315 -14.8 0 -2.022 -9.36906 0 -3.88079
4 16 -14.8 0 -2.022 -15.1945 0 -1.98315 -16.9 0 -2.1 -9.36906 0 -3.88079
3 16 -15.5738 0 -1.86808 -16.9 0 -2.1 -15.1945 0 -1.98315
3 16 -15.9234 0 -1.68123 -16.9 0 -2.1 -15.5738 0 -1.86808
3 16 -16.2298 0 -1.42977 -16.9 0 -2.1 -15.9234 0 -1.68123
3 16 -16.4812 0 -1.12336 -16.9 0 -2.1 -16.2298 0 -1.42977
3 16 -16.6681 0 -0.77379 -16.9 0 -2.1 -16.4812 0 -1.12336
3 16 -16.7831 0 -0.39447 -16.9 0 -2.1 -16.6681 0 -0.77379
3 16 -16.822 0 0 -16.9 0 -2.1 -16.7831 0 -0.39447
3 16 -17 0 2.1 -16.822 0 0 -16.7831 0 0.39447
3 16 -17 0 2.1 -16.7831 0 0.39447 -16.6681 0 0.77379
3 16 -17 0 2.1 -16.6681 0 0.77379 -16.4812 0 1.12336
3 16 -17 0 2.1 -16.4812 0 1.12336 -16.2298 0 1.42977
3 16 -17 0 2.1 -16.2298 0 1.42977 -15.9234 0 1.68123
3 16 -17 0 2.1 -15.9234 0 1.68123 -15.5738 0 1.86808
3 16 -17 0 2.1 -15.5738 0 1.86808 -15.1945 0 1.98315
4 16 -17 0 2.1 -15.1945 0 1.98315 -14.8 0 2.022 -9.36906 0 3.88079
3 16 -12.8 0 2.1 -10.141 0 0 -9.94614 0 1.97841
3 16 -10.141 0 0 -12.7 0 -2.1 -9.94614 0 -1.97841
3 16 -9.94614 0 -1.97841 -12.7 0 -2.1 -9.36906 0 -3.88079
4 16 -8.43193 0 -5.63404 -9.36906 0 -3.88079 -16.9 0 -2.1 -20 0 -20
3 16 -8.43193 0 -5.63404 -20 0 -20 -7.17077 0 -7.17077
3 16 -7.17077 0 -7.17077 -20 0 -20 -5.63404 0 -8.43193
3 16 -5.63404 0 -8.43193 -20 0 -20 -3.88079 0 -9.36906
3 16 -3.88079 0 -9.36906 -20 0 -20 -1.97841 0 -9.94614
4 16 0 0 -10.141 -1.97841 0 -9.94614 -20 0 -20 20 0 -20
3 16 1.97841 0 -9.94614 0 0 -10.141 20 0 -20
3 16 3.88079 0 -9.36906 1.97841 0 -9.94614 20 0 -20
3 16 5.63404 0 -8.43193 3.88079 0 -9.36906 20 0 -20
3 16 7.17077 0 -7.17077 5.63404 0 -8.43193 20 0 -20
3 16 8.43193 0 -5.63404 7.17077 0 -7.17077 20 0 -20
3 16 9.36906 0 -3.88079 8.43193 0 -5.63404 20 0 -20
3 16 9.94614 0 -1.97841 9.36906 0 -3.88079 20 0 -20
4 16 10.141 0 0 9.94614 0 -1.97841 20 0 -20 20 0 20
3 16 20 0 20 9.94614 0 1.97841 10.141 0 0
3 16 20 0 20 9.36906 0 3.88079 9.94614 0 1.97841
3 16 20 0 20 8.43193 0 5.63404 9.36906 0 3.88079
3 16 20 0 20 7.17077 0 7.17077 8.43193 0 5.63404
3 16 20 0 20 5.63404 0 8.43193 7.17077 0 7.17077
3 16 20 0 20 3.88079 0 9.36906 5.63404 0 8.43193
3 16 20 0 20 1.97841 0 9.94614 3.88079 0 9.36906
4 16 0 0 10.141 1.97841 0 9.94614 20 0 20 -20 0 20
3 16 -20 0 20 -1.97841 0 9.94614 0 0 10.141
3 16 -20 0 20 -3.88079 0 9.36906 -1.97841 0 9.94614
3 16 -20 0 20 -5.63404 0 8.43193 -3.88079 0 9.36906
3 16 -20 0 20 -7.17077 0 7.17077 -5.63404 0 8.43193
4 16 -8.43193 0 5.63404 -7.17077 0 7.17077 -20 0 20 -17 0 2.1
3 16 -8.43193 0 5.63404 -17 0 2.1 -9.36906 0 3.88079
3 16 -9.36906 0 3.88079 -12.8 0 2.1 -9.94614 0 1.97841
4 16 -17 0 2.1 -20 0 20 -20 0 -20 -16.9 0 -2.1
3 16 -17 0 2.1 -16.9 0 -2.1 -16.822 0 0
4 15 -7.35773 0 3.6292 -7.4 0 3.2 -5.2 0 3.2 -7.23253 0 4.0419
4 15 -5.2 0 3.2 -5.2 0 5.4 -5.6292 0 5.35773 -6.0419 0 5.23253
4 15 -5.2 0 3.2 -6.0419 0 5.23253 -6.42225 0 5.02923 -6.75563 0 4.75563
4 15 -5.2 0 3.2 -6.75563 0 4.75563 -7.02923 0 4.42225 -7.23253 0 4.0419
4 15 -5.2 0 -3.1 -7.4 0 -3.1 -7.35773 0 -3.5292 -7.23253 0 -3.9419
4 15 -5.2 0 -3.1 -7.23253 0 -3.9419 -7.02923 0 -4.32225 -6.75563 0 -4.65563
4 15 -5.2 0 -3.1 -6.75563 0 -4.65563 -6.42225 0 -4.92923 -6.0419 0 -5.13253
4 15 -5.2 0 -3.1 -6.0419 0 -5.13253 -5.6292 0 -5.25773 -5.2 0 -5.3
4 15 6.8 0 2.9 6.8 0 5.4 -5.2 0 5.4 -3.7 0 2.9
3 15 -5.2 0 5.4 -5.2 0 3.2 -3.7 0 2.9
4 15 -3.7 0 2.9 -5.2 0 3.2 -7.4 0 -3.1 -5.2 0 -3.1
3 15 -3.7 0 2.9 -5.2 0 -3.1 -3.7 0 1.1
3 15 -5.2 0 3.2 -7.4 0 3.2 -7.4 0 -3.1
3 15 -3.7 0 1.1 -5.2 0 -3.1 -3.7 0 -1.1
4 15 -3.7 0 -2.9 -3.7 0 -1.1 -5.2 0 -3.1 -5.2 0 -5.3
4 15 -3.7 0 -2.9 -5.2 0 -5.3 6.8 0 -5.3 6.8 0 -2.9
4 15 6 0 1.1 -3.7 0 1.1 -3.7 0 -1.1 6 0 -1.1
4 4 -8.43193 0 5.63404 -6.42225 0 5.02923 -6.0419 0 5.23253 -7.17077 0 7.17077
3 4 -8.43193 0 5.63404 -6.75563 0 4.75563 -6.42225 0 5.02923
3 4 -8.43193 0 5.63404 -7.02923 0 4.42225 -6.75563 0 4.75563
3 4 -8.43193 0 5.63404 -7.23253 0 4.0419 -7.02923 0 4.42225
4 4 -7.35773 0 3.6292 -7.23253 0 4.0419 -8.43193 0 5.63404 -9.36906 0 3.88079
4 4 -7.4 0 3.2 -7.35773 0 3.6292 -9.36906 0 3.88079 -9.94614 0 1.97841
4 4 -7.4 0 3.2 -9.94614 0 1.97841 -10.141 0 0 -7.4 0 -3.1
4 4 -7.4 0 -3.1 -10.141 0 0 -9.94614 0 -1.97841 -9.36906 0 -3.88079
3 4 -7.4 0 -3.1 -9.36906 0 -3.88079 -7.35773 0 -3.5292
3 4 -7.35773 0 -3.5292 -9.36906 0 -3.88079 -7.23253 0 -3.9419
4 4 -7.02923 0 -4.32225 -7.23253 0 -3.9419 -9.36906 0 -3.88079 -8.43193 0 -5.63404
3 4 -7.02923 0 -4.32225 -8.43193 0 -5.63404 -6.75563 0 -4.65563
4 4 -6.42225 0 -4.92923 -6.75563 0 -4.65563 -8.43193 0 -5.63404 -7.17077 0 -7.17077
3 4 -6.42225 0 -4.92923 -7.17077 0 -7.17077 -6.0419 0 -5.13253
3 4 -6.0419 0 -5.13253 -7.17077 0 -7.17077 -5.6292 0 -5.25773
4 4 -5.2 0 -5.3 -5.6292 0 -5.25773 -7.17077 0 -7.17077 -5.63404 0 -8.43193
4 4 -5.2 0 -5.3 -5.63404 0 -8.43193 -3.88079 0 -9.36906 -1.97841 0 -9.94614
4 4 -5.2 0 -5.3 -1.97841 0 -9.94614 0 0 -10.141 6.8 0 -5.3
4 4 6.8 0 -5.3 0 0 -10.141 1.97841 0 -9.94614 3.88079 0 -9.36906
4 4 6.8 0 -5.3 3.88079 0 -9.36906 5.63404 0 -8.43193 7.17077 0 -7.17077
4 4 6.8 0 -5.3 7.17077 0 -7.17077 8.43193 0 -5.63404 9.36906 0 -3.88079
4 4 6.8 0 -2.9 6.8 0 -5.3 9.36906 0 -3.88079 9.94614 0 -1.97841
4 4 6 0 -1.1 6.8 0 -2.9 9.94614 0 -1.97841 10.141 0 0
4 4 6 0 1.1 6 0 -1.1 10.141 0 0 9.94614 0 1.97841
4 4 6.8 0 2.9 6 0 1.1 9.94614 0 1.97841 9.36906 0 3.88079
4 4 6.8 0 2.9 9.36906 0 3.88079 8.43193 0 5.63404 6.8 0 5.4
4 4 6.8 0 5.4 8.43193 0 5.63404 7.17077 0 7.17077 5.63404 0 8.43193
4 4 6.8 0 5.4 5.63404 0 8.43193 3.88079 0 9.36906 1.97841 0 9.94614
4 4 6.8 0 5.4 1.97841 0 9.94614 0 0 10.141 -5.2 0 5.4
4 4 -5.2 0 5.4 0 0 10.141 -1.97841 0 9.94614 -3.88079 0 9.36906
4 4 -5.2 0 5.4 -3.88079 0 9.36906 -5.63404 0 8.43193 -5.6292 0 5.35773
4 4 -5.6292 0 5.35773 -5.63404 0 8.43193 -7.17077 0 7.17077 -6.0419 0 5.23253
4 4 6 0 1.1 6.8 0 2.9 -3.7 0 2.9 -3.7 0 1.1
4 4 6 0 -1.1 -3.7 0 -1.1 -3.7 0 -2.9 6.8 0 -2.9
