0 Minifig Helmet Visor with Grille and Feather
0 Name: 3843.dat
0 Author: Paul Easter [pneaster]
0 !LDRAW_ORG Unofficial_Part
0 !LICENSE Redistributable under CCAL version 2.0 : see CAreadme.txt

0 BFC CERTIFY CW

0 !CATEGORY Minifig Headwear
0 !KEYWORDS knight, castle, mask, slot

0 // (The comments may be removed by the ADMIN during the ADMIN approval)
0 // This part must be set 5.0 LDU below the placement of the helmet/head. This
0 // does NOT line up with the current 193 helmets because they are not correct.
0 // The pivot location has been verified using dial calipers, The pivot it 0.5 LDU
0 // too low.
0 // The accuracy of this part was originally created within the nearest 0.25 LDU.
0 // Some modifications have been made to satisfy parts reviewers which may make
0 // changes as large a 1.5 LDU.
0 // The vision slot had been moved down, but after rechecking this with real parts,
0 // It was moved back up where it belongs.

0 // "feather" pieces across center

1 16 0 -24 -3 2.5 0 0 0 0 -1.5 0 15.5 0 2-4cyli.dat
1 16 0 -24 12.5 2.5 0 0 0 0 -1.5 0 2.5 0 2-8sphe.dat
1 16 0 -24 -10.75 2.5 0 0 0 0 -1.5 0 1 7.75 2-4disc.dat
1 16 0 -24 -10.75 2.5 0 0 0 0 -1.5 0 1 7.75 2-4edge.dat
1 16 0 -24 12.5 2.5 0 0 0 0 2.5 0 -3.5 0 2-4cyli.dat
3 16 0 -24 -10.75 1.7677 -22.2323 -13.7552 -1.7677 -22.2323 -13.7552
5 24 2.5 -24 -10.75 -2.5 -24 -10.75 0 -22.2323 -13.7552 0 -26 -3
1 16 0 -24 12.5 2.5 0 0 0 0 2.5 0 2.5 0 2-8sphe.dat
3 16 -1.7677 -22.2677 -13.659 1.7677 -22.2677 -13.659 0 -20.5 -15.25
5 24 1.7677 -22.2677 -13.659 -1.7677 -22.2677 -13.659 0 -20.5 -15.25 0 -24 -10.75
3 16 1.7677 -18.7323 -16.841 -1.7677 -18.7323 -16.841 0 -20.5 -15.25
1 16 0 -20.5 7.5 2.5 0 0 0 0 2.5 0 -1.5 0 2-4cyli.dat
1 16 0 -20.5 7.5 2.5 0 0 0 0 2.5 0 2.5 0 2-8sphe.dat
3 16 0 -17 -17.25 -1.7677 -18.7677 -16.8081 1.7677 -18.7677 -16.8081
5 24 -1.7677 -18.7677 -16.8081 1.7677 -18.7677 -16.8081 0 -14 -18 0 -20.5 -15.25
1 16 0 -17 4.5 2.5 0 0 0 0 1.5 0 -10.5 0 2-4cyli.dat
1 16 0 -17 4.5 2.5 0 0 0 0 1.5 0 2.5 0 2-8sphe.dat
4 16 2.5 -17 -17.25 2.5 -14 -18 -2.5 -14 -18 -2.5 -17 -17.25
5 24 2.5 -14 -18 -2.5 -14 -18 0 -17 -17.25 0 -3.5 -18
4 16 2.5 -14 -18 2.5 -3.5 -18 -2.5 -3.5 -18 -2.5 -14 -18
4 16 -2.5 -3.5 -15 2.5 -3.5 -15 2.5 -6.5 -15 -2.5 -6.5 -15
4 16 2.5 -3.5 -18 1.25 -2 -18 -1.25 -2 -18 -2.5 -3.5 -18
4 16 -1.25 -2 -15 1.25 -2 -15 2.5 -3.5 -15 -2.5 -3.5 -15
4 16 1.25 -2 -18 1.25 4 -18 -1.25 4 -18 -1.25 -2 -18
4 16 -1.25 4 -15 1.25 4 -15 1.25 -2 -15 -1.25 -2 -15
4 16 1.25 4 -18 1.25 4 -15 -1.25 4 -15 -1.25 4 -18
2 24 1.25 4 -18 -1.25 4 -18
2 24 1.25 4 -15 -1.25 4 -15
4 16 1.25 12.25 -18 1.25 18 -18 -1.25 18 -18 -1.25 12.25 -18
4 16 -1.25 18 -15 1.25 18 -15 1.25 12.25 -15 -1.25 12.25 -15
4 16 1.25 18 -18 1.25 18 -15 -1.25 18 -15 -1.25 18 -18
2 24 1.25 18 -18 -1.25 18 -18
2 24 1.25 18 -15 -1.25 18 -15
1 16 0 11 -18 1.25 0 0 0 0 1.25 0 1 0 2-4edge.dat
1 16 0 11 -15 1.25 0 0 0 0 1.25 0 1 0 2-4edge.dat
0 BFC INVERTNEXT
1 16 0 11 -18 1.25 0 0 0 0 1.25 0 3 0 2-4cyli.dat
1 16 0 11 -18 1.25 0 0 0 0 1.25 0 1 0 2-4ndis.dat
1 16 0 11 -15 1.25 0 0 0 0 1.25 0 -1 0 2-4ndis.dat
0 // left side
0 // "feather"
1 16 0 -24 -3 0 0 2.5 -1.5 0 0 0 -7.75 0 1-4cyls.dat
1 16 0 -24 -10.75 2.5 0 0 0 0 2.5 0 19.75 0 1-8cyli.dat
1 16 0 -24 -10.75 0 0 2.5 -2.5 0 0 0 -4.25 0 1-8cyls2.dat
1 16 0 -24 -10.75 2.5 0 0 0 0 2.5 0 1 -4.25 1-8disc.dat
1 16 0 -24 -10.75 2.5 0 0 0 0 2.5 0 1 -4.25 1-8edge.dat
1 16 0 -20.5 7.5 0 0 2.5 2.5 0 0 0 2.5 0 1-4cyls2.dat
1 16 0 -20.5 7.5 0 0 2.5 0 -2.5 0 -2.5 0 0 1-4cyls2.dat
1 16 0 -20.5 -13 2.5 0 0 0 0 -2.5 0 20.5 0 1-8cyli.dat
4 16 1.7677 -22.2677 -13 2.3098 -21.4568 -13 2.3098 -21.4568 -14.3889 1.7677 -22.2677 -13.659
4 16 2.3098 -21.4568 -13 2.5 -20.5 -13 2.5 -20.5 -15.25 2.3098 -21.4568 -14.3889
1 16 0 -20.5 -15.25 2.5 0 0 0 0 -2.5 0 1 2.25 1-8disc.dat
1 16 0 -20.5 -15.25 2.5 0 0 0 0 -2.5 0 1 2.25 1-8edge.dat
1 16 0 -20.5 -15.25 2.5 0 0 0 0 2.5 0 1 -2.25 1-8edge.dat
1 16 0 -20.5 -15.25 2.5 0 0 0 0 2.5 0 1 -2.25 1-8disc.dat
1 16 0 -20.5 -15.25 2.5 0 0 0 0 2.5 0 21.25 0 1-8cyli.dat
1 16 0 -20.5 -15.25 0 0 2.5 -2.5 0 0 0 -2.25 0 1-8cyls2.dat
1 16 0 -17 4.5 2.5 0 0 0 0 -2.5 0 -21.125 0 1-8cyli.dat
1 16 0 -17 -17.25 2.5 0 0 0 0 -2.5 0 1 .625 1-8disc.dat
4 16 1.7677 -18.7677 -16.625 2.3098 -17.9568 -16.625 2.3098 -17.9568 -17.0108 1.7677 -18.7677 -16.8081
4 16 2.3098 -17.9568 -16.625 2.5 -17 -16.625 2.5 -17 -17.25 2.3098 -17.9568 -17.0108
1 16 0 -17 -17.25 2.5 0 0 0 0 -2.5 0 1 .625 1-8edge.dat
1 16 0 -17 4.5 0 0 2.5 2.5 0 0 0 2.5 0 1-4cyls2.dat
1 16 0 -17 4.5 0 0 2.5 0 -2.5 0 -2.5 0 0 1-4cyls2.dat
0 BFC INVERTNEXT
1 16 0 -6.5 -6 0 2.5 0 -9 0 0 0 0 -9 1-4cyls.dat
1 16 2.5 -6.5 -6 0 -1 0 -10.5 0 0 0 0 -9 1-4ndis.dat
4 16 2.3243 -15.6706 -9.4443 2.5 -16.201 -9.4443 2.5 -17 -6 2.3098 -16.426 -6
4 16 1.8234 -15.2211 -9.4443 2.3243 -15.6706 -9.4443 2.3098 -16.426 -6 1.7677 -15.9394 -6
4 16 1.0741 -14.9206 -9.4443 1.8234 -15.2211 -9.4443 1.7677 -15.9394 -6 .9567 -15.6142 -6
4 16 .1902 -14.8151 -9.4443 1.0741 -14.9206 -9.4443 .9567 -15.6142 -6 0 -15.5 -6
4 16 2.3655 -13.5187 -12.3639 2.5 -13.9246 -12.3639 2.5 -16.201 -9.4443 2.3243 -15.6706 -9.4443
4 16 1.9822 -13.1746 -12.3639 2.3655 -13.5187 -12.3639 2.3243 -15.6706 -9.4443 1.8234 -15.2211 -9.4443
4 16 1.4087 -12.9447 -12.3639 1.9822 -13.1746 -12.3639 1.8234 -15.2211 -9.4443 1.0741 -14.9206 -9.4443
4 16 .7323 -12.8639 -12.3639 1.4087 -12.9447 -12.3639 1.0741 -14.9206 -9.4443 .1902 -14.8151 -9.4443
4 16 2.4272 -10.2987 -14.3151 2.5 -10.5183 -14.3151 2.5 -13.9246 -12.3639 2.3655 -13.5187 -12.3639
4 16 2.2197 -10.1125 -14.3151 2.4272 -10.2987 -14.3151 2.3655 -13.5187 -12.3639 1.9822 -13.1746 -12.3639
4 16 1.9094 -9.988 -14.3151 2.2197 -10.1125 -14.3151 1.9822 -13.1746 -12.3639 1.4087 -12.9447 -12.3639
4 16 1.9094 -9.988 -14.3151 1.4087 -12.9447 -12.3639 .7323 -12.8639 -12.3639 1.5432 -9.9443 -14.3151
3 16 2.4272 -10.2987 -14.3151 2.5 -6.5 -15 2.5 -10.5183 -14.3151
3 16 2.2197 -10.1125 -14.3151 2.5 -6.5 -15 2.4272 -10.2987 -14.3151
3 16 1.9094 -9.988 -14.3151 2.5 -6.5 -15 2.2197 -10.1125 -14.3151
3 16 1.5432 -9.9443 -14.3151 2.5 -6.5 -15 1.9094 -9.988 -14.3151
5 24 2.5 -16.201 -9.4443 2.5 -17 -6 2.3243 -15.6706 -9.4443 2.5 -17 -9.4443
5 24 0 -15.5 -6 .1902 -14.8151 -9.4443 1.0741 -14.9206 -9.4443 0 -14.8151 -9.4443
5 24 2.5 -13.9246 -12.3639 2.5 -16.201 -9.4443 2.3655 -13.5187 -12.3639 2.5 -17 -12.3639
5 24 .7323 -12.8639 -12.3639 .1902 -14.8151 -9.4443 1.4087 -12.9447 -12.3639 0 -12.8639 -12.3639
5 24 2.5 -10.5183 -14.3151 2.5 -13.9246 -12.3639 2.4272 -10.2987 -14.3151 2.5 -17 -14.3151
5 24 .7323 -12.8639 -12.3639 1.5432 -9.9443 -14.3151 1.9094 -9.988 -14.3151 0 -9.9443 -14.3151
5 24 2.5 -6.5 -15 2.5 -10.5183 -14.3151 2.4272 -10.2987 -14.3151 2.5 -17 -14.3151
5 24 1.5432 -9.9443 -14.3151 2.5 -6.5 -15 1.9094 -9.988 -14.3151 0 -9.9443 -14.3151
2 24 2.5 -17 -17.25 2.5 -14 -18
2 24 2.5 -14 -18 2.5 -3.5 -18
2 24 2.5 -6.5 -15 2.5 -3.5 -15
3 16 2.5 -14 -18 2.5 -17 -17.25 2.5 -17 -15
4 16 2.5 -14 -18 2.5 -17 -15 2.5 -3.5 -15 2.5 -3.5 -18
2 24 2.5 -3.5 -18 2.5 -3.5 -15
4 16 1.25 6.5 -18 1.25 11 -18 1.25 11 -15 1.25 6.5 -15
2 24 1.25 6.5 -18 1.25 11 -18
2 24 1.25 6.5 -15 1.25 11 -15
2 24 1.25 6.5 -15 1.25 6.5 -18
1 16 15 0 0 0 -1 0 2 0 0 0 0 2 4-8sphe.dat
1 16 15 0 0 0 1 0 -2 0 0 0 0 -2 3-4edge.dat
1 16 15 0 0 0 1 0 2 0 0 0 0 -2 2-4ndis.dat
1 16 15 0 0 0 3 0 -2 0 0 0 0 2 1-4cyli.dat
1 16 18 0 0 0 1 0 -2 0 0 0 0 2 1-4edge.dat
1 16 18 0 0 0 -1 0 -2 0 0 0 0 2 1-4disc.dat
1 16 1.25 18 -1.25 0 0 16.75 0 1 0 -16.75 0 0 48\1-8edge.dat
2 24 5.5849 -2 -17.4288 7.6602 -2 -16.7253
2 24 7.6602 -2 -16.7253 9.625 -2 -15.7555
2 24 9.625 -2 -15.7555 11.4474 -2 -14.5394
2 24 11.4474 -2 -14.5394 13.0939 -2 -13.0939
2 24 13.0939 -2 -13.0939 14.5394 -2 -11.4474
2 24 14.5394 -2 -11.4474 15.7555 -2 -9.625
2 24 15.7555 -2 -9.625 16.7253 -2 -7.6602
2 24 16.7253 -2 -7.6602 17.4288 -2 -5.5849
2 24 17.4288 -2 -5.5849 17.8559 -2 -3.4359
2 24 17.8559 -2 -3.4359 18 -2 -1.25
2 24 1.25 4 -18 3.4359 4 -17.8559
2 24 3.4359 4 -17.8559 5.5849 4 -17.4288
2 24 5.5849 4 -17.4288 7.6602 4 -16.7253
2 24 7.6602 4 -16.7253 9.625 4 -15.7555
2 24 1.25 6.5 -18 3.4359 6.5 -17.8559
2 24 3.4359 6.5 -17.8559 5.5849 6.5 -17.4288
2 24 5.5849 6.5 -17.4288 7.6602 6.5 -16.7253
2 24 7.6602 6.5 -16.7253 9.625 6.5 -15.7555
2 24 4.8085 -2 -14.5311 6.5121 -2 -13.9536
2 24 6.5121 -2 -13.9536 8.125 -2 -13.1575
2 24 8.125 -2 -13.1575 9.621 -2 -12.1593
2 24 9.621 -2 -12.1593 10.9726 -2 -10.9726
2 24 10.9726 -2 -10.9726 12.1593 -2 -9.621
2 24 12.1593 -2 -9.621 13.1575 -2 -8.125
2 24 13.1575 -2 -8.125 13.9536 -2 -6.5121
2 24 13.9536 -2 -6.5121 14.5311 -2 -4.8085
2 24 14.5311 -2 -4.8085 14.8818 -2 -3.0444
2 24 14.8818 -2 -3.0444 15 -2 -1.25
2 24 1.25 4 -15 3.0444 4 -14.8818
2 24 3.0444 4 -14.8818 4.8085 4 -14.5311
2 24 4.8085 4 -14.5311 6.5121 4 -13.9536
2 24 6.5121 4 -13.9536 8.125 4 -13.1575
2 24 8.125 4 -13.1575 9.621 4 -12.1593
2 24 1.25 6.5 -15 3.0444 6.5 -14.8818
2 24 3.0444 6.5 -14.8818 4.8085 6.5 -14.5311
2 24 4.8085 6.5 -14.5311 6.5121 6.5 -13.9536
2 24 6.5121 6.5 -13.9536 8.125 6.5 -13.1575
2 24 8.125 6.5 -13.1575 9.621 6.5 -12.1593
1 16 1.25 18 -1.25 0 0 13.75 0 1 0 -13.75 0 0 48\1-8edge.dat
1 16 1.25 -2 -1.25 0 0 16.75 0 6 0 -16.75 0 0 48\1-8cyli.dat
1 16 1.25 6.5 -1.25 0 0 16.75 0 11.5 0 -16.75 0 0 48\1-8cyli.dat
0 BFC INVERTNEXT
1 16 1.25 -2 -1.25 0 0 13.75 0 6 0 -13.75 0 0 48\1-8cyli.dat
0 BFC INVERTNEXT
1 16 1.25 6.5 -1.25 0 0 13.75 0 11.5 0 -13.75 0 0 48\1-8cyli.dat
4 16 4.8085 -2 -14.5311 6.5121 -2 -13.9536 7.6602 -2 -16.7253 5.5849 -2 -17.4288
4 16 6.5121 -2 -13.9536 8.125 -2 -13.1575 9.625 -2 -15.7555 7.6602 -2 -16.7253
4 16 8.125 -2 -13.1575 9.621 -2 -12.1593 11.4474 -2 -14.5394 9.625 -2 -15.7555
4 16 9.621 -2 -12.1593 10.9726 -2 -10.9726 13.0939 -2 -13.0939 11.4474 -2 -14.5394
4 16 10.9726 -2 -10.9726 12.1593 -2 -9.621 14.5394 -2 -11.4474 13.0939 -2 -13.0939
4 16 12.1593 -2 -9.621 13.1575 -2 -8.125 15.7555 -2 -9.625 14.5394 -2 -11.4474
4 16 13.1575 -2 -8.125 13.9536 -2 -6.5121 16.7253 -2 -7.6602 15.7555 -2 -9.625
4 16 13.9536 -2 -6.5121 14.5311 -2 -4.8085 17.4288 -2 -5.5849 16.7253 -2 -7.6602
4 16 14.5311 -2 -4.8085 14.8818 -2 -3.0444 17.8559 -2 -3.4359 17.4288 -2 -5.5849
4 16 14.8818 -2 -3.0444 15 -2 -1.25 18 -2 -1.25 17.8559 -2 -3.4359
1 16 1.25 4 -1.25 0 0 1.675 0 -1 0 -1.675 0 0 48\1-8ring9.dat
1 16 1.25 4 -1.25 0 0 1.375 0 -1 0 -1.375 0 0 48\1-8ring10.dat
1 16 1.25 6.5 -1.25 0 0 1.675 0 1 0 -1.675 0 0 48\1-8ring9.dat
1 16 1.25 6.5 -1.25 0 0 1.375 0 1 0 -1.375 0 0 48\1-8ring10.dat
1 16 1.25 18 -1.25 0 0 1.675 0 -1 0 -1.675 0 0 48\1-8ring9.dat
1 16 1.25 18 -1.25 0 0 1.375 0 -1 0 -1.375 0 0 48\1-8ring10.dat
1 16 9.625 5.25 -15.7555 0 0 1.25 -1.25 0 0 0 1 .8341 2-4ndis.dat
1 16 9.625 5.25 -15.7555 0 0 1.25 -1.25 0 0 0 1 .8341 2-4edge.dat
0 BFC INVERTNEXT
1 16 9.625 5.25 -15.7555 0 0 1.25 -1.25 0 0 0 3.5997 .8341 2-4cyli.dat
1 16 9.625 5.25 -12.1558 0 0 1.25 -1.25 0 0 0 1 1.101 2-4edge.dat
0 BFC INVERTNEXT
1 16 9.625 5.25 -12.1558 0 0 1.25 -1.25 0 0 0 1 1.101 2-4ndis.dat
0 BFC INVERTNEXT
1 16 9.625 5.25 -12.1558 -1.25 0 0 0 0 -1.25 -.8341 .2669 0 1-4cyls2.dat
0 BFC INVERTNEXT
1 16 9.625 5.25 -12.1558 -1.25 0 0 0 0 1.25 -.8341 .2669 0 1-4cyls2.dat
5 24 10.9726 4 -10.9726 10.9726 6.5 -10.9726 10.875 4 -11.0583 12.1593 4 -9.621
4 16 10.875 4 -11.0583 10.875 6.5 -11.0583 10.9726 6.5 -10.9726 10.9726 4 -10.9726
4 16 10.875 4 -14.9214 11.4474 4 -14.5394 11.4474 6.5 -14.5394 10.875 6.5 -14.9214
5 24 11.4474 4 -14.5394 11.4474 6.5 -14.5394 10.875 4 -14.9214 13.0939 4 -13.0939
4 16 11.4474 4 -14.5394 13.0939 4 -13.0939 13.0939 6.5 -13.0939 11.4474 6.5 -14.5394
5 24 13.0939 4 -13.0939 13.0939 6.5 -13.0939 11.4474 4 -14.5394 14.5394 4 -11.4474
4 16 17.9246 12.7278 -2.3935 17.8559 -2 -3.4359 18 -2 -1.25 18 11.1648 -1.25
3 16 17.9246 12.7278 -2.3935 17.8559 13.826 -3.4359 17.8559 -2 -3.4359
4 16 17.77 14.2812 -3.868 17.4288 -2 -5.5849 17.8559 -2 -3.4359 17.8559 13.826 -3.4359
3 16 17.77 14.2812 -3.868 17.4457 15.588 -5.5 17.4288 -2 -5.5849
3 16 17.4457 15.588 -5.5 17.4288 15.6383 -5.5849 17.4288 -2 -5.5849
4 16 16.8611 16.6302 -7.2595 16.7253 -2 -7.6602 17.4288 -2 -5.5849 17.4288 15.6383 -5.5849
3 16 16.8611 16.6302 -7.2595 16.7253 16.7932 -7.6602 16.7253 -2 -7.6602
4 16 16.0057 17.3862 -9.118 15.7555 -2 -9.625 16.7253 -2 -7.6602 16.7253 16.7932 -7.6602
3 16 16.0057 17.3862 -9.118 15.7555 17.554 -9.625 15.7555 -2 -9.625
4 16 14.8562 18 -10.9726 14.5394 -2 -11.4474 15.7555 -2 -9.625 15.7555 17.554 -9.625
3 16 14.8562 18 -10.9726 14.5394 18 -11.4474 14.5394 -2 -11.4474
4 16 13.0939 18 -13.0939 13.0939 -2 -13.0939 14.5394 -2 -11.4474 14.5394 18 -11.4474
4 16 15 -2 -1.25 14.8818 -2 -3.0444 14.9247 12.7278 -2.3935 15 11.1648 -1.25
3 16 14.8818 -2 -3.0444 14.8818 13.4135 -3.0444 14.9247 12.7278 -2.3935
4 16 14.8818 -2 -3.0444 14.5311 -2 -4.8085 14.7181 14.2812 -3.868 14.8818 13.4135 -3.0444
3 16 14.5311 -2 -4.8085 14.5311 15.0343 -4.8085 14.7181 14.2812 -3.868
4 16 14.5311 -2 -4.8085 13.9536 -2 -6.5121 14.2967 15.588 -5.5 14.5311 15.0343 -4.8085
3 16 13.9536 -2 -6.5121 13.9536 16.1875 -6.5121 14.2967 15.588 -5.5
4 16 13.9536 -2 -6.5121 13.1575 -2 -8.125 13.5847 16.6302 -7.2595 13.9536 16.1875 -6.5121
3 16 13.1575 -2 -8.125 13.1575 16.9823 -8.125 13.5847 16.6302 -7.2595
4 16 13.1575 -2 -8.125 12.1593 -2 -9.621 12.4949 17.3862 -9.118 13.1575 16.9823 -8.125
3 16 12.1593 -2 -9.621 12.1593 17.5527 -9.621 12.4949 17.3862 -9.118
4 16 12.1593 -2 -9.621 10.9726 -2 -10.9726 10.9726 18 -10.9726 12.1593 17.5527 -9.621
3 16 2.5 -3.5 -18 3.4359 -2 -17.8559 1.25 -2 -18
3 16 1.25 -2 -15 3.0444 -2 -14.8818 2.5 -3.5 -15
3 16 2.5 -3.5 -18 5.5849 -2 -17.4288 3.4359 -2 -17.8559
3 16 3.0444 -2 -14.8818 4.8085 -2 -14.5311 2.5 -3.5 -15
3 16 2.5 -3.5 -18 2.5 -3.5 -15 4.8085 -2 -14.5311
3 16 5.5849 -2 -17.4288 2.5 -3.5 -18 4.8085 -2 -14.5311
2 24 5.5849 -2 -17.4288 2.5 -3.5 -18
2 24 4.8085 -2 -14.5311 2.5 -3.5 -15
2 24 5.5849 -2 -17.4288 4.8085 -2 -14.5311
4 16 18 -2 -1.25 15 -2 -1.25 15 -2 0 18 -2 0
2 24 15 -2 0 15 -2 -1.25
2 24 18 -2 0 18 -2 -1.25
4 16 15 11.1648 -1.25 15 0 0 15 -2 0 15 -2 -1.25
4 16 18 -2 0 18 0 0 18 11.1648 -1.25 18 -2 -1.25
4 16 14.5394 18 -11.4474 14.8562 18 -10.9726 10.9726 18 -10.9726 13.0939 18 -13.0939
2 24 14.5394 18 -11.4474 14.8562 18 -10.9726
2 24 14.5394 18 -11.4474 13.0939 18 -13.0939
4 16 14.8562 18 -10.9726 15.7555 17.554 -9.625 12.1593 17.5527 -9.621 10.9726 18 -10.9726
2 24 14.8562 18 -10.9726 15.7555 17.554 -9.625
2 24 12.1593 17.5527 -9.621 10.9726 18 -10.9726
4 16 15.7555 17.554 -9.625 16.0057 17.3862 -9.118 12.4949 17.3862 -9.118 12.1593 17.5527 -9.621
2 24 15.7555 17.554 -9.625 16.0057 17.3862 -9.118
2 24 12.4949 17.3862 -9.118 12.1593 17.5527 -9.621
4 16 16.0057 17.3862 -9.118 16.7253 16.7932 -7.6602 13.1575 16.9823 -8.125 12.4949 17.3862 -9.118
2 24 16.0057 17.3862 -9.118 16.7253 16.7932 -7.6602
2 24 13.1575 16.9823 -8.125 12.4949 17.3862 -9.118
4 16 16.7253 16.7932 -7.6602 16.8611 16.6302 -7.2595 13.5847 16.6302 -7.2595 13.1575 16.9823 -8.125
2 24 16.7253 16.7932 -7.6602 16.8611 16.6302 -7.2595
2 24 13.5847 16.6302 -7.2595 13.1575 16.9823 -8.125
4 16 16.8611 16.6302 -7.2595 17.4288 15.6383 -5.5849 13.9536 16.1875 -6.5121 13.5847 16.6302 -7.2595
2 24 16.8611 16.6302 -7.2595 17.4288 15.6383 -5.5849
2 24 13.9536 16.1875 -6.5121 13.5847 16.6302 -7.2595
4 16 17.4288 15.6383 -5.5849 17.4457 15.588 -5.5 14.2967 15.588 -5.5 13.9536 16.1875 -6.5121
2 24 17.4288 15.6383 -5.5849 17.4457 15.588 -5.5
2 24 14.2967 15.588 -5.5 13.9536 16.1875 -6.5121
4 16 17.4457 15.588 -5.5 17.77 14.2812 -3.868 14.5311 15.0343 -4.8085 14.2967 15.588 -5.5
2 24 17.4457 15.588 -5.5 17.77 14.2812 -3.868
2 24 14.5311 15.0343 -4.8085 14.2967 15.588 -5.5
3 16 17.77 14.2812 -3.868 14.7181 14.2812 -3.868 14.5311 15.0343 -4.8085
2 24 14.7181 14.2812 -3.868 14.5311 15.0343 -4.8085
4 16 17.77 14.2812 -3.868 17.8559 13.826 -3.4359 14.8818 13.4135 -3.0444 14.7181 14.2812 -3.868
2 24 17.77 14.2812 -3.868 17.8559 13.826 -3.4359
2 24 14.8818 13.4135 -3.0444 14.7181 14.2812 -3.868
4 16 17.8559 13.826 -3.4359 17.9246 12.7278 -2.3935 14.9247 12.7278 -2.3935 14.8818 13.4135 -3.0444
2 24 17.8559 13.826 -3.4359 17.9246 12.7278 -2.3935
2 24 14.9247 12.7278 -2.3935 14.8818 13.4135 -3.0444
4 16 17.9246 12.7278 -2.3935 18 10.9584 -1.099 15 11.1648 -1.25 14.9247 12.7278 -2.3935
2 24 17.9246 12.7278 -2.3935 18 10.9584 -1.099
2 24 15 11.1648 -1.25 14.9247 12.7278 -2.3935
3 16 15 11.1648 -1.25 18 10.9584 -1.099 15 10.9584 -1.099
4 16 18 10.9584 -1.099 18 9 -.01 15 9 -.01 15 10.9584 -1.099
4 16 18 9 -.01 18 6.8886 .8585 15 6.8886 .8585 15 9 -.01
4 16 18 6.8886 .8585 18 4.6584 1.4885 15 4.6584 1.4885 15 6.8886 .8585
4 16 18 4.6584 1.4885 18 2.349 1.871 15 2.349 1.871 15 4.6584 1.4885
4 16 18 2.349 1.871 18 0 2 15 0 2 15 2.349 1.871
4 16 18 10.9584 -1.099 18 11.1648 -1.25 18 0 0 18 9 -.01
4 16 18 6.8886 .8585 18 9 -.01 18 0 0 18 4.6584 1.4885
4 16 18 2.349 1.871 18 4.6584 1.4885 18 0 0 18 0 2
2 24 18 10.9584 -1.099 18 9 -.01
2 24 18 9 -.01 18 6.8886 .8585
2 24 18 6.8886 .8585 18 4.6584 1.4885
2 24 18 4.6584 1.4885 18 2.349 1.871
2 24 18 2.349 1.871 18 0 2
4 16 15 0 0 15 11.1648 -1.25 15 10.9584 -1.099 15 9 -.01
4 16 15 0 0 15 9 -.01 15 6.8886 .8585 15 4.6584 1.4885
4 16 15 0 0 15 4.6584 1.4885 15 2.349 1.871 15 0 2
2 24 15 11.1648 -1.25 15 10.9584 -1.099
2 24 15 10.9584 -1.099 15 9 -.01
2 24 15 9 -.01 15 6.8886 .8585
2 24 15 6.8886 .8585 15 4.6584 1.4885
2 24 15 4.6584 1.4885 15 2.349 1.871
2 24 15 2.349 1.871 15 0 2
5 24 2.3098 -21.4568 -13 2.3098 -21.4568 -14.3889 1.7677 -22.2677 -13.659 2.5 -20.5 -13
5 24 2.3098 -17.9568 -16.625 2.3098 -17.9568 -17.0108 1.7677 -18.7677 -16.8081 2.5 -17 -16.625
5 24 2.3098 -16.426 -6 2.3243 -15.6706 -9.4443 2.5 -16.201 -9.4443 1.7677 -15.9394 -6
5 24 1.7677 -15.9394 -6 1.8234 -15.2211 -9.4443 2.3243 -15.6706 -9.4443 .9567 -15.6142 -6
5 24 .9567 -15.6142 -6 1.0741 -14.9206 -9.4443 1.8234 -15.2211 -9.4443 0 -15.5 -6
5 24 2.3243 -15.6706 -9.4443 2.5 -16.201 -9.4443 2.5 -17 -6 2.3655 -13.5187 -12.3639
5 24 2.3243 -15.6706 -9.4443 2.3655 -13.5187 -12.3639 2.5 -13.9246 -12.3639 1.8234 -15.2211 -9.4443
5 24 1.8234 -15.2211 -9.4443 2.3243 -15.6706 -9.4443 2.3098 -16.426 -6 1.9822 -13.1746 -12.3639
5 24 1.8234 -15.2211 -9.4443 1.9822 -13.1746 -12.3639 2.3655 -13.5187 -12.3639 1.0741 -14.9206 -9.4443
5 24 1.0741 -14.9206 -9.4443 1.8234 -15.2211 -9.4443 1.7677 -15.9394 -6 1.4087 -12.9447 -12.3639
5 24 1.0741 -14.9206 -9.4443 1.4087 -12.9447 -12.3639 1.9822 -13.1746 -12.3639 .1902 -14.8151 -9.4443
5 24 .1902 -14.8151 -9.4443 1.0741 -14.9206 -9.4443 .9567 -15.6142 -6 .7323 -12.8639 -12.3639
5 24 2.3655 -13.5187 -12.3639 2.5 -13.9246 -12.3639 2.5 -16.201 -9.4443 2.4272 -10.2987 -14.3151
5 24 2.3655 -13.5187 -12.3639 2.4272 -10.2987 -14.3151 2.5 -10.5183 -14.3151 1.9822 -13.1746 -12.3639
5 24 1.9822 -13.1746 -12.3639 2.3655 -13.5187 -12.3639 2.3243 -15.6706 -9.4443 2.2197 -10.1125 -14.3151
5 24 1.9822 -13.1746 -12.3639 2.2197 -10.1125 -14.3151 2.4272 -10.2987 -14.3151 1.4087 -12.9447 -12.3639
5 24 1.4087 -12.9447 -12.3639 1.9822 -13.1746 -12.3639 1.8234 -15.2211 -9.4443 1.9094 -9.988 -14.3151
5 24 1.4087 -12.9447 -12.3639 1.9094 -9.988 -14.3151 2.2197 -10.1125 -14.3151 .7323 -12.8639 -12.3639
5 24 .7323 -12.8639 -12.3639 1.4087 -12.9447 -12.3639 1.0741 -14.9206 -9.4443 1.5432 -9.9443 -14.3151
5 24 2.4272 -10.2987 -14.3151 2.5 -10.5183 -14.3151 2.5 -13.9246 -12.3639 2.5 -6.5 -15
5 24 2.4272 -10.2987 -14.3151 2.5 -6.5 -15 2.5 -10.5183 -14.3151 2.2197 -10.1125 -14.3151
5 24 2.2197 -10.1125 -14.3151 2.4272 -10.2987 -14.3151 2.3655 -13.5187 -12.3639 2.5 -6.5 -15
5 24 2.2197 -10.1125 -14.3151 2.5 -6.5 -15 2.4272 -10.2987 -14.3151 1.9094 -9.988 -14.3151
5 24 1.9094 -9.988 -14.3151 2.2197 -10.1125 -14.3151 1.9822 -13.1746 -12.3639 2.5 -6.5 -15
5 24 1.9094 -9.988 -14.3151 2.5 -6.5 -15 2.2197 -10.1125 -14.3151 1.5432 -9.9443 -14.3151
5 24 1.5432 -9.9443 -14.3151 1.9094 -9.988 -14.3151 1.4087 -12.9447 -12.3639 2.5 -6.5 -15
5 24 17.9246 12.7278 -2.3935 17.8559 -2 -3.4359 18 -2 -1.25 17.8559 13.826 -3.4359
5 24 17.8559 13.826 -3.4359 17.8559 -2 -3.4359 17.9246 12.7278 -2.3935 17.77 14.2812 -3.868
5 24 17.77 14.2812 -3.868 17.4288 -2 -5.5849 17.8559 -2 -3.4359 17.4457 15.588 -5.5
5 24 17.4457 15.588 -5.5 17.4288 -2 -5.5849 17.77 14.2812 -3.868 17.4288 15.6383 -5.5849
5 24 17.4288 15.6383 -5.5849 17.4288 -2 -5.5849 17.4457 15.588 -5.5 16.8611 16.6302 -7.2595
5 24 16.8611 16.6302 -7.2595 16.7253 -2 -7.6602 17.4288 -2 -5.5849 16.7253 16.7932 -7.6602
5 24 16.7253 16.7932 -7.6602 16.7253 -2 -7.6602 16.8611 16.6302 -7.2595 16.0057 17.3862 -9.118
5 24 16.0057 17.3862 -9.118 15.7555 -2 -9.625 16.7253 -2 -7.6602 15.7555 17.554 -9.625
5 24 15.7555 17.554 -9.625 15.7555 -2 -9.625 16.0057 17.3862 -9.118 14.8562 18 -10.9726
5 24 14.8562 18 -10.9726 14.5394 -2 -11.4474 15.7555 -2 -9.625 14.5394 18 -11.4474
5 24 14.5394 18 -11.4474 14.5394 -2 -11.4474 14.8562 18 -10.9726 13.0939 18 -13.0939
5 24 14.8818 -2 -3.0444 14.9247 12.7278 -2.3935 15 11.1648 -1.25 14.8818 13.4135 -3.0444
5 24 14.8818 -2 -3.0444 14.8818 13.4135 -3.0444 14.9247 12.7278 -2.3935 14.5311 -2 -4.8085
5 24 14.5311 -2 -4.8085 14.7181 14.2812 -3.868 14.8818 13.4135 -3.0444 14.5311 15.0343 -4.8085
5 24 14.5311 -2 -4.8085 14.5311 15.0343 -4.8085 14.7181 14.2812 -3.868 13.9536 -2 -6.5121
5 24 13.9536 -2 -6.5121 14.2967 15.588 -5.5 14.5311 15.0343 -4.8085 13.9536 16.1875 -6.5121
5 24 13.9536 -2 -6.5121 13.9536 16.1875 -6.5121 14.2967 15.588 -5.5 13.1575 -2 -8.125
5 24 13.1575 -2 -8.125 13.5847 16.6302 -7.2595 13.9536 16.1875 -6.5121 13.1575 16.9823 -8.125
5 24 13.1575 -2 -8.125 13.1575 16.9823 -8.125 13.5847 16.6302 -7.2595 12.1593 -2 -9.621
5 24 12.1593 -2 -9.621 12.4949 17.3862 -9.118 13.1575 16.9823 -8.125 12.1593 17.5527 -9.621
5 24 12.1593 -2 -9.621 12.1593 17.5527 -9.621 12.4949 17.3862 -9.118 10.9726 -2 -10.9726
5 24 2.5 -3.5 -18 1.25 -2 -18 -1.25 -2 -18 3.4359 -2 -17.8559
5 24 1.25 -2 -15 2.5 -3.5 -15 -2.5 -3.5 -15 3.0444 -2 -14.8818
5 24 2.5 -3.5 -18 3.4359 -2 -17.8559 1.25 -2 -18 5.5849 -2 -17.4288
5 24 3.0444 -2 -14.8818 2.5 -3.5 -15 1.25 -2 -15 4.8085 -2 -14.5311
5 24 4.8085 -2 -14.5311 2.5 -3.5 -18 2.5 -3.5 -15 5.5849 -2 -17.4288
5 24 15 11.1648 -1.25 15 -2 -1.25 14.8818 -2 -3.0444 15 0 0
5 24 18 -2 -1.25 18 11.1648 -1.25 17.9246 12.7278 -2.3935 18 -2 0
5 24 14.8562 18 -10.9726 10.9726 18 -10.9726 13.0939 18 -13.0939 15.7555 17.554 -9.625
5 24 15.7555 17.554 -9.625 12.1593 17.5527 -9.621 10.9726 18 -10.9726 16.0057 17.3862 -9.118
5 24 16.0057 17.3862 -9.118 12.4949 17.3862 -9.118 12.1593 17.5527 -9.621 16.7253 16.7932 -7.6602
5 24 16.7253 16.7932 -7.6602 13.1575 16.9823 -8.125 12.4949 17.3862 -9.118 16.8611 16.6302 -7.2595
5 24 16.8611 16.6302 -7.2595 13.5847 16.6302 -7.2595 13.1575 16.9823 -8.125 17.4288 15.6383 -5.5849
5 24 17.4288 15.6383 -5.5849 13.9536 16.1875 -6.5121 13.5847 16.6302 -7.2595 17.4457 15.588 -5.5
5 24 17.4457 15.588 -5.5 14.2967 15.588 -5.5 13.9536 16.1875 -6.5121 17.77 14.2812 -3.868
5 24 17.77 14.2812 -3.868 14.5311 15.0343 -4.8085 14.2967 15.588 -5.5 14.7181 14.2812 -3.868
5 24 17.77 14.2812 -3.868 14.7181 14.2812 -3.868 14.5311 15.0343 -4.8085 17.8559 13.826 -3.4359
5 24 17.8559 13.826 -3.4359 14.8818 13.4135 -3.0444 14.7181 14.2812 -3.868 17.9246 12.7278 -2.3935
5 24 17.9246 12.7278 -2.3935 14.9247 12.7278 -2.3935 14.8818 13.4135 -3.0444 18 10.9584 -1.099
5 24 18 10.9584 -1.099 15 11.1648 -1.25 14.9247 12.7278 -2.3935 15 10.9584 -1.099
5 24 18 10.9584 -1.099 15 10.9584 -1.099 15 11.1648 -1.25 18 9 -.01
5 24 18 9 -.01 15 9 -.01 15 10.9584 -1.099 18 6.8886 .8585
5 24 18 6.8886 .8585 15 6.8886 .8585 15 9 -.01 18 4.6584 1.4885
5 24 18 4.6584 1.4885 15 4.6584 1.4885 15 6.8886 .8585 18 2.349 1.871
5 24 18 2.349 1.871 15 2.349 1.871 15 4.6584 1.4885 18 0 2
5 24 2.5 -17 -16.625 2.5 -17 -17.25 2.3098 -17.9568 -17.0108 2.5 -14 -18
0 // right side
0 // "feather"
1 16 0 -24 -3 0 0 -2.5 -1.5 0 0 0 -7.75 0 1-4cyls.dat
1 16 0 -24 -10.75 -2.5 0 0 0 0 2.5 0 19.75 0 1-8cyli.dat
1 16 0 -24 -10.75 0 0 -2.5 -2.5 0 0 0 -4.25 0 1-8cyls2.dat
1 16 0 -24 -10.75 -2.5 0 0 0 0 2.5 0 1 -4.25 1-8disc.dat
1 16 0 -24 -10.75 -2.5 0 0 0 0 2.5 0 1 -4.25 1-8edge.dat
1 16 0 -20.5 7.5 0 0 -2.5 2.5 0 0 0 2.5 0 1-4cyls2.dat
1 16 0 -20.5 7.5 0 0 -2.5 0 -2.5 0 -2.5 0 0 1-4cyls2.dat
1 16 0 -20.5 -13 -2.5 0 0 0 0 -2.5 0 20.5 0 1-8cyli.dat
4 16 -1.7677 -22.2677 -13.659 -2.3098 -21.4568 -14.3889 -2.3098 -21.4568 -13 -1.7677 -22.2677 -13
4 16 -2.3098 -21.4568 -14.3889 -2.5 -20.5 -15.25 -2.5 -20.5 -13 -2.3098 -21.4568 -13
1 16 0 -20.5 -15.25 -2.5 0 0 0 0 -2.5 0 1 2.25 1-8disc.dat
1 16 0 -20.5 -15.25 -2.5 0 0 0 0 -2.5 0 1 2.25 1-8edge.dat
1 16 0 -20.5 -15.25 -2.5 0 0 0 0 2.5 0 1 -2.25 1-8edge.dat
1 16 0 -20.5 -15.25 -2.5 0 0 0 0 2.5 0 1 -2.25 1-8disc.dat
1 16 0 -20.5 -15.25 -2.5 0 0 0 0 2.5 0 21.25 0 1-8cyli.dat
1 16 0 -20.5 -15.25 0 0 -2.5 -2.5 0 0 0 -2.25 0 1-8cyls2.dat
1 16 0 -17 4.5 -2.5 0 0 0 0 -2.5 0 -21.125 0 1-8cyli.dat
1 16 0 -17 -17.25 -2.5 0 0 0 0 -2.5 0 1 0.625 1-8disc.dat
4 16 -1.7677 -18.7677 -16.8081 -2.3098 -17.9568 -17.0108 -2.3098 -17.9568 -16.625 -1.7677 -18.7677 -16.625
4 16 -2.3098 -17.9568 -17.0108 -2.5 -17 -17.25 -2.5 -17 -16.625 -2.3098 -17.9568 -16.625
1 16 0 -17 -17.25 -2.5 0 0 0 0 -2.5 0 1 0.625 1-8edge.dat
1 16 0 -17 4.5 0 0 -2.5 2.5 0 0 0 2.5 0 1-4cyls2.dat
1 16 0 -17 4.5 0 0 -2.5 0 -2.5 0 -2.5 0 0 1-4cyls2.dat
0 BFC INVERTNEXT
1 16 0 -6.5 -6 0 -2.5 0 -9 0 0 0 0 -9 1-4cyls.dat
1 16 -2.5 -6.5 -6 0 1 0 -10.5 0 0 0 0 -9 1-4ndis.dat
4 16 -2.3098 -16.426 -6 -2.5 -17 -6 -2.5 -16.201 -9.4443 -2.3243 -15.6706 -9.4443
4 16 -1.7677 -15.9394 -6 -2.3098 -16.426 -6 -2.3243 -15.6706 -9.4443 -1.8234 -15.2211 -9.4443
4 16 -0.9567 -15.6142 -6 -1.7677 -15.9394 -6 -1.8234 -15.2211 -9.4443 -1.0741 -14.9206 -9.4443
4 16 0 -15.5 -6 -0.9567 -15.6142 -6 -1.0741 -14.9206 -9.4443 -0.1902 -14.8151 -9.4443
4 16 -2.3243 -15.6706 -9.4443 -2.5 -16.201 -9.4443 -2.5 -13.9246 -12.3639 -2.3655 -13.5187 -12.3639
4 16 -1.8234 -15.2211 -9.4443 -2.3243 -15.6706 -9.4443 -2.3655 -13.5187 -12.3639 -1.9822 -13.1746 -12.3639
4 16 -1.0741 -14.9206 -9.4443 -1.8234 -15.2211 -9.4443 -1.9822 -13.1746 -12.3639 -1.4087 -12.9447 -12.3639
4 16 -0.1902 -14.8151 -9.4443 -1.0741 -14.9206 -9.4443 -1.4087 -12.9447 -12.3639 -0.7323 -12.8639 -12.3639
4 16 -2.3655 -13.5187 -12.3639 -2.5 -13.9246 -12.3639 -2.5 -10.5183 -14.3151 -2.4272 -10.2987 -14.3151
4 16 -1.9822 -13.1746 -12.3639 -2.3655 -13.5187 -12.3639 -2.4272 -10.2987 -14.3151 -2.2197 -10.1125 -14.3151
4 16 -1.4087 -12.9447 -12.3639 -1.9822 -13.1746 -12.3639 -2.2197 -10.1125 -14.3151 -1.9094 -9.988 -14.3151
4 16 -1.5432 -9.9443 -14.3151 -0.7323 -12.8639 -12.3639 -1.4087 -12.9447 -12.3639 -1.9094 -9.988 -14.3151
3 16 -2.5 -10.5183 -14.3151 -2.5 -6.5 -15 -2.4272 -10.2987 -14.3151
3 16 -2.4272 -10.2987 -14.3151 -2.5 -6.5 -15 -2.2197 -10.1125 -14.3151
3 16 -2.2197 -10.1125 -14.3151 -2.5 -6.5 -15 -1.9094 -9.988 -14.3151
3 16 -1.9094 -9.988 -14.3151 -2.5 -6.5 -15 -1.5432 -9.9443 -14.3151
5 24 -2.5 -16.201 -9.4443 -2.5 -17 -6 -2.3243 -15.6706 -9.4443 -2.5 -17 -9.4443
5 24 0 -15.5 -6 -0.1902 -14.8151 -9.4443 -1.0741 -14.9206 -9.4443 0 -14.8151 -9.4443
5 24 -2.5 -13.9246 -12.3639 -2.5 -16.201 -9.4443 -2.3655 -13.5187 -12.3639 -2.5 -17 -12.3639
5 24 -0.7323 -12.8639 -12.3639 -0.1902 -14.8151 -9.4443 -1.4087 -12.9447 -12.3639 0 -12.8639 -12.3639
5 24 -2.5 -10.5183 -14.3151 -2.5 -13.9246 -12.3639 -2.4272 -10.2987 -14.3151 -2.5 -17 -14.3151
5 24 -0.7323 -12.8639 -12.3639 -1.5432 -9.9443 -14.3151 -1.9094 -9.988 -14.3151 0 -9.9443 -14.3151
5 24 -2.5 -6.5 -15 -2.5 -10.5183 -14.3151 -2.4272 -10.2987 -14.3151 -2.5 -17 -14.3151
5 24 -1.5432 -9.9443 -14.3151 -2.5 -6.5 -15 -1.9094 -9.988 -14.3151 0 -9.9443 -14.3151
2 24 -2.5 -17 -17.25 -2.5 -14 -18
2 24 -2.5 -14 -18 -2.5 -3.5 -18
2 24 -2.5 -6.5 -15 -2.5 -3.5 -15
3 16 -2.5 -17 -15 -2.5 -17 -17.25 -2.5 -14 -18
4 16 -2.5 -3.5 -18 -2.5 -3.5 -15 -2.5 -17 -15 -2.5 -14 -18
2 24 -2.5 -3.5 -18 -2.5 -3.5 -15
4 16 -1.25 6.5 -15 -1.25 11 -15 -1.25 11 -18 -1.25 6.5 -18
2 24 -1.25 6.5 -18 -1.25 11 -18
2 24 -1.25 6.5 -15 -1.25 11 -15
2 24 -1.25 6.5 -15 -1.25 6.5 -18
1 16 -15 0 0 0 1 0 2 0 0 0 0 2 4-8sphe.dat
1 16 -15 0 0 0 -1 0 -2 0 0 0 0 -2 3-4edge.dat
1 16 -15 0 0 0 -1 0 2 0 0 0 0 -2 2-4ndis.dat
1 16 -15 0 0 0 -3 0 -2 0 0 0 0 2 1-4cyli.dat
1 16 -18 0 0 0 -1 0 -2 0 0 0 0 2 1-4edge.dat
1 16 -18 0 0 0 1 0 -2 0 0 0 0 2 1-4disc.dat
1 16 -1.25 18 -1.25 0 0 -16.75 0 1 0 -16.75 0 0 48\1-8edge.dat
2 24 -5.5849 -2 -17.4288 -7.6602 -2 -16.7253
2 24 -7.6602 -2 -16.7253 -9.625 -2 -15.7555
2 24 -9.625 -2 -15.7555 -11.4474 -2 -14.5394
2 24 -11.4474 -2 -14.5394 -13.0939 -2 -13.0939
2 24 -13.0939 -2 -13.0939 -14.5394 -2 -11.4474
2 24 -14.5394 -2 -11.4474 -15.7555 -2 -9.625
2 24 -15.7555 -2 -9.625 -16.7253 -2 -7.6602
2 24 -16.7253 -2 -7.6602 -17.4288 -2 -5.5849
2 24 -17.4288 -2 -5.5849 -17.8559 -2 -3.4359
2 24 -17.8559 -2 -3.4359 -18 -2 -1.25
2 24 -1.25 4 -18 -3.4359 4 -17.8559
2 24 -3.4359 4 -17.8559 -5.5849 4 -17.4288
2 24 -5.5849 4 -17.4288 -7.6602 4 -16.7253
2 24 -7.6602 4 -16.7253 -9.625 4 -15.7555
2 24 -1.25 6.5 -18 -3.4359 6.5 -17.8559
2 24 -3.4359 6.5 -17.8559 -5.5849 6.5 -17.4288
2 24 -5.5849 6.5 -17.4288 -7.6602 6.5 -16.7253
2 24 -7.6602 6.5 -16.7253 -9.625 6.5 -15.7555
2 24 -4.8085 -2 -14.5311 -6.5121 -2 -13.9536
2 24 -6.5121 -2 -13.9536 -8.125 -2 -13.1575
2 24 -8.125 -2 -13.1575 -9.621 -2 -12.1593
2 24 -9.621 -2 -12.1593 -10.9726 -2 -10.9726
2 24 -10.9726 -2 -10.9726 -12.1593 -2 -9.621
2 24 -12.1593 -2 -9.621 -13.1575 -2 -8.125
2 24 -13.1575 -2 -8.125 -13.9536 -2 -6.5121
2 24 -13.9536 -2 -6.5121 -14.5311 -2 -4.8085
2 24 -14.5311 -2 -4.8085 -14.8818 -2 -3.0444
2 24 -14.8818 -2 -3.0444 -15 -2 -1.25
2 24 -1.25 4 -15 -3.0444 4 -14.8818
2 24 -3.0444 4 -14.8818 -4.8085 4 -14.5311
2 24 -4.8085 4 -14.5311 -6.5121 4 -13.9536
2 24 -6.5121 4 -13.9536 -8.125 4 -13.1575
2 24 -8.125 4 -13.1575 -9.621 4 -12.1593
2 24 -1.25 6.5 -15 -3.0444 6.5 -14.8818
2 24 -3.0444 6.5 -14.8818 -4.8085 6.5 -14.5311
2 24 -4.8085 6.5 -14.5311 -6.5121 6.5 -13.9536
2 24 -6.5121 6.5 -13.9536 -8.125 6.5 -13.1575
2 24 -8.125 6.5 -13.1575 -9.621 6.5 -12.1593
1 16 -1.25 18 -1.25 0 0 -13.75 0 1 0 -13.75 0 0 48\1-8edge.dat
1 16 -1.25 -2 -1.25 0 0 -16.75 0 6 0 -16.75 0 0 48\1-8cyli.dat
1 16 -1.25 6.5 -1.25 0 0 -16.75 0 11.5 0 -16.75 0 0 48\1-8cyli.dat
0 BFC INVERTNEXT
1 16 -1.25 -2 -1.25 0 0 -13.75 0 6 0 -13.75 0 0 48\1-8cyli.dat
0 BFC INVERTNEXT
1 16 -1.25 6.5 -1.25 0 0 -13.75 0 11.5 0 -13.75 0 0 48\1-8cyli.dat
4 16 -5.5849 -2 -17.4288 -7.6602 -2 -16.7253 -6.5121 -2 -13.9536 -4.8085 -2 -14.5311
4 16 -7.6602 -2 -16.7253 -9.625 -2 -15.7555 -8.125 -2 -13.1575 -6.5121 -2 -13.9536
4 16 -9.625 -2 -15.7555 -11.4474 -2 -14.5394 -9.621 -2 -12.1593 -8.125 -2 -13.1575
4 16 -11.4474 -2 -14.5394 -13.0939 -2 -13.0939 -10.9726 -2 -10.9726 -9.621 -2 -12.1593
4 16 -13.0939 -2 -13.0939 -14.5394 -2 -11.4474 -12.1593 -2 -9.621 -10.9726 -2 -10.9726
4 16 -14.5394 -2 -11.4474 -15.7555 -2 -9.625 -13.1575 -2 -8.125 -12.1593 -2 -9.621
4 16 -15.7555 -2 -9.625 -16.7253 -2 -7.6602 -13.9536 -2 -6.5121 -13.1575 -2 -8.125
4 16 -16.7253 -2 -7.6602 -17.4288 -2 -5.5849 -14.5311 -2 -4.8085 -13.9536 -2 -6.5121
4 16 -17.4288 -2 -5.5849 -17.8559 -2 -3.4359 -14.8818 -2 -3.0444 -14.5311 -2 -4.8085
4 16 -17.8559 -2 -3.4359 -18 -2 -1.25 -15 -2 -1.25 -14.8818 -2 -3.0444
1 16 -1.25 4 -1.25 0 0 -1.675 0 -1 0 -1.675 0 0 48\1-8ring9.dat
1 16 -1.25 4 -1.25 0 0 -1.375 0 -1 0 -1.375 0 0 48\1-8ring10.dat
1 16 -1.25 6.5 -1.25 0 0 -1.675 0 1 0 -1.675 0 0 48\1-8ring9.dat
1 16 -1.25 6.5 -1.25 0 0 -1.375 0 1 0 -1.375 0 0 48\1-8ring10.dat
1 16 -1.25 18 -1.25 0 0 -1.675 0 -1 0 -1.675 0 0 48\1-8ring9.dat
1 16 -1.25 18 -1.25 0 0 -1.375 0 -1 0 -1.375 0 0 48\1-8ring10.dat
1 16 -9.625 5.25 -15.7555 0 0 -1.25 -1.25 0 0 0 1 0.8341 2-4ndis.dat
1 16 -9.625 5.25 -15.7555 0 0 -1.25 -1.25 0 0 0 1 0.8341 2-4edge.dat
0 BFC INVERTNEXT
1 16 -9.625 5.25 -15.7555 0 0 -1.25 -1.25 0 0 0 3.5997 0.8341 2-4cyli.dat
1 16 -9.625 5.25 -12.1558 0 0 -1.25 -1.25 0 0 0 1 1.101 2-4edge.dat
0 BFC INVERTNEXT
1 16 -9.625 5.25 -12.1558 0 0 -1.25 -1.25 0 0 0 1 1.101 2-4ndis.dat
0 BFC INVERTNEXT
1 16 -9.625 5.25 -12.1558 1.25 0 0 0 0 -1.25 -0.8341 0.2669 0 1-4cyls2.dat
0 BFC INVERTNEXT
1 16 -9.625 5.25 -12.1558 1.25 0 0 0 0 1.25 -0.8341 0.2669 0 1-4cyls2.dat
5 24 -10.9726 4 -10.9726 -10.9726 6.5 -10.9726 -10.875 4 -11.0583 -12.1593 4 -9.621
4 16 -10.9726 4 -10.9726 -10.9726 6.5 -10.9726 -10.875 6.5 -11.0583 -10.875 4 -11.0583
4 16 -10.875 6.5 -14.9214 -11.4474 6.5 -14.5394 -11.4474 4 -14.5394 -10.875 4 -14.9214
5 24 -11.4474 4 -14.5394 -11.4474 6.5 -14.5394 -10.875 4 -14.9214 -13.0939 4 -13.0939
4 16 -11.4474 6.5 -14.5394 -13.0939 6.5 -13.0939 -13.0939 4 -13.0939 -11.4474 4 -14.5394
5 24 -13.0939 4 -13.0939 -13.0939 6.5 -13.0939 -11.4474 4 -14.5394 -14.5394 4 -11.4474
4 16 -18 11.1648 -1.25 -18 -2 -1.25 -17.8559 -2 -3.4359 -17.9246 12.7278 -2.3935
3 16 -17.8559 -2 -3.4359 -17.8559 13.826 -3.4359 -17.9246 12.7278 -2.3935
4 16 -17.8559 13.826 -3.4359 -17.8559 -2 -3.4359 -17.4288 -2 -5.5849 -17.77 14.2812 -3.868
3 16 -17.4288 -2 -5.5849 -17.4457 15.588 -5.5 -17.77 14.2812 -3.868
3 16 -17.4288 -2 -5.5849 -17.4288 15.6383 -5.5849 -17.4457 15.588 -5.5
4 16 -17.4288 15.6383 -5.5849 -17.4288 -2 -5.5849 -16.7253 -2 -7.6602 -16.8611 16.6302 -7.2595
3 16 -16.7253 -2 -7.6602 -16.7253 16.7932 -7.6602 -16.8611 16.6302 -7.2595
4 16 -16.7253 16.7932 -7.6602 -16.7253 -2 -7.6602 -15.7555 -2 -9.625 -16.0057 17.3862 -9.118
3 16 -15.7555 -2 -9.625 -15.7555 17.554 -9.625 -16.0057 17.3862 -9.118
4 16 -15.7555 17.554 -9.625 -15.7555 -2 -9.625 -14.5394 -2 -11.4474 -14.8562 18 -10.9726
3 16 -14.5394 -2 -11.4474 -14.5394 18 -11.4474 -14.8562 18 -10.9726
4 16 -14.5394 18 -11.4474 -14.5394 -2 -11.4474 -13.0939 -2 -13.0939 -13.0939 18 -13.0939
4 16 -15 11.1648 -1.25 -14.9247 12.7278 -2.3935 -14.8818 -2 -3.0444 -15 -2 -1.25
3 16 -14.9247 12.7278 -2.3935 -14.8818 13.4135 -3.0444 -14.8818 -2 -3.0444
4 16 -14.8818 13.4135 -3.0444 -14.7181 14.2812 -3.868 -14.5311 -2 -4.8085 -14.8818 -2 -3.0444
3 16 -14.7181 14.2812 -3.868 -14.5311 15.0343 -4.8085 -14.5311 -2 -4.8085
4 16 -14.5311 15.0343 -4.8085 -14.2967 15.588 -5.5 -13.9536 -2 -6.5121 -14.5311 -2 -4.8085
3 16 -14.2967 15.588 -5.5 -13.9536 16.1875 -6.5121 -13.9536 -2 -6.5121
4 16 -13.9536 16.1875 -6.5121 -13.5847 16.6302 -7.2595 -13.1575 -2 -8.125 -13.9536 -2 -6.5121
3 16 -13.5847 16.6302 -7.2595 -13.1575 16.9823 -8.125 -13.1575 -2 -8.125
4 16 -13.1575 16.9823 -8.125 -12.4949 17.3862 -9.118 -12.1593 -2 -9.621 -13.1575 -2 -8.125
3 16 -12.4949 17.3862 -9.118 -12.1593 17.5527 -9.621 -12.1593 -2 -9.621
4 16 -12.1593 17.5527 -9.621 -10.9726 18 -10.9726 -10.9726 -2 -10.9726 -12.1593 -2 -9.621
3 16 -1.25 -2 -18 -3.4359 -2 -17.8559 -2.5 -3.5 -18
3 16 -2.5 -3.5 -15 -3.0444 -2 -14.8818 -1.25 -2 -15
3 16 -3.4359 -2 -17.8559 -5.5849 -2 -17.4288 -2.5 -3.5 -18
3 16 -2.5 -3.5 -15 -4.8085 -2 -14.5311 -3.0444 -2 -14.8818
3 16 -4.8085 -2 -14.5311 -2.5 -3.5 -15 -2.5 -3.5 -18
3 16 -4.8085 -2 -14.5311 -2.5 -3.5 -18 -5.5849 -2 -17.4288
2 24 -5.5849 -2 -17.4288 -2.5 -3.5 -18
2 24 -4.8085 -2 -14.5311 -2.5 -3.5 -15
2 24 -5.5849 -2 -17.4288 -4.8085 -2 -14.5311
4 16 -18 -2 0 -15 -2 0 -15 -2 -1.25 -18 -2 -1.25
2 24 -15 -2 0 -15 -2 -1.25
2 24 -18 -2 0 -18 -2 -1.25
4 16 -15 -2 -1.25 -15 -2 0 -15 0 0 -15 11.1648 -1.25
4 16 -18 -2 -1.25 -18 11.1648 -1.25 -18 0 0 -18 -2 0
4 16 -13.0939 18 -13.0939 -10.9726 18 -10.9726 -14.8562 18 -10.9726 -14.5394 18 -11.4474
2 24 -14.5394 18 -11.4474 -14.8562 18 -10.9726
2 24 -14.5394 18 -11.4474 -13.0939 18 -13.0939
4 16 -10.9726 18 -10.9726 -12.1593 17.5527 -9.621 -15.7555 17.554 -9.625 -14.8562 18 -10.9726
2 24 -14.8562 18 -10.9726 -15.7555 17.554 -9.625
2 24 -12.1593 17.5527 -9.621 -10.9726 18 -10.9726
4 16 -12.1593 17.5527 -9.621 -12.4949 17.3862 -9.118 -16.0057 17.3862 -9.118 -15.7555 17.554 -9.625
2 24 -15.7555 17.554 -9.625 -16.0057 17.3862 -9.118
2 24 -12.4949 17.3862 -9.118 -12.1593 17.5527 -9.621
4 16 -12.4949 17.3862 -9.118 -13.1575 16.9823 -8.125 -16.7253 16.7932 -7.6602 -16.0057 17.3862 -9.118
2 24 -16.0057 17.3862 -9.118 -16.7253 16.7932 -7.6602
2 24 -13.1575 16.9823 -8.125 -12.4949 17.3862 -9.118
4 16 -13.1575 16.9823 -8.125 -13.5847 16.6302 -7.2595 -16.8611 16.6302 -7.2595 -16.7253 16.7932 -7.6602
2 24 -16.7253 16.7932 -7.6602 -16.8611 16.6302 -7.2595
2 24 -13.5847 16.6302 -7.2595 -13.1575 16.9823 -8.125
4 16 -13.5847 16.6302 -7.2595 -13.9536 16.1875 -6.5121 -17.4288 15.6383 -5.5849 -16.8611 16.6302 -7.2595
2 24 -16.8611 16.6302 -7.2595 -17.4288 15.6383 -5.5849
2 24 -13.9536 16.1875 -6.5121 -13.5847 16.6302 -7.2595
4 16 -13.9536 16.1875 -6.5121 -14.2967 15.588 -5.5 -17.4457 15.588 -5.5 -17.4288 15.6383 -5.5849
2 24 -17.4288 15.6383 -5.5849 -17.4457 15.588 -5.5
2 24 -14.2967 15.588 -5.5 -13.9536 16.1875 -6.5121
4 16 -14.2967 15.588 -5.5 -14.5311 15.0343 -4.8085 -17.77 14.2812 -3.868 -17.4457 15.588 -5.5
2 24 -17.4457 15.588 -5.5 -17.77 14.2812 -3.868
2 24 -14.5311 15.0343 -4.8085 -14.2967 15.588 -5.5
3 16 -14.5311 15.0343 -4.8085 -14.7181 14.2812 -3.868 -17.77 14.2812 -3.868
2 24 -14.7181 14.2812 -3.868 -14.5311 15.0343 -4.8085
4 16 -14.7181 14.2812 -3.868 -14.8818 13.4135 -3.0444 -17.8559 13.826 -3.4359 -17.77 14.2812 -3.868
2 24 -17.77 14.2812 -3.868 -17.8559 13.826 -3.4359
2 24 -14.8818 13.4135 -3.0444 -14.7181 14.2812 -3.868
4 16 -14.8818 13.4135 -3.0444 -14.9247 12.7278 -2.3935 -17.9246 12.7278 -2.3935 -17.8559 13.826 -3.4359
2 24 -17.8559 13.826 -3.4359 -17.9246 12.7278 -2.3935
2 24 -14.9247 12.7278 -2.3935 -14.8818 13.4135 -3.0444
4 16 -14.9247 12.7278 -2.3935 -15 11.1648 -1.25 -18 10.9584 -1.099 -17.9246 12.7278 -2.3935
2 24 -17.9246 12.7278 -2.3935 -18 10.9584 -1.099
2 24 -15 11.1648 -1.25 -14.9247 12.7278 -2.3935
3 16 -15 10.9584 -1.099 -18 10.9584 -1.099 -15 11.1648 -1.25
4 16 -15 10.9584 -1.099 -15 9 -0.01 -18 9 -0.01 -18 10.9584 -1.099
4 16 -15 9 -0.01 -15 6.8886 0.8585 -18 6.8886 0.8585 -18 9 -0.01
4 16 -15 6.8886 0.8585 -15 4.6584 1.4885 -18 4.6584 1.4885 -18 6.8886 0.8585
4 16 -15 4.6584 1.4885 -15 2.349 1.871 -18 2.349 1.871 -18 4.6584 1.4885
4 16 -15 2.349 1.871 -15 0 2 -18 0 2 -18 2.349 1.871
4 16 -18 9 -0.01 -18 0 0 -18 11.1648 -1.25 -18 10.9584 -1.099
4 16 -18 4.6584 1.4885 -18 0 0 -18 9 -0.01 -18 6.8886 0.8585
4 16 -18 0 2 -18 0 0 -18 4.6584 1.4885 -18 2.349 1.871
2 24 -18 10.9584 -1.099 -18 9 -0.01
2 24 -18 9 -0.01 -18 6.8886 0.8585
2 24 -18 6.8886 0.8585 -18 4.6584 1.4885
2 24 -18 4.6584 1.4885 -18 2.349 1.871
2 24 -18 2.349 1.871 -18 0 2
4 16 -15 9 -0.01 -15 10.9584 -1.099 -15 11.1648 -1.25 -15 0 0
4 16 -15 4.6584 1.4885 -15 6.8886 0.8585 -15 9 -0.01 -15 0 0
4 16 -15 0 2 -15 2.349 1.871 -15 4.6584 1.4885 -15 0 0
2 24 -15 11.1648 -1.25 -15 10.9584 -1.099
2 24 -15 10.9584 -1.099 -15 9 -0.01
2 24 -15 9 -0.01 -15 6.8886 0.8585
2 24 -15 6.8886 0.8585 -15 4.6584 1.4885
2 24 -15 4.6584 1.4885 -15 2.349 1.871
2 24 -15 2.349 1.871 -15 0 2
5 24 -2.3098 -21.4568 -13 -2.3098 -21.4568 -14.3889 -1.7677 -22.2677 -13.659 -2.5 -20.5 -13
5 24 -2.3098 -17.9568 -16.625 -2.3098 -17.9568 -17.0108 -1.7677 -18.7677 -16.8081 -2.5 -17 -16.625
5 24 -2.3098 -16.426 -6 -2.3243 -15.6706 -9.4443 -2.5 -16.201 -9.4443 -1.7677 -15.9394 -6
5 24 -1.7677 -15.9394 -6 -1.8234 -15.2211 -9.4443 -2.3243 -15.6706 -9.4443 -0.9567 -15.6142 -6
5 24 -0.9567 -15.6142 -6 -1.0741 -14.9206 -9.4443 -1.8234 -15.2211 -9.4443 0 -15.5 -6
5 24 -2.3243 -15.6706 -9.4443 -2.5 -16.201 -9.4443 -2.5 -17 -6 -2.3655 -13.5187 -12.3639
5 24 -2.3243 -15.6706 -9.4443 -2.3655 -13.5187 -12.3639 -2.5 -13.9246 -12.3639 -1.8234 -15.2211 -9.4443
5 24 -1.8234 -15.2211 -9.4443 -2.3243 -15.6706 -9.4443 -2.3098 -16.426 -6 -1.9822 -13.1746 -12.3639
5 24 -1.8234 -15.2211 -9.4443 -1.9822 -13.1746 -12.3639 -2.3655 -13.5187 -12.3639 -1.0741 -14.9206 -9.4443
5 24 -1.0741 -14.9206 -9.4443 -1.8234 -15.2211 -9.4443 -1.7677 -15.9394 -6 -1.4087 -12.9447 -12.3639
5 24 -1.0741 -14.9206 -9.4443 -1.4087 -12.9447 -12.3639 -1.9822 -13.1746 -12.3639 -0.1902 -14.8151 -9.4443
5 24 -0.1902 -14.8151 -9.4443 -1.0741 -14.9206 -9.4443 -0.9567 -15.6142 -6 -0.7323 -12.8639 -12.3639
5 24 -2.3655 -13.5187 -12.3639 -2.5 -13.9246 -12.3639 -2.5 -16.201 -9.4443 -2.4272 -10.2987 -14.3151
5 24 -2.3655 -13.5187 -12.3639 -2.4272 -10.2987 -14.3151 -2.5 -10.5183 -14.3151 -1.9822 -13.1746 -12.3639
5 24 -1.9822 -13.1746 -12.3639 -2.3655 -13.5187 -12.3639 -2.3243 -15.6706 -9.4443 -2.2197 -10.1125 -14.3151
5 24 -1.9822 -13.1746 -12.3639 -2.2197 -10.1125 -14.3151 -2.4272 -10.2987 -14.3151 -1.4087 -12.9447 -12.3639
5 24 -1.4087 -12.9447 -12.3639 -1.9822 -13.1746 -12.3639 -1.8234 -15.2211 -9.4443 -1.9094 -9.988 -14.3151
5 24 -1.4087 -12.9447 -12.3639 -1.9094 -9.988 -14.3151 -2.2197 -10.1125 -14.3151 -0.7323 -12.8639 -12.3639
5 24 -0.7323 -12.8639 -12.3639 -1.4087 -12.9447 -12.3639 -1.0741 -14.9206 -9.4443 -1.5432 -9.9443 -14.3151
5 24 -2.4272 -10.2987 -14.3151 -2.5 -10.5183 -14.3151 -2.5 -13.9246 -12.3639 -2.5 -6.5 -15
5 24 -2.4272 -10.2987 -14.3151 -2.5 -6.5 -15 -2.5 -10.5183 -14.3151 -2.2197 -10.1125 -14.3151
5 24 -2.2197 -10.1125 -14.3151 -2.4272 -10.2987 -14.3151 -2.3655 -13.5187 -12.3639 -2.5 -6.5 -15
5 24 -2.2197 -10.1125 -14.3151 -2.5 -6.5 -15 -2.4272 -10.2987 -14.3151 -1.9094 -9.988 -14.3151
5 24 -1.9094 -9.988 -14.3151 -2.2197 -10.1125 -14.3151 -1.9822 -13.1746 -12.3639 -2.5 -6.5 -15
5 24 -1.9094 -9.988 -14.3151 -2.5 -6.5 -15 -2.2197 -10.1125 -14.3151 -1.5432 -9.9443 -14.3151
5 24 -1.5432 -9.9443 -14.3151 -1.9094 -9.988 -14.3151 -1.4087 -12.9447 -12.3639 -2.5 -6.5 -15
5 24 -17.9246 12.7278 -2.3935 -17.8559 -2 -3.4359 -18 -2 -1.25 -17.8559 13.826 -3.4359
5 24 -17.8559 13.826 -3.4359 -17.8559 -2 -3.4359 -17.9246 12.7278 -2.3935 -17.77 14.2812 -3.868
5 24 -17.77 14.2812 -3.868 -17.4288 -2 -5.5849 -17.8559 -2 -3.4359 -17.4457 15.588 -5.5
5 24 -17.4457 15.588 -5.5 -17.4288 -2 -5.5849 -17.77 14.2812 -3.868 -17.4288 15.6383 -5.5849
5 24 -17.4288 15.6383 -5.5849 -17.4288 -2 -5.5849 -17.4457 15.588 -5.5 -16.8611 16.6302 -7.2595
5 24 -16.8611 16.6302 -7.2595 -16.7253 -2 -7.6602 -17.4288 -2 -5.5849 -16.7253 16.7932 -7.6602
5 24 -16.7253 16.7932 -7.6602 -16.7253 -2 -7.6602 -16.8611 16.6302 -7.2595 -16.0057 17.3862 -9.118
5 24 -16.0057 17.3862 -9.118 -15.7555 -2 -9.625 -16.7253 -2 -7.6602 -15.7555 17.554 -9.625
5 24 -15.7555 17.554 -9.625 -15.7555 -2 -9.625 -16.0057 17.3862 -9.118 -14.8562 18 -10.9726
5 24 -14.8562 18 -10.9726 -14.5394 -2 -11.4474 -15.7555 -2 -9.625 -14.5394 18 -11.4474
5 24 -14.5394 18 -11.4474 -14.5394 -2 -11.4474 -14.8562 18 -10.9726 -13.0939 18 -13.0939
5 24 -14.8818 -2 -3.0444 -14.9247 12.7278 -2.3935 -15 11.1648 -1.25 -14.8818 13.4135 -3.0444
5 24 -14.8818 -2 -3.0444 -14.8818 13.4135 -3.0444 -14.9247 12.7278 -2.3935 -14.5311 -2 -4.8085
5 24 -14.5311 -2 -4.8085 -14.7181 14.2812 -3.868 -14.8818 13.4135 -3.0444 -14.5311 15.0343 -4.8085
5 24 -14.5311 -2 -4.8085 -14.5311 15.0343 -4.8085 -14.7181 14.2812 -3.868 -13.9536 -2 -6.5121
5 24 -13.9536 -2 -6.5121 -14.2967 15.588 -5.5 -14.5311 15.0343 -4.8085 -13.9536 16.1875 -6.5121
5 24 -13.9536 -2 -6.5121 -13.9536 16.1875 -6.5121 -14.2967 15.588 -5.5 -13.1575 -2 -8.125
5 24 -13.1575 -2 -8.125 -13.5847 16.6302 -7.2595 -13.9536 16.1875 -6.5121 -13.1575 16.9823 -8.125
5 24 -13.1575 -2 -8.125 -13.1575 16.9823 -8.125 -13.5847 16.6302 -7.2595 -12.1593 -2 -9.621
5 24 -12.1593 -2 -9.621 -12.4949 17.3862 -9.118 -13.1575 16.9823 -8.125 -12.1593 17.5527 -9.621
5 24 -12.1593 -2 -9.621 -12.1593 17.5527 -9.621 -12.4949 17.3862 -9.118 -10.9726 -2 -10.9726
5 24 -2.5 -3.5 -18 -1.25 -2 -18 1.25 -2 -18 -3.4359 -2 -17.8559
5 24 -1.25 -2 -15 -2.5 -3.5 -15 2.5 -3.5 -15 -3.0444 -2 -14.8818
5 24 -2.5 -3.5 -18 -3.4359 -2 -17.8559 -1.25 -2 -18 -5.5849 -2 -17.4288
5 24 -3.0444 -2 -14.8818 -2.5 -3.5 -15 -1.25 -2 -15 -4.8085 -2 -14.5311
5 24 -4.8085 -2 -14.5311 -2.5 -3.5 -18 -2.5 -3.5 -15 -5.5849 -2 -17.4288
5 24 -15 11.1648 -1.25 -15 -2 -1.25 -14.8818 -2 -3.0444 -15 0 0
5 24 -18 -2 -1.25 -18 11.1648 -1.25 -17.9246 12.7278 -2.3935 -18 -2 0
5 24 -14.8562 18 -10.9726 -10.9726 18 -10.9726 -13.0939 18 -13.0939 -15.7555 17.554 -9.625
5 24 -15.7555 17.554 -9.625 -12.1593 17.5527 -9.621 -10.9726 18 -10.9726 -16.0057 17.3862 -9.118
5 24 -16.0057 17.3862 -9.118 -12.4949 17.3862 -9.118 -12.1593 17.5527 -9.621 -16.7253 16.7932 -7.6602
5 24 -16.7253 16.7932 -7.6602 -13.1575 16.9823 -8.125 -12.4949 17.3862 -9.118 -16.8611 16.6302 -7.2595
5 24 -16.8611 16.6302 -7.2595 -13.5847 16.6302 -7.2595 -13.1575 16.9823 -8.125 -17.4288 15.6383 -5.5849
5 24 -17.4288 15.6383 -5.5849 -13.9536 16.1875 -6.5121 -13.5847 16.6302 -7.2595 -17.4457 15.588 -5.5
5 24 -17.4457 15.588 -5.5 -14.2967 15.588 -5.5 -13.9536 16.1875 -6.5121 -17.77 14.2812 -3.868
5 24 -17.77 14.2812 -3.868 -14.5311 15.0343 -4.8085 -14.2967 15.588 -5.5 -14.7181 14.2812 -3.868
5 24 -17.77 14.2812 -3.868 -14.7181 14.2812 -3.868 -14.5311 15.0343 -4.8085 -17.8559 13.826 -3.4359
5 24 -17.8559 13.826 -3.4359 -14.8818 13.4135 -3.0444 -14.7181 14.2812 -3.868 -17.9246 12.7278 -2.3935
5 24 -17.9246 12.7278 -2.3935 -14.9247 12.7278 -2.3935 -14.8818 13.4135 -3.0444 -18 10.9584 -1.099
5 24 -18 10.9584 -1.099 -15 11.1648 -1.25 -14.9247 12.7278 -2.3935 -15 10.9584 -1.099
5 24 -18 10.9584 -1.099 -15 10.9584 -1.099 -15 11.1648 -1.25 -18 9 -0.01
5 24 -18 9 -0.01 -15 9 -0.01 -15 10.9584 -1.099 -18 6.8886 0.8585
5 24 -18 6.8886 0.8585 -15 6.8886 0.8585 -15 9 -0.01 -18 4.6584 1.4885
5 24 -18 4.6584 1.4885 -15 4.6584 1.4885 -15 6.8886 0.8585 -18 2.349 1.871
5 24 -18 2.349 1.871 -15 2.349 1.871 -15 4.6584 1.4885 -18 0 2
5 24 -2.5 -17 -16.625 -2.5 -17 -17.25 -2.3098 -17.9568 -17.0108 -2.5 -14 -18
