0 ~Minifig Skeleton Leg with Black Square Foot, Leg
0 Name: 93612.dat
0 Author: J.C. Tchang [tchang]
0 !LDRAW_ORG Unofficial_Part
0 !LICENSE Redistributable under CCAL version 2.0 : see CAreadme.txt

0 BFC CERTIFY CCW

0 !HISTORY 2012-05-05 [tchang] New part
0 !HISTORY 2012-05-20 [tchang] Suppress T-junctions and rebuild rect2 on clip
0 !HISTORY 2012-06-06 [tchang] Made subpart, rebuild attachment
0 !HISTORY 2012-07-09 [tchang] Add missing line, corrected gaps

4 16 -3 22 0 -2.772 22 1.148 2.772 22 1.148 3 22 0
4 16 2.202 22 2 2.772 22 1.148 -2.772 22 1.148 -2.202 22 2
4 16 3 22 0 2.772 22 -1.148 -2.772 22 -1.148 -3 22 0
4 16 -2.202 22 -2 -2.772 22 -1.148 2.772 22 -1.148 2.202 22 -2
2 24 3 22 0 2.772 22 1.148
2 24 2.772 22 1.148 2.202 22 2
2 24 2.772 22 -1.148 3 22 0
2 24 2.202 22 -2 2.772 22 -1.148
2 24 -2.772 22 1.148 -3 22 0
2 24 -2.202 22 2 -2.772 22 1.148
2 24 -3 22 0 -2.772 22 -1.148
2 24 -2.772 22 -1.148 -2.202 22 -2
2 24 -2.202 22 2 2.202 22 2
2 24 2.202 22 -2 -2.202 22 -2
0 //
4 16 4.5 16 0 3 22 0 2.772 22 1.148 4.158 16 1.722
4 16 3 17.029 3 3.304 16 3 4.158 16 1.722 2.224 21.697 2.101
4 16 2.202 22 2 2.224 21.697 2.101 4.158 16 1.722 2.772 22 1.148
3 16 2.258 21.227 2.258 3 17.029 3 2.224 21.697 2.101
3 16 2.258 21.227 2.258 2.13 19 3 3 17.029 3
4 16 4.158 16 -1.722 2.772 22 -1.148 3 22 0 4.5 16 0
4 16 2.224 21.697 -2.101 4.158 16 -1.722 3.304 16 -3 3 17.029 -3
4 16 2.772 22 -1.148 4.158 16 -1.722 2.224 21.697 -2.101 2.202 22 -2
3 16 2.224 21.697 -2.101 3 17.029 -3 2.258 21.227 -2.258
3 16 3 17.029 -3 2.13 19 -3 2.258 21.227 -2.258
4 16 -4.158 16 1.722 -2.772 22 1.148 -3 22 0 -4.5 16 0
4 16 -2.224 21.697 2.101 -4.158 16 1.722 -3.304 16 3 -3 17.029 3
4 16 -2.772 22 1.148 -4.158 16 1.722 -2.224 21.697 2.101 -2.202 22 2
3 16 -2.224 21.697 2.101 -3 17.029 3 -2.258 21.227 2.258
3 16 -3 17.029 3 -2.13 19 3 -2.258 21.227 2.258
4 16 -4.5 16 0 -3 22 0 -2.772 22 -1.148 -4.158 16 -1.722
4 16 -3 17.029 -3 -3.304 16 -3 -4.158 16 -1.722 -2.224 21.697 -2.101
4 16 -2.202 22 -2 -2.224 21.697 -2.101 -4.158 16 -1.722 -2.772 22 -1.148
3 16 -2.258 21.227 -2.258 -3 17.029 -3 -2.224 21.697 -2.101
3 16 -2.258 21.227 -2.258 -2.13 19 -3 -3 17.029 -3
0 //
4 16 -2.202 22 2 -2.224 21.697 2.101 2.224 21.697 2.101 2.202 22 2
4 16 2.258 21.227 2.258 2.224 21.697 2.101 -2.224 21.697 2.101 -2.258 21.227 2.258
4 16 -2.258 21.227 2.258 -2.13 19 3 2.13 19 3 2.258 21.227 2.258
4 16 -2.13 19 3 -3 17.029 3 3 17.029 3 2.13 19 3
4 16 -3 17.029 3 -3.304 16 3 3.304 16 3 3 17.029 3
4 16 2.202 22 -2 2.224 21.697 -2.101 -2.224 21.697 -2.101 -2.202 22 -2
4 16 -2.258 21.227 -2.258 -2.224 21.697 -2.101 2.224 21.697 -2.101 2.258 21.227 -2.258
4 16 2.258 21.227 -2.258 2.13 19 -3 -2.13 19 -3 -2.258 21.227 -2.258
4 16 2.13 19 -3 3 17.029 -3 -3 17.029 -3 -2.13 19 -3
4 16 3 17.029 -3 3.304 16 -3 -3.304 16 -3 -3 17.029 -3
0 //
2 24 3 17.029 3 3.304 16 3
2 24 2.202 22 2 2.224 21.697 2.101
2 24 2.224 21.697 2.101 2.258 21.227 2.258
2 24 2.258 21.227 2.258 2.13 19 3
2 24 2.13 19 3 3 17.029 3
2 24 3.304 16 -3 3 17.029 -3
2 24 2.224 21.697 -2.101 2.202 22 -2
2 24 2.258 21.227 -2.258 2.224 21.697 -2.101
2 24 3 17.029 -3 2.13 19 -3
2 24 2.13 19 -3 2.258 21.227 -2.258
2 24 -3.304 16 3 -3 17.029 3
2 24 -2.224 21.697 2.101 -2.202 22 2
2 24 -2.258 21.227 2.258 -2.224 21.697 2.101
2 24 -3 17.029 3 -2.13 19 3
2 24 -2.13 19 3 -2.258 21.227 2.258
2 24 -2.202 22 -2 -2.224 21.697 -2.101
2 24 -3 17.029 -3 -3.304 16 -3
2 24 -2.224 21.697 -2.101 -2.258 21.227 -2.258
2 24 -2.258 21.227 -2.258 -2.13 19 -3
2 24 -2.13 19 -3 -3 17.029 -3
2 24 -2.13 19 3 2.13 19 3
2 24 2.13 19 -3 -2.13 19 -3
5 24 4.5 16 0 3 22 0 2.772 22 1.148 4.158 16 -1.722
5 24 2.772 22 1.148 4.158 16 1.722 4.5 16 0 2.202 22 2
5 24 2.224 21.697 2.101 3 17.029 3 3.304 16 3 2.258 21.227 2.258
5 24 2.258 21.227 2.258 3 17.029 3 2.224 21.697 2.101 2.13 19 3
5 24 4.158 16 -1.722 2.772 22 -1.148 3 22 0 2.224 21.697 -2.101
5 24 3 17.029 -3 2.224 21.697 -2.101 4.158 16 -1.722 2.258 21.227 -2.258
5 24 3 17.029 -3 2.258 21.227 -2.258 2.224 21.697 -2.101 2.13 19 -3
5 24 -4.158 16 1.722 -2.772 22 1.148 -3 22 0 -2.224 21.697 2.101
5 24 -3 22 0 -4.5 16 0 -4.158 16 1.722 -2.772 22 -1.148
5 24 -3 17.029 3 -2.224 21.697 2.101 -4.158 16 1.722 -2.258 21.227 2.258
5 24 -3 17.029 3 -2.258 21.227 2.258 -2.224 21.697 2.101 -2.13 19 3
5 24 -2.772 22 -1.148 -4.158 16 -1.722 -4.5 16 0 -2.202 22 -2
5 24 -2.224 21.697 -2.101 -3 17.029 -3 -3.304 16 -3 -2.258 21.227 -2.258
5 24 -2.258 21.227 -2.258 -3 17.029 -3 -2.224 21.697 -2.101 -2.13 19 -3
0 //
2 24 4.158 16 1.722 4.5 16 0
2 24 3.304 16 3 4.158 16 1.722
2 24 4.5 16 0 4.158 16 -1.722
2 24 4.158 16 -1.722 3.304 16 -3
2 24 -4.5 16 0 -4.158 16 1.722
2 24 -4.158 16 1.722 -3.304 16 3
2 24 -4.158 16 -1.722 -4.5 16 0
2 24 -3.304 16 -3 -4.158 16 -1.722
2 24 -3.304 16 3 -2.571 16 3
2 24 3.304 16 3 2.571 16 3
2 24 2.571 16 -3 3.304 16 -3
2 24 -2.571 16 -3 -3.304 16 -3
0 //
3 16 3.304 16 3 2.571 16 3 2.828 16 2.828
4 16 2.828 16 2.828 3.696 16 1.531 4.158 16 1.722 3.304 16 3
4 16 4.5 16 0 4.158 16 1.722 3.696 16 1.531 4 16 0
4 16 2.828 16 2.828 2.571 16 3 2.571 12 3 2.828 12 2.828
4 16 3.696 16 1.531 2.828 16 2.828 2.828 12 2.828 3.696 12 1.531
4 16 4 16 0 3.696 16 1.531 3.696 12 1.531 4 12 0
3 16 2.828 16 -2.828 2.571 16 -3 3.304 16 -3
4 16 3.304 16 -3 4.158 16 -1.722 3.696 16 -1.531 2.828 16 -2.828
4 16 4 16 0 3.696 16 -1.531 4.158 16 -1.722 4.5 16 0
4 16 2.828 12 -2.828 2.571 12 -3 2.571 16 -3 2.828 16 -2.828
4 16 3.696 12 -1.531 2.828 12 -2.828 2.828 16 -2.828 3.696 16 -1.531
4 16 4 12 0 3.696 12 -1.531 3.696 16 -1.531 4 16 0
3 16 -2.828 16 2.828 -2.571 16 3 -3.304 16 3
4 16 -3.304 16 3 -4.158 16 1.722 -3.696 16 1.531 -2.828 16 2.828
4 16 -4 16 0 -3.696 16 1.531 -4.158 16 1.722 -4.5 16 0
4 16 -2.828 12 2.828 -2.571 12 3 -2.571 16 3 -2.828 16 2.828
4 16 -3.696 12 1.531 -2.828 12 2.828 -2.828 16 2.828 -3.696 16 1.531
4 16 -4 12 0 -3.696 12 1.531 -3.696 16 1.531 -4 16 0
3 16 -3.304 16 -3 -2.571 16 -3 -2.828 16 -2.828
4 16 -2.828 16 -2.828 -3.696 16 -1.531 -4.158 16 -1.722 -3.304 16 -3
4 16 -4.5 16 0 -4.158 16 -1.722 -3.696 16 -1.531 -4 16 0
4 16 -2.828 16 -2.828 -2.571 16 -3 -2.571 12 -3 -2.828 12 -2.828
4 16 -3.696 16 -1.531 -2.828 16 -2.828 -2.828 12 -2.828 -3.696 12 -1.531
4 16 -4 16 0 -3.696 16 -1.531 -3.696 12 -1.531 -4 12 0
4 16 -2.571 16 3 -2.571 12 3 2.571 12 3 2.571 16 3
4 16 2.571 16 -3 2.571 12 -3 -2.571 12 -3 -2.571 16 -3
2 24 2.571 16 3 2.828 16 2.828
2 24 2.828 16 2.828 3.696 16 1.531
2 24 3.696 16 1.531 4 16 0
2 24 2.571 16 3 2.571 12 3
2 24 2.828 16 -2.828 2.571 16 -3
2 24 3.696 16 -1.531 2.828 16 -2.828
2 24 4 16 0 3.696 16 -1.531
2 24 2.571 12 -3 2.571 16 -3
2 24 -2.828 16 2.828 -2.571 16 3
2 24 -3.696 16 1.531 -2.828 16 2.828
2 24 -4 16 0 -3.696 16 1.531
2 24 -2.571 12 3 -2.571 16 3
2 24 -2.571 16 -3 -2.828 16 -2.828
2 24 -2.828 16 -2.828 -3.696 16 -1.531
2 24 -3.696 16 -1.531 -4 16 0
2 24 -2.571 16 -3 -2.571 12 -3
5 24 2.828 12 2.828 2.828 16 2.828 2.571 16 3 3.696 16 1.531
5 24 3.696 12 1.531 3.696 16 1.531 2.828 16 2.828 4 16 0
5 24 4 12 0 4 16 0 3.696 16 1.531 3.696 12 -1.531
5 24 2.828 16 -2.828 2.828 12 -2.828 2.571 12 -3 3.696 12 -1.531
5 24 3.696 16 -1.531 3.696 12 -1.531 2.828 12 -2.828 4 12 0
5 24 -2.828 16 2.828 -2.828 12 2.828 -2.571 12 3 -3.696 12 1.531
5 24 -3.696 16 1.531 -3.696 12 1.531 -2.828 12 2.828 -4 12 0
5 24 -4 16 0 -4 12 0 -3.696 12 1.531 -3.696 16 -1.531
5 24 -2.828 12 -2.828 -2.828 16 -2.828 -2.571 16 -3 -3.696 16 -1.531
5 24 -3.696 12 -1.531 -3.696 16 -1.531 -2.828 16 -2.828 -4 16 0
0 //
4 16 -2.571 12 3 -1.531 12 3.696 1.531 12 3.696 2.571 12 3
3 16 -1.531 12 3.696 0 12 4 1.531 12 3.696
4 16 2.571 12 -3 1.531 12 -3.696 -1.531 12 -3.696 -2.571 12 -3
3 16 1.531 12 -3.696 0 12 -4 -1.531 12 -3.696
2 24 2.571 12 3 1.531 12 3.696
2 24 1.531 12 3.696 0 12 4
2 24 -2.571 12 3 -1.531 12 3.696
2 24 -1.531 12 3.696 0 12 4
2 24 2.571 12 -3 1.531 12 -3.696
2 24 1.531 12 -3.696 0 12 -4
2 24 -2.571 12 -3 -1.531 12 -3.696
2 24 -1.531 12 -3.696 0 12 -4
2 24 2.571 12 3 -2.571 12 3
2 24 2.571 12 -3 -2.571 12 -3
0 //
1 16 0 12 0 4 0 0 0 -2.5 0 0 0 4 4-4cyli.dat
1 16 0 9.5 0 4 0 0 0 1 0 0 0 4 4-4edge.dat
1 16 4 7 0 0 -1 0 0 0 2.5 -4 0 0 2-4edge.dat
1 16 0 7 -4 -4 0 0 0 0 2.5 0 1 0 2-4edge.dat
1 16 -4 7 0 0 1 0 0 0 2.5 4 0 0 2-4edge.dat
1 16 0 7 4 4 0 0 0 0 2.5 0 -1 0 2-4edge.dat
1 16 0 7 0 0 0 4 2.5 0 0 0 4 0 1-8sphc.dat
1 16 0 7 0 0 -4 0 2.5 0 0 0 0 4 1-8sphc.dat
1 16 0 7 0 0 0 -4 2.5 0 0 0 -4 0 1-8sphc.dat
1 16 0 7 0 0 4 0 2.5 0 0 0 0 -4 1-8sphc.dat
1 16 4 7 0 0 -1 0 0 0 2.5 -4 0 0 2-4disc.dat
1 16 0 7 -4 -4 0 0 0 0 2.5 0 1 0 2-4disc.dat
1 16 -4 7 0 0 1 0 0 0 2.5 4 0 0 2-4disc.dat
1 16 0 7 4 4 0 0 0 0 2.5 0 -1 0 2-4disc.dat
0 //
1 16 0 6.293 4 -4 0 0 0 0 -0.708 0 -1.029 0 rect3.dat
1 16 0 5.268 4.475 0 0 4 -0.3175 -7.6 0 0.475 -5.08 0 rect2p.dat
3 16 4 6.468 2.679 4 7 4 4 5.585 4
3 16 4 7 4 4 6.468 2.679 4 7 0
3 16 -4 5.585 4 -4 7 4 -4 6.468 2.679
3 16 -4 7 0 -4 6.468 2.679 -4 7 4
1 16 0 6.293 -4 4 0 0 0 0 -0.708 0 1 0 rect3.dat
1 16 0 5.267 -4.475 0 0 -4 -0.317 -0.831 0 -0.475 1 0 rect2p.dat
3 16 -4 6.468 -2.679 -4 7 -4 -4 5.585 -4
3 16 -4 7 -4 -4 6.468 -2.679 -4 7 0
3 16 4 5.585 -4 4 7 -4 4 6.468 -2.679
3 16 4 7 0 4 6.468 -2.679 4 7 -4
5 24 4 4.95 -4.95 -4 4.95 -4.95 4 5.585 -4 4 2.679 -6.468
5 24 4 4.95 4.95 -4 4.95 4.95 4 5.585 4 4 2.679 6.468
0 //
1 16 4 0 0 0 -8 0 4.95 0 -4.95 4.95 0 4.95 3-16cylo.dat
1 16 4 -2.8 5 0 -8 0 -0.849 0 -0.849 0.849 0 -0.849 3-8cylo.dat
0 BFC INVERTNEXT
1 16 4 0 0 0 -8 0 -1.53 0 3.695 -3.695 0 -1.53 5-8cylo.dat
1 16 4 -2.8 -5 0 -8 0 -0.849 0 -0.849 -0.849 0 0.849 3-8cylo.dat
1 16 4 0 0 0 -8 0 4.95 0 -4.95 -4.95 0 -4.95 3-16cylo.dat
0 //
1 16 0 -2.165 -3.747 0 0 -4 0.635 0.0816 0 0.052 -1 0 rect2p.dat
1 16 0 -3.164 -6.159 0 0 4 0.485 0.5379 0 -0.3095 1 0 rect2p.dat
1 16 0 -2.165 3.747 0 0 4 0.635 0.0816 0 -0.052 1 0 rect2p.dat
1 16 0 -3.164 6.159 0 0 -4 0.485 0.5379 0 0.3095 -1 0 rect2p.dat
0 //
5 24 4 -3.649 5.849 -4 -3.649 5.849 4 -2.679 6.468 4 -3.909 5.459
5 24 4 -2.679 6.468 -4 -2.679 6.468 4 -3.649 5.849 4 -2.679 6.468
5 24 4 -2.8 3.799 -4 -2.8 3.799 4 -1.531 3.695 4 -2.8 3.799
5 24 4 -1.531 3.695 -4 -1.531 3.695 4 -2.8 3.799 4 -1.531 3.695
5 24 4 -3.649 -5.849 -4 -3.649 -5.849 4 -2.679 -6.468 4 -3.909 -5.459
5 24 4 -2.679 -6.468 -4 -2.679 -6.468 4 -3.649 -5.849 4 -2.679 -6.468
5 24 4 -2.8 -3.799 -4 -2.8 -3.799 4 -1.531 -3.695 4 -2.8 -3.799
5 24 4 -1.531 -3.695 -4 -1.531 -3.695 4 -2.8 -3.799 4 -1.531 -3.695
0 //
1 16 4 0 0 0 -1 0 -0.7654 0 1.8478 -1.8478 0 -0.7654 5-8ring2.dat 
1 16 4 0 0 0 -1 0 -0.3827 0 0.9239 -0.9239 0 -0.3827 5-8ring6.dat 
3 16 4 -3.649 5.849 4 -2.295 5.545 4 -2.678 6.469
4 16 4 -2.8 3.799 4 -1.531 3.695 4 -2.295 5.545 4 -3.649 5.849
1 16 4 -2.8 5 0 -1 0 -0.849 0 -0.849 0.849 0 -0.849 3-8chrd.dat
3 16 4 -2.678 -6.469 4 -2.295 -5.545 4 -3.649 -5.849
4 16 4 -3.649 -5.849 4 -2.295 -5.545 4 -1.531 -3.695 4 -2.8 -3.799
1 16 4 -2.8 -5 0 -1 0 -0.849 0 -0.849 -0.849 0 0.849 3-8chrd.dat
0 //
1 16 -4 0 0 0 1 0 -0.7654 0 1.8478 1.8478 0 0.7654 5-8ring2.dat 
1 16 -4 0 0 0 1 0 -0.3827 0 0.9239 0.9239 0 0.3827 5-8ring6.dat 
3 16 -4 -2.678 6.469 -4 -2.295 5.545 -4 -3.649 5.849
4 16 -4 -3.649 5.849 -4 -2.295 5.545 -4 -1.531 3.695 -4 -2.8 3.799
1 16 -4 -2.8 -5 0 1 0 -0.849 0 -0.849 -0.849 0 0.849 3-8chrd.dat
3 16 -4 -3.649 -5.849 -4 -2.295 -5.545 -4 -2.678 -6.469
4 16 -4 -2.8 -3.799 -4 -1.531 -3.695 -4 -2.295 -5.545 -4 -3.649 -5.849
1 16 -4 -2.8 5 0 1 0 -0.849 0 -0.849 0.849 0 -0.849 3-8chrd.dat
