0 ~Dish  6 x  6 Inverted - No Studs with Handle Rim  1/8
0 Name: s\18675s01.dat
0 Author: Gerald Lasser [GeraldLasser]
0 !LDRAW_ORG Unofficial_Subpart
0 !LICENSE Redistributable under CCAL version 2.0 : see CAreadme.txt

0 BFC CERTIFY CCW

1 16 52.467 6 24.465 -1.8094 0 0 0 0 -2 -0.8437 -1 0 rect2p.dat
1 16 51.1978 6.5 22.5264 0.5406 1 0 0 0 -1.5 -1.0952 0 0 rect2p.dat
1 16 52.9144 6.5 17.962 0 1 1.176 1.5 0 0 0 0 -3.4692 rect3.dat
1 16 54.8169 6 13.3945 0.7265 1 0 0 0 -2 -1.0983 0 0 rect2p.dat
1 16 55.7717 6 11.1481 0.2283 1 0 0 0 -2 -1.1481 0 0 rect2p.dat
0 // 5 24 51.7384 8 21.4312 51.7384 4 21.4312 54.0904 8 14.4928 50.657 8 23.622
0 // 5 24 55.5434 8 12.2962 55.5434 4 12.2962 56 8 10 54.0904 8 14.4928
0 // 5 24 56 8 10 56 4 10 56 8 0 55.5434 8 12.2962
0 BFC INVERTNEXT
1 16 0 5 0 39.59798 0 39.59798 0 3 0 39.59798 0 -39.59798 48\1-48cylo.dat
1 16 44.56119 6.5 33.88615 -0.136215 1 0 0 0 1.5 0.20375 0 0 rect2p.dat
0 // 5 24 44.42497 8 34.0899 44.42497 4 34.0899 39.5976 8 39.5976 44.6974 8 33.6824
1 16 46.2962 6 34.8872 -1.5988 0 0 0 0 2 -1.2048 1 0 rect2p.dat
4 16 57.954 8 15.528 59.484 8 7.83 56 8 10 55.5434 8 12.2962
4 16 57.954 8 15.528 55.5434 8 12.2962 54.0904 8 14.4928 55.434 8 22.962
3 16 54.0904 8 14.4928 51.7384 8 21.4312 55.434 8 22.962
4 16 55.434 8 22.962 51.7384 8 21.4312 50.657 8 23.622 54.276 8 25.309
4 16 47.604 8 36.528 47.895 8 36.092 44.6974 8 33.6824 44.42497 8 34.0899
4 16 42.426 8 42.426 47.604 8 36.528 44.42497 8 34.0899 39.5976 8 39.5976
4 16 51.96 4 30 54.276 4 25.309 50.657 4 23.622 47.213 4 27.259
0 // 60
1 16 0 8 0 60 0 0 0 1 0 0 0 60 48\1-16edge.dat
1 16 0 4 0 60 0 0 0 4 0 0 0 60 48\1-16cyli.dat
1 16 54.855 6 24.1355 0 -1 -0.579 2 0 0 0 0 1.1735 rect1.dat
2 24 51.96 4 30 54.276 4 25.309
2 24 47.895 4 36.092 51.96 4 30
1 16 47.7495 6 36.31 0 -1 -0.1455 2 0 0 0 0 0.218 rect1.dat
1 16 45.015 6 39.477 0 -1 -2.589 2 0 0 0 0 2.949 rect1.dat
2 24 55.5184 8 7.308 56 8 10
4 16 56 8 0 56 5 0 55.5184 5 7.308 55.5184 8 7.308
4 16 55.5184 8 7.308 55.5184 4 7.308 56 4 10 56 8 10
2 24 56 8 0 55.5184 8 7.308
2 24 55.5184 5 7.308 56 5 0
2 24 55.5184 4 7.308 56 4 10
3 16 55.5184 8 7.308 56 8 10 59.484 8 7.83
4 16 59.484 8 7.83 60 8 0 56 8 0 55.5184 8 7.308
4 16 42.844 3.65 32.875 38.1834 3.65 38.1834 39.5976 5 39.5976 44.43 5 34.093
0 // conditional lines
0 // 5 24 54 3.65 0 56 5 0 53.5356 3.65 -7.047 53.5356 3.65 7.047
0 // 5 24 53.5356 3.65 7.047 55.5184 5 7.308 54 3.65 0 52.1586 3.65 13.9752
0 // 5 24 49.891 3.65 20.666 51.738 5 21.431 52.1586 3.65 13.9752 46.764 3.65 27
0 // 5 24 46.764 3.65 27 48.496 5 28 49.891 3.65 20.666 42.844 3.65 32.875
0 // 5 24 42.844 3.65 32.875 44.43 5 34.093 46.764 3.65 27 38.1834 3.65 38.1834
2 24 54.14347 4 5.69115 54.131802 4 5.868198
2 24 54.2426 4.06986 5.7574 54.14347 4 5.69115
0 // 2 24 55.25578 4.821194 7.273431 54.2426 4.06986 5.7574
2 24 52.659437 4 14.109393 54.049659 4 7.114667
4 16 54.049659 4 7.114667 53.5356 3.65 7.047 52.1586 3.65 13.9752 52.659437 4 14.109393
4 16 52.659437 4 14.109393 55.5434 4 12.2962 56 4 10 54.049659 4 7.114667
4 16 54.049659 4 7.114667 56 4 10 55.5184 4 7.308 54.131802 4 5.868198
3 16 55.5184 5 7.308 54.2426 4.06986 5.7574 55.5184 4 7.308
3 16 55.5184 4 7.308 54.2426 4.06986 5.7574 54.14347 4 5.69115
3 16 55.5184 4 7.308 54.14347 4 5.69115 54.131802 4 5.868198
3 16 54.049659 4 7.114667 54.131802 4 5.868198 53.5356 3.65 7.047
4 16 53.5356 3.65 7.047 54.131802 4 5.868198 54.14347 4 5.69115 54 3.65 0
4 16 54.2426 4.06986 5.7574 55.5184 5 7.308 56 5 0 54 3.65 0
3 16 54.14347 4 5.69115 54.2426 4.06986 5.7574 54 3.65 0
2 24 54.131802 4 5.868198 54.049659 4 7.114667
2 24 54.14347 4 5.69115 55.5184 4 7.308
2 24 54.2426 4.06986 5.7574 55.5184 5 7.308
4 16 54.0904 4 14.4928 55.5434 4 12.2962 52.659437 4 14.109393 52.22863 4 15.380274
3 16 54.0904 5 14.4928 54.0904 4 14.4928 52.2962 4.078714 15.5434
3 16 52.164452 4 15.569598 52.2962 4.078714 15.5434 54.0904 4 14.4928
3 16 54.0904 4 14.4928 52.22863 4 15.380274 52.164452 4 15.569598
3 16 52.659437 4 14.109393 52.1586 3.65 13.9752 52.22863 4 15.380274
4 16 52.164452 4 15.569598 52.22863 4 15.380274 52.1586 3.65 13.9752 49.891 3.65 20.666
4 16 52.164452 4 15.569598 49.891 3.65 20.666 51.738 5 21.431 52.2962 4.078714 15.5434
3 16 52.2962 4.078714 15.5434 51.738 5 21.431 54.0904 5 14.4928
2 24 52.164452 4 15.569598 52.2962 4.078714 15.5434
2 24 52.2962 4.078714 15.5434 54.0904 5 14.4928
2 24 52.164452 4 15.569598 52.22863 4 15.380274
2 24 52.22863 4 15.380274 52.659437 4 14.109393
2 24 54.0904 4 14.4928 52.164452 4 15.569598
2 24 49.317 4 22.996 50.657 5 23.621
0 // 1 16 52.4666 6 24.4653 -1.8094 0 0 0 0 -2 -.8437 -1 0 rect.dat
4 16 49.891 3.65 20.666 46.764 3.65 27 47.213 4 27.259 49.317 4 22.996
3 16 50.657 5 23.621 49.317 4 22.996 50.657 4 23.622
4 16 51.738 5 21.431 49.891 3.65 20.666 49.317 4 22.996 50.657 5 23.621
2 24 50.657 5 23.621 50.657 8 23.622
2 24 47.213 4 27.259 49.317 4 22.996
2 24 50.657 4 23.622 49.317 4 22.996
0 // 1 16 52.4666 6 24.4653 -1.8094 0 0 0 0 -2 -.8437 -1 0 rect.dat
4 16 47.213 4 27.259 44.6974 4 33.6824 47.895 4 36.092 51.96 4 30
3 16 49.317 4 22.996 47.213 4 27.259 50.657 4 23.622
2 24 43.518194 4 32.793789 44.69669 4.999774 33.681865
4 16 46.764 3.65 27 42.844 3.65 32.875 43.518194 4 32.793789 47.213 4 27.259
2 24 43.518194 4 32.793789 47.213 4 27.259
3 16 44.6974 4 33.6824 47.213 4 27.259 43.518194 4 32.793789
2 24 54.276 4 25.309 54.276 8 25.309
4 16 44.43 5 34.093 44.69669 4.999774 33.681865 43.518194 4 32.793789 42.844 3.65 32.875
3 16 44.69669 4.999774 33.681865 44.6974 4 33.6824 43.518194 4 32.793789
2 24 44.69669 4.999774 33.681865 44.6974 8 33.6824
2 24 43.518194 4 32.793789 44.6974 4 33.6824
2 24 47.895 4 36.092 47.895 8 36.092
2 24 55.5184 8 7.308 55.5184 5 7.308
