0 MINI ROBOT ARM (Needs Work)
0 Name: 15341.dat
0 Author: <AuthorRealName> [<AuthorLDrawName>]
0 !LDRAW_ORG Unofficial_Part
0 !LICENSE Redistributable under CCAL version 2.0 : see CAreadme.txt

0 BFC CERTIFY CCW

0 !HISTORY 2014-05-16 {LEGO Digital Designer} Original part shape
0 !HISTORY 2014-05-16 [<AuthorLDrawName>] File preparation for LDraw Parts Tracker

0 // Needs Work: Clean necessary

0 // Outside
3 16 2.069 23.939 5.125 3.142 26.511 1.75 1.173 24.59 5.125 
3 16 1.173 24.59 5.125 3.142 26.511 1.75 2.323 27.105 1.75 
3 16 1.173 24.59 -5.125 2.323 27.105 -1.75 2.069 23.939 -5.125 
3 16 2.069 23.939 -5.125 2.323 27.105 -1.75 3.142 26.511 -1.75 
3 16 3.754 29.143 -1.75 2.323 27.105 -1.75 3.754 29.143 1.75 
3 16 2.323 27.105 -1.75 2.323 27.105 1.75 3.754 29.143 1.75 
3 16 6.031 31.201 -1.75 3.754 29.143 -1.75 6.031 31.201 1.75 
3 16 3.754 29.143 -1.75 3.754 29.143 1.75 6.031 31.201 1.75 
3 16 8.603 32.821 -1.75 6.031 31.201 -1.75 8.603 32.821 1.75 
3 16 6.031 31.201 -1.75 6.031 31.201 1.75 8.603 32.821 1.75 
3 16 21.175 25.5 1.75 18.16 27.722 1.75 18.899 25.5 1.75 
3 16 18.128 26.272 1.75 18.899 25.5 1.75 18.16 27.722 1.75 
3 16 14.5 27.244 1.75 18.128 26.272 1.75 14.526 28.625 1.75 
3 16 14.526 28.625 1.75 18.128 26.272 1.75 18.16 27.722 1.75 
3 16 11.689 26.503 1.75 14.5 27.244 1.75 12.032 28.255 1.75 
3 16 14.5 27.244 1.75 14.526 28.625 1.75 12.032 28.255 1.75 
3 16 10.124 29.515 1.75 11.689 26.503 1.75 10.269 29.572 1.75 
3 16 11.689 26.503 1.75 12.032 28.255 1.75 10.269 29.572 1.75 
3 16 12.032 28.255 1.75 10.826 31.861 1.75 10.269 29.572 1.75 
3 16 9.251 31.858 1.75 10.826 31.861 1.75 9.929 32.838 1.75 
3 16 9.251 31.858 1.75 10.269 29.572 1.75 10.826 31.861 1.75 
3 16 9.929 32.838 1.75 8.603 32.821 1.75 9.251 31.858 1.75 
3 16 6.031 31.201 1.75 6.844 30.573 1.75 8.603 32.821 1.75 
3 16 6.844 30.573 1.75 9.251 31.858 1.75 8.603 32.821 1.75 
3 16 3.754 29.143 1.75 4.74 28.733 1.75 6.031 31.201 1.75 
3 16 4.74 28.733 1.75 6.844 30.573 1.75 6.031 31.201 1.75 
3 16 4.74 28.733 1.75 3.754 29.143 1.75 3.142 26.511 1.75 
3 16 3.142 26.511 1.75 3.754 29.143 1.75 2.323 27.105 1.75 
3 16 18.16 27.722 1.75 21.175 25.5 1.75 18.16 27.722 -1.75 
3 16 21.175 25.5 1.75 21.175 25.5 -1.75 18.16 27.722 -1.75 
3 16 14.526 28.625 1.75 18.16 27.722 1.75 14.526 28.625 -1.75 
3 16 18.16 27.722 1.75 18.16 27.722 -1.75 14.526 28.625 -1.75 
3 16 12.032 28.255 1.75 14.526 28.625 1.75 12.032 28.255 -1.75 
3 16 14.526 28.625 1.75 14.526 28.625 -1.75 12.032 28.255 -1.75 
3 16 18.16 27.722 -1.75 21.175 25.5 -1.75 18.226 26.442 -1.75 
3 16 21.175 25.5 -1.75 19.168 25.5 -1.75 18.226 26.442 -1.75 
3 16 18.16 27.722 -1.75 18.226 26.442 -1.75 14.5 27.44 -1.75 
3 16 14.526 28.625 -1.75 18.16 27.722 -1.75 14.5 27.44 -1.75 
3 16 10.826 31.861 -1.75 12.032 28.255 -1.75 10.263 29.586 -1.75 
3 16 12.032 28.255 -1.75 14.526 28.625 -1.75 11.599 26.676 -1.75 
3 16 14.526 28.625 -1.75 14.5 27.44 -1.75 11.599 26.676 -1.75 
3 16 10.117 29.529 -1.75 10.263 29.586 -1.75 11.599 26.676 -1.75 
3 16 10.263 29.586 -1.75 12.032 28.255 -1.75 11.599 26.676 -1.75 
3 16 10.826 31.861 -1.75 9.251 31.858 -1.75 9.929 32.838 -1.75 
3 16 10.826 31.861 -1.75 10.263 29.586 -1.75 9.251 31.858 -1.75 
3 16 9.251 31.858 -1.75 8.603 32.821 -1.75 9.929 32.838 -1.75 
3 16 6.031 31.201 -1.75 8.603 32.821 -1.75 6.844 30.573 -1.75 
3 16 8.603 32.821 -1.75 9.251 31.858 -1.75 6.844 30.573 -1.75 
3 16 3.754 29.143 -1.75 6.031 31.201 -1.75 4.74 28.733 -1.75 
3 16 6.031 31.201 -1.75 6.844 30.573 -1.75 4.74 28.733 -1.75 
3 16 4.74 28.733 -1.75 3.142 26.511 -1.75 3.754 29.143 -1.75 
3 16 3.754 29.143 -1.75 3.142 26.511 -1.75 2.323 27.105 -1.75 
3 16 12.032 28.255 -1.75 10.826 31.861 -1.75 12.032 28.255 1.75 
3 16 10.826 31.861 -1.75 10.826 31.861 1.75 12.032 28.255 1.75 
3 16 9.929 32.838 1.75 10.826 31.861 1.75 9.929 32.838 -1.75 
3 16 10.826 31.861 1.75 10.826 31.861 -1.75 9.929 32.838 -1.75 
3 16 9.929 32.838 -1.75 8.603 32.821 -1.75 9.929 32.838 1.75 
3 16 9.929 32.838 1.75 8.603 32.821 -1.75 8.603 32.821 1.75 
3 16 1.173 24.59 -5.125 1.173 24.59 5.125 2.323 27.105 -1.75 
3 16 1.173 24.59 5.125 2.323 27.105 1.75 2.323 27.105 -1.75 
3 16 6.009 26.297 -1.75 7.811 22.83 -1.75 5.005 24.705 -1.75 
3 16 7.811 22.83 -1.75 5.131 23.481 -1.75 5.005 24.705 -1.75 
3 16 6.26 22.446 -1.75 5.131 23.481 -1.75 7.811 22.83 -1.75 
3 16 7.811 22.83 -1.75 7.203 20.574 -1.75 6.26 22.446 -1.75 
3 16 6.26 22.446 -1.75 7.203 20.574 -1.75 5.939 20.76 -1.75 
3 16 5.939 20.76 -1.75 7.203 20.574 -1.75 5.959 19.044 -1.75 
3 16 5.131 23.481 -1.75 6.26 22.446 -1.75 5.142 23.471 1.75 
3 16 6.26 22.446 -1.75 6.26 22.446 1.75 5.142 23.471 1.75 
3 16 5.939 20.76 -1.75 5.959 19.044 -1.75 5.939 20.76 1.75 
3 16 5.959 19.044 -1.75 5.959 19.044 1.75 5.939 20.76 1.75 
3 16 6.26 22.446 -1.75 5.939 20.76 -1.75 6.26 22.446 1.75 
3 16 5.939 20.76 -1.75 5.939 20.76 1.75 6.26 22.446 1.75 
3 16 4.106 22.071 -1.75 4.257 22.419 -1.75 5.131 23.481 -1.75 
3 16 5.131 23.481 -1.75 4.257 22.419 -1.75 5.005 24.705 -1.75 
3 16 5.959 19.044 1.75 7.475 20.909 1.75 5.939 20.76 1.75 
3 16 7.942 22.579 1.75 6.26 22.446 1.75 7.475 20.909 1.75 
3 16 6.26 22.446 1.75 5.939 20.76 1.75 7.475 20.909 1.75 
3 16 6.26 22.446 1.75 7.942 22.579 1.75 5.142 23.471 1.75 
3 16 7.942 22.579 1.75 6.01 26.295 1.75 5.142 23.471 1.75 
3 16 6.01 26.295 1.75 5.037 24.736 1.75 5.142 23.471 1.75 
3 16 5.142 23.471 1.75 5.037 24.736 1.75 4.12 22.064 1.75 
3 16 4.106 22.071 -1.75 5.131 23.481 -1.75 4.12 22.064 1.75 
3 16 5.142 23.471 1.75 4.12 22.064 1.75 5.131 23.481 -1.75 
3 16 7.811 22.83 -1.75 6.009 26.297 -1.75 8.047 23.714 -2.616 
3 16 8.047 23.714 -2.616 6.009 26.297 -1.75 6.31 26.798 -2.599 
3 16 8.04 28.412 -3.077 9.536 25.244 -3.059 6.31 26.798 -2.599 
3 16 9.536 25.244 -3.059 8.047 23.714 -2.616 6.31 26.798 -2.599 
3 16 9.536 25.244 -3.059 8.04 28.412 -3.077 10.679 26.399 -2.614 
3 16 10.679 26.399 -2.614 8.04 28.412 -3.077 9.258 29.133 -2.614 
3 16 10.117 29.529 -1.75 11.599 26.676 -1.75 9.258 29.133 -2.614 
3 16 11.599 26.676 -1.75 10.679 26.399 -2.614 9.258 29.133 -2.614 
3 16 6.025 26.266 1.75 7.942 22.579 1.75 6.362 26.791 2.614 
3 16 6.362 26.791 2.614 7.942 22.579 1.75 8.217 23.616 2.614 
3 16 9.654 25.07 3.057 8.039 28.356 3.077 8.217 23.616 2.614 
3 16 8.039 28.356 3.077 6.362 26.791 2.614 8.217 23.616 2.614 
3 16 8.039 28.356 3.077 9.654 25.07 3.057 9.539 29.256 2.614 
3 16 9.539 29.256 2.614 9.654 25.07 3.057 10.872 26.272 2.614 
3 16 11.689 26.503 1.75 10.124 29.515 1.75 10.872 26.272 2.614 
3 16 10.124 29.515 1.75 9.539 29.256 2.614 10.872 26.272 2.614 
3 16 9.244 31.856 -2.647 10.252 29.59 -2.647 8.565 31.561 -4.4 
3 16 8.565 31.561 -4.4 10.252 29.59 -2.647 9.566 29.312 -4.4 
3 16 8.565 31.561 -4.4 9.566 29.312 -4.4 6.934 30.634 -5.125 
3 16 9.566 29.312 -4.4 8.04 28.412 -5.125 6.934 30.634 -5.125 
3 16 1.995 19.14 0 2.257 19.526 -1.727 2.694 20.102 3.534 
3 16 3.658 21.504 -5.125 3.292 20.925 5.125 2.541 19.927 -2.404 
3 16 1.055 19.666 -1.226 1.744 19.442 -1.327 0.95 19.425 0 
3 16 1.758 19.589 2.024 1.127 19.717 1.606 0.95 19.425 0 
3 16 0.95 19.425 0 0.406 19.865 0 1.055 19.666 -1.226 
3 16 0.436 20.918 -2.489 0.622 20.128 -1.577 0.406 19.865 0 
3 16 1.055 19.666 -1.226 0.406 19.865 0 0.622 20.128 -1.577 
3 16 2.541 19.927 -2.404 2.257 19.526 -1.727 1.744 19.442 -1.327 
3 16 1.055 19.666 -1.226 0.622 20.128 -1.577 1.744 19.442 -1.327 
3 16 0.622 20.128 -1.577 2.541 19.927 -2.404 1.744 19.442 -1.327 
3 16 2.541 19.927 -2.404 0.622 20.128 -1.577 0.436 20.918 -2.489 
3 16 0.436 20.918 -2.489 0.689 22.816 -5.125 2.541 19.927 -2.404 
3 16 0.689 22.816 -5.125 3.658 21.504 -5.125 2.541 19.927 -2.404 
3 16 0.95 19.425 0 1.995 19.14 0 1.758 19.589 2.024 
3 16 1.758 19.589 2.024 1.995 19.14 0 2.694 20.102 3.534 
3 16 1.127 19.717 1.606 0.644 20.142 1.699 0.95 19.425 0 
3 16 0.644 20.142 1.699 0.406 19.865 0 0.95 19.425 0 
3 16 0.406 19.865 0 0.644 20.142 1.699 0.436 20.918 2.489 
3 16 2.694 20.102 3.534 0.436 20.918 2.489 1.758 19.589 2.024 
3 16 1.127 19.717 1.606 1.758 19.589 2.024 0.644 20.142 1.699 
3 16 0.644 20.142 1.699 1.758 19.589 2.024 0.436 20.918 2.489 
3 16 3.292 20.925 5.125 0.689 22.816 5.125 2.694 20.102 3.534 
3 16 0.689 22.816 5.125 0.436 20.918 2.489 2.694 20.102 3.534 
3 16 0.689 22.816 5.125 1.173 24.59 5.125 0.689 22.816 -5.125 
3 16 0.436 20.918 2.489 0.689 22.816 5.125 0.436 20.918 -2.489 
3 16 0.406 19.865 0 0.436 20.918 2.489 0.436 20.918 -2.489 
3 16 0.689 22.816 5.125 0.689 22.816 -5.125 0.436 20.918 -2.489 
3 16 0.689 22.816 -5.125 1.173 24.59 5.125 1.173 24.59 -5.125 
3 16 3.658 21.504 -5.125 4.078 22.083 -5.125 4.12 22.064 5.125 
3 16 3.292 20.925 5.125 3.658 21.504 -5.125 4.12 22.064 5.125 
3 16 2.694 20.102 3.534 2.257 19.526 -1.727 2.541 19.927 -2.404 
3 16 3.292 20.925 5.125 2.694 20.102 3.534 2.541 19.927 -2.404 
3 16 5.037 24.736 5.125 4.12 22.064 5.125 4.978 24.717 -5.125 
3 16 4.12 22.064 5.125 4.078 22.083 -5.125 4.978 24.717 -5.125 
3 16 6.362 26.791 5.125 5.037 24.736 5.125 6.31 26.798 -5.125 
3 16 5.037 24.736 5.125 4.978 24.717 -5.125 6.31 26.798 -5.125 
3 16 6.31 26.798 -5.125 8.04 28.412 -5.125 6.362 26.791 5.125 
3 16 6.362 26.791 5.125 8.04 28.412 -5.125 8.039 28.356 5.125 
3 16 8.04 28.412 -5.125 9.566 29.312 -4.4 8.039 28.356 5.125 
3 16 8.039 28.356 5.125 9.566 29.312 -4.4 9.539 29.256 4.423 
3 16 9.539 29.256 4.423 9.566 29.312 -4.4 10.252 29.59 -2.647 
3 16 10.252 29.59 -2.647 10.238 29.56 2.712 9.539 29.256 4.423 
3 16 9.22 31.846 2.712 10.238 29.56 2.712 9.244 31.856 -2.647 
3 16 10.238 29.56 2.712 10.252 29.59 -2.647 9.244 31.856 -2.647 
3 16 8.565 31.561 -4.4 6.934 30.634 -5.125 8.522 31.541 4.423 
3 16 8.565 31.561 -4.4 8.522 31.541 4.423 9.22 31.846 2.712 
3 16 9.22 31.846 2.712 9.244 31.856 -2.647 8.565 31.561 -4.4 
3 16 6.924 30.627 5.125 6.934 30.634 -5.125 4.74 28.733 -5.125 
3 16 6.934 30.634 -5.125 8.04 28.412 -5.125 4.74 28.733 -5.125 
3 16 4.74 28.733 -5.125 8.04 28.412 -5.125 6.31 26.798 -5.125 
3 16 4.74 28.733 -5.125 6.31 26.798 -5.125 3.114 26.46 -5.125 
3 16 3.114 26.46 -5.125 6.31 26.798 -5.125 4.978 24.717 -5.125 
3 16 4.078 22.083 -5.125 2.069 23.939 -5.125 4.978 24.717 -5.125 
3 16 2.069 23.939 -5.125 3.114 26.46 -5.125 4.978 24.717 -5.125 
3 16 3.658 21.504 -5.125 0.689 22.816 -5.125 4.078 22.083 -5.125 
3 16 0.689 22.816 -5.125 2.069 23.939 -5.125 4.078 22.083 -5.125 
3 16 2.069 23.939 -5.125 0.689 22.816 -5.125 1.173 24.59 -5.125 
3 16 6.924 30.627 5.125 8.522 31.541 4.423 6.934 30.634 -5.125 
3 16 6.924 30.627 5.125 4.74 28.733 -5.125 4.74 28.733 5.125 
3 16 3.114 26.46 5.125 4.74 28.733 5.125 3.114 26.46 -5.125 
3 16 4.74 28.733 5.125 4.74 28.733 -5.125 3.114 26.46 -5.125 
3 16 2.069 23.939 5.125 3.114 26.46 5.125 2.069 23.939 -5.125 
3 16 9.539 29.256 4.423 8.522 31.541 4.423 8.039 28.356 5.125 
3 16 8.522 31.541 4.423 6.924 30.627 5.125 8.039 28.356 5.125 
3 16 8.522 31.541 4.423 9.539 29.256 4.423 9.22 31.846 2.712 
3 16 9.22 31.846 2.712 9.539 29.256 4.423 10.238 29.56 2.712 
3 16 8.039 28.356 5.125 6.924 30.627 5.125 6.362 26.791 5.125 
3 16 6.362 26.791 5.125 6.924 30.627 5.125 4.74 28.733 5.125 
3 16 6.362 26.791 5.125 4.74 28.733 5.125 5.037 24.736 5.125 
3 16 5.037 24.736 5.125 4.74 28.733 5.125 3.114 26.46 5.125 
3 16 2.069 23.939 5.125 4.12 22.064 5.125 3.114 26.46 5.125 
3 16 4.12 22.064 5.125 5.037 24.736 5.125 3.114 26.46 5.125 
3 16 2.069 23.939 5.125 0.689 22.816 5.125 4.12 22.064 5.125 
3 16 0.689 22.816 5.125 3.292 20.925 5.125 4.12 22.064 5.125 
3 16 1.173 24.59 5.125 0.689 22.816 5.125 2.069 23.939 5.125 
3 16 0.95 19.425 0 1.744 19.442 -1.327 1.995 19.14 0 
3 16 2.257 19.526 -1.727 1.995 19.14 0 1.744 19.442 -1.327 
3 16 2.069 23.939 -5.125 3.114 26.46 5.125 3.114 26.46 -5.125 
3 16 23 20 4.627 23 20 -4.627 23 25.5 -3.558 
3 16 23 20 4.627 23 25.5 -3.558 23 25.5 3.558 
3 16 23 14.5 -3.558 23 20 -4.627 23 14.5 3.558 
3 16 23 14.5 3.558 23 20 -4.627 23 20 4.627 
3 16 23 14.5 3.558 23 20 4.627 20.783 16.361 3.971 
3 16 23 20 4.627 21.821 20 4.627 20.783 16.361 3.971 
3 16 23 14.5 3.558 20.783 16.361 3.971 18.922 14.5 3.558 
3 16 23 20 4.627 23 25.5 3.558 21.821 20 4.627 
3 16 23 25.5 3.558 20.783 23.616 3.928 21.821 20 4.627 
3 16 18.899 25.5 3.558 20.783 23.616 3.928 23 25.5 3.558 
3 16 20.953 23.714 -3.914 19.168 25.5 -3.558 23 25.5 -3.558 
3 16 23 25.5 -3.558 23 20 -4.627 20.953 23.714 -3.914 
3 16 23 20 -4.627 21.991 20 -4.627 20.953 23.714 -3.914 
3 16 18.899 25.5 3.558 23 25.5 3.558 18.899 25.5 1.75 
3 16 18.899 25.5 1.75 23 25.5 3.558 19.168 25.5 -1.75 
3 16 19.168 25.5 -1.75 23 25.5 3.558 23 25.5 -3.558 
3 16 19.168 25.5 -1.75 23 25.5 -3.558 19.168 25.5 -3.558 
3 16 19.19 14.5 -3.558 23 14.5 -3.558 19.19 14.5 -1.75 
3 16 19.19 14.5 -1.75 23 14.5 -3.558 23 14.5 3.558 
3 16 19.19 14.5 -1.75 23 14.5 3.558 18.922 14.5 1.75 
3 16 23 14.5 3.558 18.922 14.5 3.558 18.922 14.5 1.75 
3 16 19.19 14.5 -3.558 20.953 16.263 -3.957 23 14.5 -3.558 
3 16 23 20 -4.627 23 14.5 -3.558 21.991 20 -4.627 
3 16 21.991 20 -4.627 23 14.5 -3.558 20.953 16.263 -3.957 
3 16 14.5 24.956 -0.381 16.984 24.291 -0.381 14.5 19.989 -0.381 
3 16 12.016 24.291 -0.381 14.5 24.956 -0.381 14.5 19.989 -0.381 
3 16 10.198 22.472 -0.381 12.016 24.291 -0.381 14.5 19.989 -0.381 
3 16 9.532 19.989 -0.381 10.198 22.472 -0.381 14.5 19.989 -0.381 
3 16 10.198 17.505 -0.381 9.532 19.989 -0.381 14.5 19.989 -0.381 
3 16 12.016 15.686 -0.381 10.198 17.505 -0.381 14.5 19.989 -0.381 
3 16 14.5 15.021 -0.381 12.016 15.686 -0.381 14.5 19.989 -0.381 
3 16 16.984 15.686 -0.381 14.5 15.021 -0.381 14.5 19.989 -0.381 
3 16 18.802 17.505 -0.381 16.984 15.686 -0.381 14.5 19.989 -0.381 
3 16 19.468 19.989 -0.381 18.802 17.505 -0.381 14.5 19.989 -0.381 
3 16 18.802 22.472 -0.381 19.468 19.989 -0.381 14.5 19.989 -0.381 
3 16 16.984 24.291 -0.381 18.802 22.472 -0.381 14.5 19.989 -0.381 
3 16 14.5 24.956 -5.625 16.984 24.291 -5.625 14.5 24.956 -0.381 
3 16 16.984 24.291 -5.625 16.984 24.291 -0.381 14.5 24.956 -0.381 
3 16 12.016 24.291 -5.625 14.5 24.956 -5.625 12.016 24.291 -0.381 
3 16 14.5 24.956 -5.625 14.5 24.956 -0.381 12.016 24.291 -0.381 
3 16 10.198 22.472 -5.625 12.016 24.291 -5.625 10.198 22.472 -0.381 
3 16 12.016 24.291 -5.625 12.016 24.291 -0.381 10.198 22.472 -0.381 
3 16 9.532 19.989 -5.625 10.198 22.472 -5.625 9.532 19.989 -0.381 
3 16 10.198 22.472 -5.625 10.198 22.472 -0.381 9.532 19.989 -0.381 
3 16 10.198 17.505 -5.625 9.532 19.989 -5.625 10.198 17.505 -0.381 
3 16 9.532 19.989 -5.625 9.532 19.989 -0.381 10.198 17.505 -0.381 
3 16 12.016 15.686 -5.625 10.198 17.505 -5.625 12.016 15.686 -0.381 
3 16 10.198 17.505 -5.625 10.198 17.505 -0.381 12.016 15.686 -0.381 
3 16 14.5 15.021 -5.625 12.016 15.686 -5.625 14.5 15.021 -0.381 
3 16 12.016 15.686 -5.625 12.016 15.686 -0.381 14.5 15.021 -0.381 
3 16 16.984 15.686 -5.625 14.5 15.021 -5.625 16.984 15.686 -0.381 
3 16 14.5 15.021 -5.625 14.5 15.021 -0.381 16.984 15.686 -0.381 
3 16 18.802 17.505 -5.625 16.984 15.686 -5.625 18.802 17.505 -0.381 
3 16 16.984 15.686 -5.625 16.984 15.686 -0.381 18.802 17.505 -0.381 
3 16 19.468 19.989 -5.625 18.802 17.505 -5.625 19.468 19.989 -0.381 
3 16 18.802 17.505 -5.625 18.802 17.505 -0.381 19.468 19.989 -0.381 
3 16 18.802 22.472 -5.625 19.468 19.989 -5.625 18.802 22.472 -0.381 
3 16 19.468 19.989 -5.625 19.468 19.989 -0.381 18.802 22.472 -0.381 
3 16 16.984 24.291 -5.625 18.802 22.472 -5.625 16.984 24.291 -0.381 
3 16 18.802 22.472 -5.625 18.802 22.472 -0.381 16.984 24.291 -0.381 
3 16 21.952 19.989 -5.625 20.953 16.263 -5.625 19.468 19.989 -5.625 
3 16 18.802 17.505 -5.625 19.468 19.989 -5.625 20.953 16.263 -5.625 
3 16 20.953 23.714 -5.625 21.952 19.989 -5.625 18.802 22.472 -5.625 
3 16 19.468 19.989 -5.625 18.802 22.472 -5.625 21.952 19.989 -5.625 
3 16 18.226 26.442 -5.625 20.953 23.714 -5.625 16.984 24.291 -5.625 
3 16 18.802 22.472 -5.625 16.984 24.291 -5.625 20.953 23.714 -5.625 
3 16 14.5 27.44 -5.625 18.226 26.442 -5.625 14.5 24.956 -5.625 
3 16 16.984 24.291 -5.625 14.5 24.956 -5.625 18.226 26.442 -5.625 
3 16 10.774 26.442 -5.625 14.5 27.44 -5.625 12.016 24.291 -5.625 
3 16 14.5 24.956 -5.625 12.016 24.291 -5.625 14.5 27.44 -5.625 
3 16 8.047 23.714 -5.625 10.774 26.442 -5.625 10.198 22.472 -5.625 
3 16 12.016 24.291 -5.625 10.198 22.472 -5.625 10.774 26.442 -5.625 
3 16 7.048 19.989 -5.625 8.047 23.714 -5.625 9.532 19.989 -5.625 
3 16 10.198 22.472 -5.625 9.532 19.989 -5.625 8.047 23.714 -5.625 
3 16 8.047 16.263 -5.625 7.048 19.989 -5.625 10.198 17.505 -5.625 
3 16 9.532 19.989 -5.625 10.198 17.505 -5.625 7.048 19.989 -5.625 
3 16 10.774 13.535 -5.625 8.047 16.263 -5.625 12.016 15.686 -5.625 
3 16 10.198 17.505 -5.625 12.016 15.686 -5.625 8.047 16.263 -5.625 
3 16 14.5 12.537 -5.625 10.774 13.535 -5.625 14.5 15.021 -5.625 
3 16 12.016 15.686 -5.625 14.5 15.021 -5.625 10.774 13.535 -5.625 
3 16 18.226 13.535 -5.625 14.5 12.537 -5.625 16.984 15.686 -5.625 
3 16 14.5 15.021 -5.625 16.984 15.686 -5.625 14.5 12.537 -5.625 
3 16 20.953 16.263 -5.625 18.226 13.535 -5.625 18.802 17.505 -5.625 
3 16 16.984 15.686 -5.625 18.802 17.505 -5.625 18.226 13.535 -5.625 
3 16 21.952 19.989 -1.75 20.953 16.263 -1.75 21.952 19.989 -5.625 
3 16 20.953 16.263 -1.75 20.953 16.263 -5.625 21.952 19.989 -5.625 
3 16 20.953 23.714 -1.75 21.952 19.989 -1.75 20.953 23.714 -5.625 
3 16 21.952 19.989 -1.75 21.952 19.989 -5.625 20.953 23.714 -5.625 
3 16 18.226 26.442 -1.75 20.953 23.714 -1.75 18.226 26.442 -5.625 
3 16 20.953 23.714 -1.75 20.953 23.714 -5.625 18.226 26.442 -5.625 
3 16 14.5 27.44 -1.75 18.226 26.442 -1.75 14.5 27.44 -5.625 
3 16 18.226 26.442 -1.75 18.226 26.442 -5.625 14.5 27.44 -5.625 
3 16 10.774 26.442 -1.75 14.5 27.44 -1.75 10.774 26.442 -5.625 
3 16 14.5 27.44 -1.75 14.5 27.44 -5.625 10.774 26.442 -5.625 
3 16 8.047 23.714 -1.75 10.774 26.442 -1.75 8.047 23.714 -5.625 
3 16 10.774 26.442 -1.75 10.774 26.442 -5.625 8.047 23.714 -5.625 
3 16 7.048 19.989 -1.75 8.047 23.714 -1.75 7.048 19.989 -5.625 
3 16 8.047 23.714 -1.75 8.047 23.714 -5.625 7.048 19.989 -5.625 
3 16 8.047 16.263 -1.75 7.048 19.989 -1.75 8.047 16.263 -5.625 
3 16 7.048 19.989 -1.75 7.048 19.989 -5.625 8.047 16.263 -5.625 
3 16 10.774 13.535 -1.75 8.047 16.263 -1.75 10.774 13.535 -5.625 
3 16 8.047 16.263 -1.75 8.047 16.263 -5.625 10.774 13.535 -5.625 
3 16 14.5 12.537 -1.75 10.774 13.535 -1.75 14.5 12.537 -5.625 
3 16 10.774 13.535 -1.75 10.774 13.535 -5.625 14.5 12.537 -5.625 
3 16 18.226 13.535 -1.75 14.5 12.537 -1.75 18.226 13.535 -5.625 
3 16 14.5 12.537 -1.75 14.5 12.537 -5.625 18.226 13.535 -5.625 
3 16 20.953 16.263 -1.75 18.226 13.535 -1.75 20.953 16.263 -5.625 
3 16 18.226 13.535 -1.75 18.226 13.535 -5.625 20.953 16.263 -5.625 
3 16 33.017 23.831 2.361 32.508 23.873 0.485 32 23.885 2.271 
3 16 32.508 23.873 0.485 32 23.897 0.373 32 23.885 2.271 
3 16 33.424 22.264 3.86 33.017 23.831 2.361 32 22.732 3.527 
3 16 33.017 23.831 2.361 32 23.885 2.271 32 22.732 3.527 
3 16 32 22.732 3.527 32 20 4.5 33.424 22.264 3.86 
3 16 34.085 20 4.5 33.424 22.264 3.86 32 20 4.5 
3 16 32 22 3.482 32 22.732 3.527 32 23.464 2 
3 16 32 23.464 2 32 22.732 3.527 32 23.885 2.271 
3 16 32 23.464 2 32 23.885 2.271 32 23.897 0.373 
3 16 32 22.732 3.527 32 22 3.482 32 20 4.5 
3 16 32 22 3.482 32 20 3.884 32 20 4.5 
3 16 33.017 16.169 2.361 32 16.115 2.271 32.508 16.127 0.485 
3 16 32.508 16.127 0.485 32 16.115 2.271 32 16.103 0.373 
3 16 33.424 17.736 3.86 32 17.268 3.527 33.017 16.169 2.361 
3 16 33.017 16.169 2.361 32 17.268 3.527 32 16.115 2.271 
3 16 32 17.268 3.527 33.424 17.736 3.86 32 20 4.5 
3 16 34.085 20 4.5 32 20 4.5 33.424 17.736 3.86 
3 16 32 18 3.482 32 16.536 2 32 17.268 3.527 
3 16 32 16.536 2 32 16.115 2.271 32 17.268 3.527 
3 16 32 16.536 2 32 16.103 0.373 32 16.115 2.271 
3 16 32 17.268 3.527 32 20 4.5 32 18 3.482 
3 16 32 18 3.482 32 20 4.5 32 20 3.884 
3 16 33.017 23.831 -2.361 32 23.885 -2.271 32.508 23.873 -0.485 
3 16 32.508 23.873 -0.485 32 23.885 -2.271 32 23.897 -0.373 
3 16 33.424 22.264 -3.86 32 22.732 -3.527 33.017 23.831 -2.361 
3 16 33.017 23.831 -2.361 32 22.732 -3.527 32 23.885 -2.271 
3 16 32 22.732 -3.527 33.424 22.264 -3.86 32 20 -4.5 
3 16 34.085 20 -4.5 32 20 -4.5 33.424 22.264 -3.86 
3 16 32 22 -3.482 32 23.464 -2 32 22.732 -3.527 
3 16 32 23.464 -2 32 23.885 -2.271 32 22.732 -3.527 
3 16 32 23.464 -2 32 23.897 -0.373 32 23.885 -2.271 
3 16 32 22.732 -3.527 32 20 -4.5 32 22 -3.482 
3 16 32 22 -3.482 32 20 -4.5 32 20 -3.884 
3 16 33.017 16.169 -2.361 32.508 16.127 -0.485 32 16.115 -2.271 
3 16 32.508 16.127 -0.485 32 16.103 -0.373 32 16.115 -2.271 
3 16 33.424 17.736 -3.86 33.017 16.169 -2.361 32 17.268 -3.527 
3 16 33.017 16.169 -2.361 32 16.115 -2.271 32 17.268 -3.527 
3 16 32 17.268 -3.527 32 20 -4.5 33.424 17.736 -3.86 
3 16 34.085 20 -4.5 33.424 17.736 -3.86 32 20 -4.5 
3 16 32 18 -3.482 32 17.268 -3.527 32 16.536 -2 
3 16 32 16.536 -2 32 17.268 -3.527 32 16.115 -2.271 
3 16 32 16.536 -2 32 16.115 -2.271 32 16.103 -0.373 
3 16 32 17.268 -3.527 32 18 -3.482 32 20 -4.5 
3 16 32 18 -3.482 32 20 -3.884 32 20 -4.5 
3 16 32.919 23.464 2 32.375 24 0 23 23.464 2 
3 16 32.375 24 0 23 24 0 23 23.464 2 
3 16 32.375 24 0 32.919 23.464 -2 23 24 0 
3 16 23 24 0 32.919 23.464 -2 23 23.464 -2 
3 16 32.919 23.464 -2 33.317 22 -3.464 23 23.464 -2 
3 16 23 23.464 -2 33.317 22 -3.464 23 22 -3.464 
3 16 33.317 22 -3.464 33.424 20 -3.86 23 22 -3.464 
3 16 33.424 20 -3.86 23 20 -4 23 22 -3.464 
3 16 33.424 20 -3.86 33.317 18 -3.464 23 20 -4 
3 16 33.317 18 -3.464 23 18 -3.464 23 20 -4 
3 16 33.317 18 -3.464 32.919 16.536 -2 23 18 -3.464 
3 16 32.919 16.536 -2 23 16.536 -2 23 18 -3.464 
3 16 32.919 16.536 -2 32.375 16 0 23 16.536 -2 
3 16 32.375 16 0 23 16 0 23 16.536 -2 
3 16 32.375 16 0 32.919 16.536 2 23 16 0 
3 16 23 16 0 32.919 16.536 2 23 16.536 2 
3 16 32.919 16.536 2 33.317 18 3.464 23 16.536 2 
3 16 23 16.536 2 33.317 18 3.464 23 18 3.464 
3 16 33.317 18 3.464 33.424 20 3.86 23 18 3.464 
3 16 33.424 20 3.86 23 20 4 23 18 3.464 
3 16 33.424 20 3.86 33.317 22 3.464 23 20 4 
3 16 33.317 22 3.464 23 22 3.464 23 20 4 
3 16 33.317 22 3.464 32.919 23.464 2 23 22 3.464 
3 16 32.919 23.464 2 23 23.464 2 23 22 3.464 
3 16 33.424 24 -3.86 36.369 24 -6.705 33.424 16 -3.86 
3 16 33.424 16 -3.86 36.369 24 -6.705 36.369 16 -6.705 
3 16 39.333 16 -7.525 36.369 16 -6.705 39.333 24 -7.525 
3 16 39.333 24 -7.525 36.369 16 -6.705 36.369 24 -6.705 
3 16 39.333 24 -7.525 42.394 24 -7.239 39.333 16 -7.525 
3 16 39.333 16 -7.525 42.394 24 -7.239 42.394 16 -7.239 
3 16 42.394 24 -7.239 44.25 24 -6.331 42.394 16 -7.239 
3 16 42.394 16 -7.239 44.25 24 -6.331 44.25 16 -6.331 
3 16 44.25 16 -3.776 44.25 16 -6.331 44.25 24 -3.776 
3 16 44.25 24 -3.776 44.25 16 -6.331 44.25 24 -6.331 
3 16 44.25 24 -3.776 44.25 24 -6.331 41.658 24 -3.64 
3 16 42.394 24 -7.239 41.658 24 -3.64 44.25 24 -6.331 
3 16 39.333 24 -7.525 39.997 24 -3.959 42.394 24 -7.239 
3 16 42.394 24 -7.239 39.997 24 -3.959 41.658 24 -3.64 
3 16 36.369 24 -6.705 38.336 24 -3.638 39.333 24 -7.525 
3 16 39.333 24 -7.525 38.336 24 -3.638 39.997 24 -3.959 
3 16 33.424 24 -3.86 36.634 24 -2.162 36.369 24 -6.705 
3 16 36.369 24 -6.705 36.634 24 -2.162 38.336 24 -3.638 
3 16 32.375 24 0 36 24 0 33.424 24 -3.86 
3 16 33.424 24 -3.86 36 24 0 36.634 24 -2.162 
3 16 41.658 16 -3.64 44.25 16 -3.776 41.658 24 -3.64 
3 16 41.658 24 -3.64 44.25 16 -3.776 44.25 24 -3.776 
3 16 42.394 16 -7.239 44.25 16 -6.331 41.658 16 -3.64 
3 16 41.658 16 -3.64 44.25 16 -6.331 44.25 16 -3.776 
3 16 39.333 16 -7.525 42.394 16 -7.239 39.997 16 -3.959 
3 16 39.997 16 -3.959 42.394 16 -7.239 41.658 16 -3.64 
3 16 36.369 16 -6.705 39.333 16 -7.525 38.336 16 -3.638 
3 16 38.336 16 -3.638 39.333 16 -7.525 39.997 16 -3.959 
3 16 33.424 16 -3.86 36.369 16 -6.705 36.634 16 -2.162 
3 16 38.336 16 -3.638 36.634 16 -2.162 36.369 16 -6.705 
3 16 32.375 16 0 33.424 16 -3.86 36 16 0 
3 16 36.634 16 -2.162 36 16 0 33.424 16 -3.86 
3 16 39.997 16 -3.959 41.658 16 -3.64 39.997 24 -3.959 
3 16 39.997 24 -3.959 41.658 16 -3.64 41.658 24 -3.64 
3 16 38.336 16 -3.638 39.997 16 -3.959 38.336 24 -3.638 
3 16 38.336 24 -3.638 39.997 16 -3.959 39.997 24 -3.959 
3 16 36.634 16 -2.162 38.336 16 -3.638 36.634 24 -2.162 
3 16 36.634 24 -2.162 38.336 16 -3.638 38.336 24 -3.638 
3 16 36 16 0 36.634 16 -2.162 36 24 0 
3 16 36 24 0 36.634 16 -2.162 36.634 24 -2.162 
3 16 32.375 24 0 33.424 24 -3.86 32.375 16 0 
3 16 32.375 16 0 33.424 24 -3.86 33.424 16 -3.86 
3 16 33.424 24 3.86 33.424 16 3.86 36.369 24 6.705 
3 16 33.424 16 3.86 36.369 16 6.705 36.369 24 6.705 
3 16 39.333 16 7.525 39.333 24 7.525 36.369 16 6.705 
3 16 39.333 24 7.525 36.369 24 6.705 36.369 16 6.705 
3 16 39.333 24 7.525 39.333 16 7.525 42.394 24 7.239 
3 16 39.333 16 7.525 42.394 16 7.239 42.394 24 7.239 
3 16 42.394 24 7.239 42.394 16 7.239 44.25 24 6.331 
3 16 42.394 16 7.239 44.25 16 6.331 44.25 24 6.331 
3 16 44.25 16 3.776 44.25 24 3.776 44.25 16 6.331 
3 16 44.25 24 3.776 44.25 24 6.331 44.25 16 6.331 
3 16 44.25 24 3.776 41.658 24 3.64 44.25 24 6.331 
3 16 42.394 24 7.239 44.25 24 6.331 41.658 24 3.64 
3 16 39.333 24 7.525 42.394 24 7.239 39.997 24 3.959 
3 16 42.394 24 7.239 41.658 24 3.64 39.997 24 3.959 
3 16 36.369 24 6.705 39.333 24 7.525 38.336 24 3.638 
3 16 39.333 24 7.525 39.997 24 3.959 38.336 24 3.638 
3 16 33.424 24 3.86 36.369 24 6.705 36.634 24 2.162 
3 16 36.369 24 6.705 38.336 24 3.638 36.634 24 2.162 
3 16 32.375 24 0 33.424 24 3.86 36 24 0 
3 16 33.424 24 3.86 36.634 24 2.162 36 24 0 
3 16 41.658 16 3.64 41.658 24 3.64 44.25 16 3.776 
3 16 41.658 24 3.64 44.25 24 3.776 44.25 16 3.776 
3 16 42.394 16 7.239 41.658 16 3.64 44.25 16 6.331 
3 16 41.658 16 3.64 44.25 16 3.776 44.25 16 6.331 
3 16 39.333 16 7.525 39.997 16 3.959 42.394 16 7.239 
3 16 39.997 16 3.959 41.658 16 3.64 42.394 16 7.239 
3 16 36.369 16 6.705 38.336 16 3.638 39.333 16 7.525 
3 16 38.336 16 3.638 39.997 16 3.959 39.333 16 7.525 
3 16 33.424 16 3.86 36.634 16 2.162 36.369 16 6.705 
3 16 38.336 16 3.638 36.369 16 6.705 36.634 16 2.162 
3 16 32.375 16 0 36 16 0 33.424 16 3.86 
3 16 36.634 16 2.162 33.424 16 3.86 36 16 0 
3 16 39.997 16 3.959 39.997 24 3.959 41.658 16 3.64 
3 16 39.997 24 3.959 41.658 24 3.64 41.658 16 3.64 
3 16 38.336 16 3.638 38.336 24 3.638 39.997 16 3.959 
3 16 38.336 24 3.638 39.997 24 3.959 39.997 16 3.959 
3 16 36.634 16 2.162 36.634 24 2.162 38.336 16 3.638 
3 16 36.634 24 2.162 38.336 24 3.638 38.336 16 3.638 
3 16 36 16 0 36 24 0 36.634 16 2.162 
3 16 36 24 0 36.634 24 2.162 36.634 16 2.162 
3 16 32.375 24 0 32.375 16 0 33.424 24 3.86 
3 16 32.375 16 0 33.424 16 3.86 33.424 24 3.86 
3 16 14.5 14.739 3.477 17.125 15.442 3.477 14.5 19.989 3.477 
3 16 11.875 15.442 3.477 14.5 14.739 3.477 14.5 19.989 3.477 
3 16 9.953 17.364 3.477 11.875 15.442 3.477 14.5 19.989 3.477 
3 16 9.25 19.989 3.477 9.953 17.364 3.477 14.5 19.989 3.477 
3 16 9.953 22.614 3.477 9.25 19.989 3.477 14.5 19.989 3.477 
3 16 11.875 24.535 3.477 9.953 22.614 3.477 14.5 19.989 3.477 
3 16 14.5 25.239 3.477 11.875 24.535 3.477 14.5 19.989 3.477 
3 16 17.125 24.535 3.477 14.5 25.239 3.477 14.5 19.989 3.477 
3 16 19.047 22.614 3.477 17.125 24.535 3.477 14.5 19.989 3.477 
3 16 19.75 19.989 3.477 19.047 22.614 3.477 14.5 19.989 3.477 
3 16 19.047 17.364 3.477 19.75 19.989 3.477 14.5 19.989 3.477 
3 16 17.125 15.442 3.477 19.047 17.364 3.477 14.5 19.989 3.477 
3 16 14.5 14.739 5.625 17.125 15.442 5.625 14.5 14.739 3.477 
3 16 17.125 15.442 5.625 17.125 15.442 3.477 14.5 14.739 3.477 
3 16 11.875 15.442 5.625 14.5 14.739 5.625 11.875 15.442 3.477 
3 16 14.5 14.739 5.625 14.5 14.739 3.477 11.875 15.442 3.477 
3 16 9.953 17.364 5.625 11.875 15.442 5.625 9.953 17.364 3.477 
3 16 11.875 15.442 5.625 11.875 15.442 3.477 9.953 17.364 3.477 
3 16 9.25 19.989 5.625 9.953 17.364 5.625 9.25 19.989 3.477 
3 16 9.953 17.364 5.625 9.953 17.364 3.477 9.25 19.989 3.477 
3 16 9.953 22.614 5.625 9.25 19.989 5.625 9.953 22.614 3.477 
3 16 9.25 19.989 5.625 9.25 19.989 3.477 9.953 22.614 3.477 
3 16 11.875 24.535 5.625 9.953 22.614 5.625 11.875 24.535 3.477 
3 16 9.953 22.614 5.625 9.953 22.614 3.477 11.875 24.535 3.477 
3 16 14.5 25.239 5.625 11.875 24.535 5.625 14.5 25.239 3.477 
3 16 11.875 24.535 5.625 11.875 24.535 3.477 14.5 25.239 3.477 
3 16 17.125 24.535 5.625 14.5 25.239 5.625 17.125 24.535 3.477 
3 16 14.5 25.239 5.625 14.5 25.239 3.477 17.125 24.535 3.477 
3 16 19.047 22.614 5.625 17.125 24.535 5.625 19.047 22.614 3.477 
3 16 17.125 24.535 5.625 17.125 24.535 3.477 19.047 22.614 3.477 
3 16 19.75 19.989 5.625 19.047 22.614 5.625 19.75 19.989 3.477 
3 16 19.047 22.614 5.625 19.047 22.614 3.477 19.75 19.989 3.477 
3 16 19.047 17.364 5.625 19.75 19.989 5.625 19.047 17.364 3.477 
3 16 19.75 19.989 5.625 19.75 19.989 3.477 19.047 17.364 3.477 
3 16 17.125 15.442 5.625 19.047 17.364 5.625 17.125 15.442 3.477 
3 16 19.047 17.364 5.625 19.047 17.364 3.477 17.125 15.442 3.477 
3 16 21.755 19.989 5.625 20.783 23.616 5.625 19.75 19.989 5.625 
3 16 19.047 22.614 5.625 19.75 19.989 5.625 20.783 23.616 5.625 
3 16 20.783 16.361 5.625 21.755 19.989 5.625 19.047 17.364 5.625 
3 16 19.75 19.989 5.625 19.047 17.364 5.625 21.755 19.989 5.625 
3 16 18.128 13.705 5.625 20.783 16.361 5.625 17.125 15.442 5.625 
3 16 19.047 17.364 5.625 17.125 15.442 5.625 20.783 16.361 5.625 
3 16 14.5 12.733 5.625 18.128 13.705 5.625 14.5 14.739 5.625 
3 16 17.125 15.442 5.625 14.5 14.739 5.625 18.128 13.705 5.625 
3 16 10.872 13.705 5.625 14.5 12.733 5.625 11.875 15.442 5.625 
3 16 14.5 14.739 5.625 11.875 15.442 5.625 14.5 12.733 5.625 
3 16 8.217 16.361 5.625 10.872 13.705 5.625 9.953 17.364 5.625 
3 16 11.875 15.442 5.625 9.953 17.364 5.625 10.872 13.705 5.625 
3 16 7.245 19.989 5.625 8.217 16.361 5.625 9.25 19.989 5.625 
3 16 9.953 17.364 5.625 9.25 19.989 5.625 8.217 16.361 5.625 
3 16 8.217 23.616 5.625 7.245 19.989 5.625 9.953 22.614 5.625 
3 16 9.25 19.989 5.625 9.953 22.614 5.625 7.245 19.989 5.625 
3 16 10.872 26.272 5.625 8.217 23.616 5.625 11.875 24.535 5.625 
3 16 9.953 22.614 5.625 11.875 24.535 5.625 8.217 23.616 5.625 
3 16 14.5 27.244 5.625 10.872 26.272 5.625 14.5 25.239 5.625 
3 16 11.875 24.535 5.625 14.5 25.239 5.625 10.872 26.272 5.625 
3 16 18.128 26.272 5.625 14.5 27.244 5.625 17.125 24.535 5.625 
3 16 14.5 25.239 5.625 17.125 24.535 5.625 14.5 27.244 5.625 
3 16 20.783 23.616 5.625 18.128 26.272 5.625 19.047 22.614 5.625 
3 16 17.125 24.535 5.625 19.047 22.614 5.625 18.128 26.272 5.625 
3 16 21.755 19.989 1.75 20.783 23.616 1.75 21.755 19.989 5.625 
3 16 20.783 23.616 1.75 20.783 23.616 5.625 21.755 19.989 5.625 
3 16 20.783 16.361 1.75 21.755 19.989 1.75 20.783 16.361 5.625 
3 16 21.755 19.989 1.75 21.755 19.989 5.625 20.783 16.361 5.625 
3 16 18.128 13.705 1.75 20.783 16.361 1.75 18.128 13.705 5.625 
3 16 20.783 16.361 1.75 20.783 16.361 5.625 18.128 13.705 5.625 
3 16 14.5 12.733 1.75 18.128 13.705 1.75 14.5 12.733 5.625 
3 16 18.128 13.705 1.75 18.128 13.705 5.625 14.5 12.733 5.625 
3 16 10.872 13.705 1.75 14.5 12.733 1.75 10.872 13.705 5.625 
3 16 14.5 12.733 1.75 14.5 12.733 5.625 10.872 13.705 5.625 
3 16 8.217 16.361 1.75 10.872 13.705 1.75 8.217 16.361 5.625 
3 16 10.872 13.705 1.75 10.872 13.705 5.625 8.217 16.361 5.625 
3 16 7.245 19.989 1.75 8.217 16.361 1.75 7.245 19.989 5.625 
3 16 8.217 16.361 1.75 8.217 16.361 5.625 7.245 19.989 5.625 
3 16 8.217 23.616 1.75 7.245 19.989 1.75 8.217 23.616 5.625 
3 16 7.245 19.989 1.75 7.245 19.989 5.625 8.217 23.616 5.625 
3 16 10.872 26.272 1.75 8.217 23.616 1.75 10.872 26.272 5.625 
3 16 8.217 23.616 1.75 8.217 23.616 5.625 10.872 26.272 5.625 
3 16 14.5 27.244 1.75 10.872 26.272 1.75 14.5 27.244 5.625 
3 16 10.872 26.272 1.75 10.872 26.272 5.625 14.5 27.244 5.625 
3 16 18.128 26.272 1.75 14.5 27.244 1.75 18.128 26.272 5.625 
3 16 14.5 27.244 1.75 14.5 27.244 5.625 18.128 26.272 5.625 
3 16 20.783 23.616 1.75 18.128 26.272 1.75 20.783 23.616 5.625 
3 16 18.128 26.272 1.75 18.128 26.272 5.625 20.783 23.616 5.625 
3 16 14.5 12.733 1.75 16.27 11.552 1.75 18.128 13.705 1.75 
3 16 18.128 13.705 1.75 16.27 11.552 1.75 17.551 11.921 1.75 
3 16 18.128 13.705 1.75 17.551 11.921 1.75 19.532 12.973 1.75 
3 16 21.175 14.5 1.75 18.922 14.5 1.75 19.532 12.973 1.75 
3 16 18.922 14.5 1.75 18.128 13.705 1.75 19.532 12.973 1.75 
3 16 17.551 11.921 1.75 16.27 11.552 1.75 15.545 8.821 1.75 
3 16 15.545 8.821 1.75 16.27 11.552 1.75 14.811 9.296 1.75 
3 16 19.532 12.973 -1.75 21.175 14.5 -1.75 19.532 12.973 1.75 
3 16 21.175 14.5 -1.75 21.175 14.5 1.75 19.532 12.973 1.75 
3 16 17.551 11.921 -1.75 19.532 12.973 -1.75 17.551 11.921 1.75 
3 16 19.532 12.973 -1.75 19.532 12.973 1.75 17.551 11.921 1.75 
3 16 17.551 11.921 -1.75 15.545 8.821 -1.75 16.27 11.552 -1.75 
3 16 15.545 8.821 -1.75 14.811 9.296 -1.75 16.27 11.552 -1.75 
3 16 14.5 12.537 -1.75 18.226 13.535 -1.75 16.27 11.552 -1.75 
3 16 18.226 13.535 -1.75 17.551 11.921 -1.75 16.27 11.552 -1.75 
3 16 19.532 12.973 -1.75 17.551 11.921 -1.75 18.226 13.535 -1.75 
3 16 21.175 14.5 -1.75 19.532 12.973 -1.75 19.19 14.5 -1.75 
3 16 19.532 12.973 -1.75 18.226 13.535 -1.75 19.19 14.5 -1.75 
3 16 15.545 8.821 -1.75 17.551 11.921 -1.75 15.545 8.821 1.75 
3 16 17.551 11.921 -1.75 17.551 11.921 1.75 15.545 8.821 1.75 
3 16 15.545 8.821 -1.75 15.545 8.821 1.75 15.031 8.026 1.472 
3 16 15.031 8.026 -1.472 15.545 8.821 -1.75 15.031 8.026 1.472 
3 16 15.031 8.026 1.472 14.681 7.484 0.727 15.031 8.026 -1.472 
3 16 14.681 7.484 0.727 14.605 7.366 0 14.681 7.484 -0.727 
3 16 15.031 8.026 -1.472 14.681 7.484 0.727 14.681 7.484 -0.727 
3 16 14.297 8.502 -1.472 14.811 9.296 -1.75 15.031 8.026 -1.472 
3 16 14.811 9.296 -1.75 15.545 8.821 -1.75 15.031 8.026 -1.472 
3 16 13.946 7.96 -0.727 14.297 8.502 -1.472 14.681 7.484 -0.727 
3 16 14.297 8.502 -1.472 15.031 8.026 -1.472 14.681 7.484 -0.727 
3 16 13.87 7.842 0 13.946 7.96 -0.727 14.605 7.366 0 
3 16 13.946 7.96 -0.727 14.681 7.484 -0.727 14.605 7.366 0 
3 16 13.946 7.96 0.727 13.87 7.842 0 14.681 7.484 0.727 
3 16 13.87 7.842 0 14.605 7.366 0 14.681 7.484 0.727 
3 16 14.297 8.502 1.472 13.946 7.96 0.727 15.031 8.026 1.472 
3 16 13.946 7.96 0.727 14.681 7.484 0.727 15.031 8.026 1.472 
3 16 14.811 9.296 1.75 14.297 8.502 1.472 15.545 8.821 1.75 
3 16 14.297 8.502 1.472 15.031 8.026 1.472 15.545 8.821 1.75 
3 16 7.475 20.909 3.875 1.224 13.217 3.875 7.245 19.989 3.875 
3 16 7.245 19.989 3.875 1.224 13.217 3.875 8.16 16.402 3.875 
3 16 3.546 11.33 3.875 6.703 11.521 3.875 1.224 13.217 3.875 
3 16 6.703 11.521 3.875 8.16 16.402 3.875 1.224 13.217 3.875 
3 16 6.703 11.521 3.875 9.73 12.894 3.875 8.16 16.402 3.875 
3 16 9.73 12.894 3.875 10.726 13.842 3.875 8.16 16.402 3.875 
3 16 3.546 11.33 3.875 4.546 9.467 3.875 6.703 11.521 3.875 
3 16 3.546 11.33 3.875 0.547 7.639 3.875 4.546 9.467 3.875 
3 16 0.547 7.639 3.875 4.568 6.059 3.875 4.546 9.467 3.875 
3 16 4.568 6.059 3.875 6.384 8.426 3.875 4.546 9.467 3.875 
3 16 7.096 2.881 3.875 8.211 4.603 3.875 4.568 6.059 3.875 
3 16 8.211 4.603 3.875 7.845 6.901 3.875 4.568 6.059 3.875 
3 16 4.568 6.059 3.875 7.845 6.901 3.875 6.384 8.426 3.875 
3 16 15.235 9.952 3.875 7.845 6.901 3.875 10.723 2.978 3.875 
3 16 10.723 2.978 3.875 7.845 6.901 3.875 8.211 4.603 3.875 
3 16 15.235 9.952 3.875 11.462 12.392 3.875 7.845 6.901 3.875 
3 16 16.27 11.552 1.75 14.5 12.733 1.75 15.235 9.952 3.875 
3 16 15.235 9.952 3.875 14.5 12.733 1.75 11.462 12.392 3.875 
3 16 11.462 12.392 3.875 14.5 12.733 1.75 12.089 13.365 2.585 
3 16 7.203 20.574 -3.875 7.048 19.989 -3.875 1.224 13.217 -3.875 
3 16 7.048 19.989 -3.875 8.047 16.263 -3.875 1.224 13.217 -3.875 
3 16 3.546 11.33 -3.875 1.224 13.217 -3.875 6.703 11.521 -3.875 
3 16 6.703 11.521 -3.875 1.224 13.217 -3.875 8.047 16.263 -3.875 
3 16 9.73 12.894 -3.875 6.703 11.521 -3.875 8.047 16.263 -3.875 
3 16 9.73 12.894 -3.875 8.047 16.263 -3.875 10.594 13.716 -3.875 
3 16 3.546 11.33 -3.875 6.703 11.521 -3.875 4.546 9.467 -3.875 
3 16 3.546 11.33 -3.875 4.546 9.467 -3.875 0.547 7.639 -3.875 
3 16 0.547 7.639 -3.875 4.546 9.467 -3.875 4.568 6.059 -3.875 
3 16 4.568 6.059 -3.875 4.546 9.467 -3.875 6.384 8.426 -3.875 
3 16 7.096 2.881 -3.875 4.568 6.059 -3.875 8.211 4.603 -3.875 
3 16 8.211 4.603 -3.875 4.568 6.059 -3.875 7.845 6.901 -3.875 
3 16 4.568 6.059 -3.875 6.384 8.426 -3.875 7.845 6.901 -3.875 
3 16 15.235 9.952 -3.875 10.723 2.978 -3.875 7.845 6.901 -3.875 
3 16 10.723 2.978 -3.875 8.211 4.603 -3.875 7.845 6.901 -3.875 
3 16 15.235 9.952 -3.875 7.845 6.901 -3.875 11.462 12.392 -3.875 
3 16 16.27 11.552 -1.75 15.235 9.952 -3.875 14.5 12.537 -1.75 
3 16 15.235 9.952 -3.875 11.462 12.392 -3.875 14.5 12.537 -1.75 
3 16 11.462 12.392 -3.875 11.989 13.21 -2.791 14.5 12.537 -1.75 
3 16 0.547 7.639 3.875 3.546 11.33 3.875 0.547 7.639 -3.875 
3 16 3.546 11.33 3.875 3.546 11.33 -3.875 0.547 7.639 -3.875 
3 16 7.203 20.574 -3.875 1.224 13.217 -3.875 7.203 20.574 -1.75 
3 16 7.203 20.574 -1.75 1.224 13.217 -3.875 7.475 20.909 1.75 
3 16 7.475 20.909 1.75 1.224 13.217 -3.875 1.224 13.217 3.875 
3 16 1.224 13.217 3.875 7.475 20.909 3.875 7.475 20.909 1.75 
3 16 3.546 11.33 3.875 1.224 13.217 3.875 3.546 11.33 -3.875 
3 16 1.224 13.217 3.875 1.224 13.217 -3.875 3.546 11.33 -3.875 
3 16 7.096 2.881 -3.875 8.211 4.603 -3.875 7.096 2.881 3.875 
3 16 8.211 4.603 -3.875 8.211 4.603 3.875 7.096 2.881 3.875 
3 16 15.235 9.952 -3.875 16.27 11.552 -1.75 15.235 9.952 3.875 
3 16 16.27 11.552 -1.75 16.27 11.552 1.75 15.235 9.952 3.875 
3 16 10.723 2.978 -3.875 15.235 9.952 -3.875 10.723 2.978 3.875 
3 16 15.235 9.952 -3.875 15.235 9.952 3.875 10.723 2.978 3.875 
3 16 8.211 4.603 -3.875 10.723 2.978 -3.875 8.211 4.603 3.875 
3 16 10.723 2.978 -3.875 10.723 2.978 3.875 8.211 4.603 3.875 
3 16 9.73 12.894 -3.875 10.594 13.716 -3.875 9.73 12.894 3.875 
3 16 10.594 13.716 -3.875 10.726 13.842 3.875 9.73 12.894 3.875 
3 16 6.384 8.426 3.875 7.845 6.901 3.875 6.384 8.426 -3.875 
3 16 7.845 6.901 3.875 7.845 6.901 -3.875 6.384 8.426 -3.875 
3 16 4.546 9.467 3.875 6.384 8.426 3.875 4.546 9.467 -3.875 
3 16 6.384 8.426 3.875 6.384 8.426 -3.875 4.546 9.467 -3.875 
3 16 11.462 12.392 -3.875 7.845 6.901 -3.875 11.989 13.21 -2.791 
3 16 7.845 6.901 -3.875 12.089 13.365 2.585 11.989 13.21 -2.791 
3 16 12.089 13.365 2.585 7.845 6.901 -3.875 7.845 6.901 3.875 
3 16 12.089 13.365 2.585 7.845 6.901 3.875 11.462 12.392 3.875 
3 16 6.703 11.521 -3.875 9.73 12.894 -3.875 6.703 11.521 3.875 
3 16 9.73 12.894 -3.875 9.73 12.894 3.875 6.703 11.521 3.875 
3 16 4.546 9.467 -3.875 6.703 11.521 -3.875 4.546 9.467 3.875 
3 16 6.703 11.521 -3.875 6.703 11.521 3.875 4.546 9.467 3.875 
3 16 -0.296 13.142 -1.75 1.224 13.217 -1.75 2.905 10.541 -1.75 
3 16 1.224 13.217 -1.75 3.546 11.33 -1.75 2.905 10.541 -1.75 
3 16 -0.296 13.142 -1.75 2.148 16.149 -1.75 1.224 13.217 -1.75 
3 16 1.224 13.217 -1.75 2.148 16.149 -1.75 3.026 15.435 -1.75 
3 16 -0.296 13.142 -1.75 2.905 10.541 -1.75 -0.893 12.408 -1.472 
3 16 2.905 10.541 -1.75 2.308 9.806 -1.472 -0.893 12.408 -1.472 
3 16 -0.893 12.408 -1.472 2.308 9.806 -1.472 -1.3 11.907 -0.727 
3 16 2.308 9.806 -1.472 1.901 9.305 -0.727 -1.3 11.907 -0.727 
3 16 1.812 9.196 0 -1.389 11.798 0 1.901 9.305 -0.727 
3 16 -1.389 11.798 0 -1.3 11.907 -0.727 1.901 9.305 -0.727 
3 16 -1.389 11.798 0 1.812 9.196 0 -1.3 11.907 0.727 
3 16 1.812 9.196 0 1.901 9.305 0.727 -1.3 11.907 0.727 
3 16 -1.3 11.907 0.727 1.901 9.305 0.727 -0.893 12.408 1.472 
3 16 1.901 9.305 0.727 2.308 9.806 1.472 -0.893 12.408 1.472 
3 16 -0.893 12.408 1.472 2.308 9.806 1.472 -0.296 13.142 1.75 
3 16 -0.296 13.142 1.75 2.308 9.806 1.472 2.905 10.541 1.75 
3 16 -0.296 13.142 1.75 2.905 10.541 1.75 1.224 13.217 1.75 
3 16 2.905 10.541 1.75 3.546 11.33 1.75 1.224 13.217 1.75 
3 16 -0.296 13.142 1.75 1.224 13.217 1.75 2.148 16.149 1.75 
3 16 2.148 16.149 1.75 1.224 13.217 1.75 3.026 15.435 1.75 
3 16 2.744 16.884 -1.472 2.148 16.149 -1.75 2.744 16.884 1.472 
3 16 3.151 17.385 0.727 3.151 17.385 -0.727 2.744 16.884 -1.472 
3 16 2.744 16.884 1.472 2.148 16.149 -1.75 2.148 16.149 1.75 
3 16 3.24 17.494 0 3.151 17.385 -0.727 3.151 17.385 0.727 
3 16 3.151 17.385 0.727 2.744 16.884 -1.472 2.744 16.884 1.472 
3 16 -0.296 13.142 1.75 2.148 16.149 1.75 -0.296 13.142 -1.75 
3 16 2.148 16.149 1.75 2.148 16.149 -1.75 -0.296 13.142 -1.75 
3 16 -0.893 12.408 1.472 -0.296 13.142 1.75 -0.893 12.408 -1.472 
3 16 -1.3 11.907 -0.727 -1.3 11.907 0.727 -0.893 12.408 1.472 
3 16 -0.893 12.408 -1.472 -0.296 13.142 1.75 -0.296 13.142 -1.75 
3 16 -1.389 11.798 0 -1.3 11.907 0.727 -1.3 11.907 -0.727 
3 16 -0.893 12.408 1.472 -0.893 12.408 -1.472 -1.3 11.907 -0.727 
3 16 2.744 16.884 1.472 2.148 16.149 1.75 3.623 16.169 1.472 
3 16 2.148 16.149 1.75 3.026 15.435 1.75 3.623 16.169 1.472 
3 16 3.151 17.385 0.727 2.744 16.884 1.472 4.03 16.671 0.727 
3 16 2.744 16.884 1.472 3.623 16.169 1.472 4.03 16.671 0.727 
3 16 3.24 17.494 0 3.151 17.385 0.727 4.119 16.779 0 
3 16 3.151 17.385 0.727 4.03 16.671 0.727 4.119 16.779 0 
3 16 3.151 17.385 -0.727 3.24 17.494 0 4.03 16.671 -0.727 
3 16 3.24 17.494 0 4.119 16.779 0 4.03 16.671 -0.727 
3 16 2.744 16.884 -1.472 3.151 17.385 -0.727 3.623 16.169 -1.472 
3 16 3.151 17.385 -0.727 4.03 16.671 -0.727 3.623 16.169 -1.472 
3 16 2.148 16.149 -1.75 2.744 16.884 -1.472 3.026 15.435 -1.75 
3 16 2.744 16.884 -1.472 3.623 16.169 -1.472 3.026 15.435 -1.75 
3 16 7.051 2.811 4 7.613 -0.918 4 7.051 2.811 -4 
3 16 7.051 2.811 -4 7.613 -0.918 4 7.613 -0.918 -4 
3 16 6.599 -3.956 -4 7.613 -0.918 -4 6.599 -3.956 4 
3 16 6.599 -3.956 4 7.613 -0.918 -4 7.613 -0.918 4 
3 16 6.599 -3.956 4 4.455 -6.274 4 6.599 -3.956 -4 
3 16 6.599 -3.956 -4 4.455 -6.274 4 4.455 -6.274 -4 
3 16 4.455 -6.274 4 2.769 -7.179 4 4.455 -6.274 -4 
3 16 4.455 -6.274 -4 2.769 -7.179 4 2.769 -7.179 -4 
3 16 0.595 -5.599 -4 2.769 -7.179 -4 0.595 -5.599 4 
3 16 0.595 -5.599 4 2.769 -7.179 -4 2.769 -7.179 4 
3 16 0.595 -5.599 4 2.769 -7.179 4 1.97 -3.481 4 
3 16 4.455 -6.274 4 1.97 -3.481 4 2.769 -7.179 4 
3 16 6.599 -3.956 4 3.247 -2.282 4 4.455 -6.274 4 
3 16 4.455 -6.274 4 3.247 -2.282 4 1.97 -3.481 4 
3 16 7.613 -0.918 4 3.921 -0.792 4 6.599 -3.956 4 
3 16 6.599 -3.956 4 3.921 -0.792 4 3.247 -2.282 4 
3 16 7.051 2.811 4 3.727 1.452 4 7.613 -0.918 4 
3 16 7.613 -0.918 4 3.727 1.452 4 3.921 -0.792 4 
3 16 4.568 6.059 4 2.351 3.236 4 7.051 2.811 4 
3 16 7.051 2.811 4 2.351 3.236 4 3.727 1.452 4 
3 16 1.97 -3.481 -4 0.595 -5.599 -4 1.97 -3.481 4 
3 16 1.97 -3.481 4 0.595 -5.599 -4 0.595 -5.599 4 
3 16 4.455 -6.274 -4 2.769 -7.179 -4 1.97 -3.481 -4 
3 16 1.97 -3.481 -4 2.769 -7.179 -4 0.595 -5.599 -4 
3 16 6.599 -3.956 -4 4.455 -6.274 -4 3.247 -2.282 -4 
3 16 3.247 -2.282 -4 4.455 -6.274 -4 1.97 -3.481 -4 
3 16 7.613 -0.918 -4 6.599 -3.956 -4 3.921 -0.792 -4 
3 16 3.921 -0.792 -4 6.599 -3.956 -4 3.247 -2.282 -4 
3 16 7.051 2.811 -4 7.613 -0.918 -4 3.727 1.452 -4 
3 16 3.921 -0.792 -4 3.727 1.452 -4 7.613 -0.918 -4 
3 16 4.568 6.059 -4 7.051 2.811 -4 2.351 3.236 -4 
3 16 3.727 1.452 -4 2.351 3.236 -4 7.051 2.811 -4 
3 16 3.247 -2.282 -4 1.97 -3.481 -4 3.247 -2.282 4 
3 16 3.247 -2.282 4 1.97 -3.481 -4 1.97 -3.481 4 
3 16 3.921 -0.792 -4 3.247 -2.282 -4 3.921 -0.792 4 
3 16 3.921 -0.792 4 3.247 -2.282 -4 3.247 -2.282 4 
3 16 3.727 1.452 -4 3.921 -0.792 -4 3.727 1.452 4 
3 16 3.727 1.452 4 3.921 -0.792 -4 3.921 -0.792 4 
3 16 2.351 3.236 -4 3.727 1.452 -4 2.351 3.236 4 
3 16 2.351 3.236 4 3.727 1.452 -4 3.727 1.452 4 
3 16 4.568 6.059 4 7.051 2.811 4 4.568 6.059 -4 
3 16 4.568 6.059 -4 7.051 2.811 4 7.051 2.811 -4 
3 16 0.495 7.575 4 0.495 7.575 -4 -3.15 6.99 4 
3 16 0.495 7.575 -4 -3.15 6.99 -4 -3.15 6.99 4 
3 16 -5.774 5.086 -4 -5.774 5.086 4 -3.15 6.99 -4 
3 16 -5.774 5.086 4 -3.15 6.99 4 -3.15 6.99 -4 
3 16 -5.774 5.086 4 -5.774 5.086 -4 -7.301 2.43 4 
3 16 -5.774 5.086 -4 -7.301 2.43 -4 -7.301 2.43 4 
3 16 -7.301 2.43 4 -7.301 2.43 -4 -7.684 0.415 4 
3 16 -7.301 2.43 -4 -7.684 0.415 -4 -7.684 0.415 4 
3 16 -5.509 -1.165 -4 -5.509 -1.165 4 -7.684 0.415 -4 
3 16 -5.509 -1.165 4 -7.684 0.415 4 -7.684 0.415 -4 
3 16 -5.509 -1.165 4 -3.92 0.798 4 -7.684 0.415 4 
3 16 -7.301 2.43 4 -7.684 0.415 4 -3.92 0.798 4 
3 16 -5.774 5.086 4 -7.301 2.43 4 -3.153 2.381 4 
3 16 -7.301 2.43 4 -3.92 0.798 4 -3.153 2.381 4 
3 16 -3.15 6.99 4 -5.774 5.086 4 -1.965 3.484 4 
3 16 -5.774 5.086 4 -3.153 2.381 4 -1.965 3.484 4 
3 16 0.495 7.575 4 -3.15 6.99 4 0.229 3.993 4 
3 16 -3.15 6.99 4 -1.965 3.484 4 0.229 3.993 4 
3 16 4.568 6.059 4 0.495 7.575 4 2.351 3.236 4 
3 16 0.495 7.575 4 0.229 3.993 4 2.351 3.236 4 
3 16 -3.92 0.798 -4 -3.92 0.798 4 -5.509 -1.165 -4 
3 16 -3.92 0.798 4 -5.509 -1.165 4 -5.509 -1.165 -4 
3 16 -7.301 2.43 -4 -3.92 0.798 -4 -7.684 0.415 -4 
3 16 -3.92 0.798 -4 -5.509 -1.165 -4 -7.684 0.415 -4 
3 16 -5.774 5.086 -4 -3.153 2.381 -4 -7.301 2.43 -4 
3 16 -3.153 2.381 -4 -3.92 0.798 -4 -7.301 2.43 -4 
3 16 -3.15 6.99 -4 -1.965 3.484 -4 -5.774 5.086 -4 
3 16 -1.965 3.484 -4 -3.153 2.381 -4 -5.774 5.086 -4 
3 16 0.495 7.575 -4 0.229 3.993 -4 -3.15 6.99 -4 
3 16 -1.965 3.484 -4 -3.15 6.99 -4 0.229 3.993 -4 
3 16 4.568 6.059 -4 2.351 3.236 -4 0.495 7.575 -4 
3 16 0.229 3.993 -4 0.495 7.575 -4 2.351 3.236 -4 
3 16 -3.153 2.381 -4 -3.153 2.381 4 -3.92 0.798 -4 
3 16 -3.153 2.381 4 -3.92 0.798 4 -3.92 0.798 -4 
3 16 -1.965 3.484 -4 -1.965 3.484 4 -3.153 2.381 -4 
3 16 -1.965 3.484 4 -3.153 2.381 4 -3.153 2.381 -4 
3 16 0.229 3.993 -4 0.229 3.993 4 -1.965 3.484 -4 
3 16 0.229 3.993 4 -1.965 3.484 4 -1.965 3.484 -4 
3 16 2.351 3.236 -4 2.351 3.236 4 0.229 3.993 -4 
3 16 2.351 3.236 4 0.229 3.993 4 0.229 3.993 -4 
3 16 4.568 6.059 4 4.568 6.059 -4 0.495 7.575 4 
3 16 4.568 6.059 -4 0.495 7.575 -4 0.495 7.575 4 
3 16 8.708 9.36 2.75 8.273 8.925 2.75 8.708 9.36 -2.125 
3 16 8.273 8.925 2.75 8.273 8.925 -2.125 8.708 9.36 -2.125 
3 16 8.273 8.925 2.75 7.679 8.766 2.75 8.273 8.925 -2.125 
3 16 7.679 8.766 2.75 7.679 8.766 -2.125 8.273 8.925 -2.125 
3 16 7.679 8.766 2.75 7.086 8.925 2.75 7.679 8.766 -2.125 
3 16 7.086 8.925 2.75 7.086 8.925 -2.125 7.679 8.766 -2.125 
3 16 7.086 8.925 2.75 6.651 9.36 2.75 7.086 8.925 -2.125 
3 16 6.651 9.36 2.75 6.651 9.36 -2.125 7.086 8.925 -2.125 
3 16 6.651 9.36 2.75 6.492 9.954 2.75 6.651 9.36 -2.125 
3 16 6.492 9.954 2.75 6.492 9.954 -2.125 6.651 9.36 -2.125 
3 16 6.492 9.954 2.75 6.651 10.547 2.75 6.492 9.954 -2.125 
3 16 6.651 10.547 2.75 6.651 10.547 -2.125 6.492 9.954 -2.125 
3 16 6.651 10.547 2.75 7.086 10.982 2.75 6.651 10.547 -2.125 
3 16 7.086 10.982 2.75 7.086 10.982 -2.125 6.651 10.547 -2.125 
3 16 7.086 10.982 2.75 7.679 11.141 2.75 7.086 10.982 -2.125 
3 16 7.679 11.141 2.75 7.679 11.141 -2.125 7.086 10.982 -2.125 
3 16 7.679 11.141 2.75 8.273 10.982 2.75 7.679 11.141 -2.125 
3 16 8.273 10.982 2.75 8.273 10.982 -2.125 7.679 11.141 -2.125 
3 16 8.273 10.982 2.75 8.708 10.547 2.75 8.273 10.982 -2.125 
3 16 8.708 10.547 2.75 8.708 10.547 -2.125 8.273 10.982 -2.125 
3 16 8.708 10.547 2.75 8.867 9.954 2.75 8.708 10.547 -2.125 
3 16 8.867 9.954 2.75 8.867 9.954 -2.125 8.708 10.547 -2.125 
3 16 8.867 9.954 2.75 8.708 9.36 2.75 8.867 9.954 -2.125 
3 16 8.708 9.36 2.75 8.708 9.36 -2.125 8.867 9.954 -2.125 
3 16 8.273 8.925 2.75 8.708 9.36 2.75 7.679 9.954 2.75 
3 16 7.679 8.766 2.75 8.273 8.925 2.75 7.679 9.954 2.75 
3 16 7.086 8.925 2.75 7.679 8.766 2.75 7.679 9.954 2.75 
3 16 6.651 9.36 2.75 7.086 8.925 2.75 7.679 9.954 2.75 
3 16 6.492 9.954 2.75 6.651 9.36 2.75 7.679 9.954 2.75 
3 16 6.651 10.547 2.75 6.492 9.954 2.75 7.679 9.954 2.75 
3 16 7.086 10.982 2.75 6.651 10.547 2.75 7.679 9.954 2.75 
3 16 7.679 11.141 2.75 7.086 10.982 2.75 7.679 9.954 2.75 
3 16 8.273 10.982 2.75 7.679 11.141 2.75 7.679 9.954 2.75 
3 16 8.708 10.547 2.75 8.273 10.982 2.75 7.679 9.954 2.75 
3 16 8.867 9.954 2.75 8.708 10.547 2.75 7.679 9.954 2.75 
3 16 8.708 9.36 2.75 8.867 9.954 2.75 7.679 9.954 2.75 
3 16 8.708 9.36 -2.125 8.273 8.925 -2.125 7.679 9.954 -2.125 
3 16 8.273 8.925 -2.125 7.679 8.766 -2.125 7.679 9.954 -2.125 
3 16 7.679 8.766 -2.125 7.086 8.925 -2.125 7.679 9.954 -2.125 
3 16 7.086 8.925 -2.125 6.651 9.36 -2.125 7.679 9.954 -2.125 
3 16 6.651 9.36 -2.125 6.492 9.954 -2.125 7.679 9.954 -2.125 
3 16 6.492 9.954 -2.125 6.651 10.547 -2.125 7.679 9.954 -2.125 
3 16 6.651 10.547 -2.125 7.086 10.982 -2.125 7.679 9.954 -2.125 
3 16 7.086 10.982 -2.125 7.679 11.141 -2.125 7.679 9.954 -2.125 
3 16 7.679 11.141 -2.125 8.273 10.982 -2.125 7.679 9.954 -2.125 
3 16 8.273 10.982 -2.125 8.708 10.547 -2.125 7.679 9.954 -2.125 
3 16 8.708 10.547 -2.125 8.867 9.954 -2.125 7.679 9.954 -2.125 
3 16 8.867 9.954 -2.125 8.708 9.36 -2.125 7.679 9.954 -2.125 
3 16 6.492 9.954 -1.75 4.546 9.467 -1.75 6.651 10.547 -1.75 
3 16 6.651 10.547 -1.75 4.546 9.467 -1.75 6.703 11.521 -1.75 
3 16 6.384 8.426 -1.75 4.546 9.467 -1.75 6.651 9.36 -1.75 
3 16 4.546 9.467 -1.75 6.492 9.954 -1.75 6.651 9.36 -1.75 
3 16 6.651 10.547 -1.75 6.703 11.521 -1.75 7.086 10.982 -1.75 
3 16 6.651 9.36 -1.75 7.086 8.925 -1.75 6.384 8.426 -1.75 
3 16 11.989 13.21 -1.75 11.462 12.392 -1.75 10.774 13.535 -1.75 
3 16 7.086 10.982 -1.75 6.703 11.521 -1.75 7.679 11.141 -1.75 
3 16 7.679 11.141 -1.75 6.703 11.521 -1.75 9.73 12.894 -1.75 
3 16 7.679 11.141 -1.75 9.73 12.894 -1.75 8.273 10.982 -1.75 
3 16 6.384 8.426 -1.75 7.086 8.925 -1.75 7.845 6.901 -1.75 
3 16 7.086 8.925 -1.75 7.679 8.766 -1.75 7.845 6.901 -1.75 
3 16 10.594 13.716 -1.75 10.774 13.535 -1.75 9.73 12.894 -1.75 
3 16 10.774 13.535 -1.75 11.462 12.392 -1.75 9.73 12.894 -1.75 
3 16 8.273 10.982 -1.75 9.73 12.894 -1.75 8.708 10.547 -1.75 
3 16 9.73 12.894 -1.75 11.462 12.392 -1.75 8.708 10.547 -1.75 
3 16 7.679 8.766 -1.75 8.273 8.925 -1.75 7.845 6.901 -1.75 
3 16 8.708 10.547 -1.75 11.462 12.392 -1.75 8.867 9.954 -1.75 
3 16 8.273 8.925 -1.75 8.708 9.36 -1.75 7.845 6.901 -1.75 
3 16 8.867 9.954 -1.75 11.462 12.392 -1.75 8.708 9.36 -1.75 
3 16 8.708 9.36 -1.75 11.462 12.392 -1.75 7.845 6.901 -1.75 
3 16 11.989 13.21 2.5 10.774 13.535 2.5 11.462 12.392 2.5 
3 16 6.703 11.521 2.5 4.546 9.467 2.5 6.651 10.547 2.5 
3 16 4.546 9.467 2.5 6.492 9.954 2.5 6.651 10.547 2.5 
3 16 6.651 10.547 2.5 7.086 10.982 2.5 6.703 11.521 2.5 
3 16 6.492 9.954 2.5 4.546 9.467 2.5 6.651 9.36 2.5 
3 16 6.651 9.36 2.5 4.546 9.467 2.5 6.384 8.426 2.5 
3 16 6.651 9.36 2.5 6.384 8.426 2.5 7.086 8.925 2.5 
3 16 9.73 12.894 2.5 6.703 11.521 2.5 7.679 11.141 2.5 
3 16 6.703 11.521 2.5 7.086 10.982 2.5 7.679 11.141 2.5 
3 16 7.679 11.141 2.5 8.273 10.982 2.5 9.73 12.894 2.5 
3 16 6.384 8.426 2.5 7.845 6.901 2.5 7.086 8.925 2.5 
3 16 7.086 8.925 2.5 7.845 6.901 2.5 7.679 8.766 2.5 
3 16 10.594 13.716 2.5 9.73 12.894 2.5 10.774 13.535 2.5 
3 16 10.774 13.535 2.5 9.73 12.894 2.5 11.462 12.392 2.5 
3 16 8.273 10.982 2.5 8.708 10.547 2.5 9.73 12.894 2.5 
3 16 9.73 12.894 2.5 8.708 10.547 2.5 11.462 12.392 2.5 
3 16 7.679 8.766 2.5 7.845 6.901 2.5 8.273 8.925 2.5 
3 16 8.708 10.547 2.5 8.867 9.954 2.5 11.462 12.392 2.5 
3 16 8.273 8.925 2.5 7.845 6.901 2.5 8.708 9.36 2.5 
3 16 8.867 9.954 2.5 8.708 9.36 2.5 11.462 12.392 2.5 
3 16 11.462 12.392 2.5 8.708 9.36 2.5 7.845 6.901 2.5 
2 24 2.069 23.939 5.125 3.142 26.511 1.75 
2 24 1.173 24.59 5.125 2.069 23.939 5.125 
2 24 3.142 26.511 1.75 2.323 27.105 1.75 
2 24 2.323 27.105 1.75 1.173 24.59 5.125 
2 24 1.173 24.59 -5.125 2.323 27.105 -1.75 
2 24 2.069 23.939 -5.125 1.173 24.59 -5.125 
2 24 2.323 27.105 -1.75 3.142 26.511 -1.75 
2 24 3.142 26.511 -1.75 2.069 23.939 -5.125 
2 24 3.754 29.143 -1.75 2.323 27.105 -1.75 
2 24 2.323 27.105 1.75 3.754 29.143 1.75 
2 24 6.031 31.201 -1.75 3.754 29.143 -1.75 
2 24 3.754 29.143 1.75 6.031 31.201 1.75 
2 24 8.603 32.821 -1.75 6.031 31.201 -1.75 
2 24 6.031 31.201 1.75 8.603 32.821 1.75 
2 24 21.175 25.5 1.75 18.16 27.722 1.75 
2 24 18.899 25.5 1.75 21.175 25.5 1.75 
2 24 18.128 26.272 1.75 18.899 25.5 1.75 
2 24 14.5 27.244 1.75 18.128 26.272 1.75 
2 24 18.16 27.722 1.75 14.526 28.625 1.75 
2 24 11.689 26.503 1.75 14.5 27.244 1.75 
2 24 14.526 28.625 1.75 12.032 28.255 1.75 
2 24 10.124 29.515 1.75 11.689 26.503 1.75 
2 24 10.269 29.572 1.75 10.124 29.515 1.75 
2 24 12.032 28.255 1.75 10.826 31.861 1.75 
2 24 10.826 31.861 1.75 9.929 32.838 1.75 
2 24 9.251 31.858 1.75 10.269 29.572 1.75 
2 24 9.929 32.838 1.75 8.603 32.821 1.75 
2 24 6.844 30.573 1.75 9.251 31.858 1.75 
2 24 4.74 28.733 1.75 6.844 30.573 1.75 
2 24 3.142 26.511 1.75 4.74 28.733 1.75 
2 24 21.175 25.5 1.75 21.175 25.5 -1.75 
2 24 21.175 25.5 -1.75 18.16 27.722 -1.75 
2 24 18.16 27.722 -1.75 14.526 28.625 -1.75 
2 24 12.032 28.255 -1.75 12.032 28.255 1.75 
2 24 14.526 28.625 -1.75 12.032 28.255 -1.75 
2 24 21.175 25.5 -1.75 19.168 25.5 -1.75 
2 24 19.168 25.5 -1.75 18.226 26.442 -1.75 
2 24 18.226 26.442 -1.75 14.5 27.44 -1.75 
2 24 10.826 31.861 -1.75 12.032 28.255 -1.75 
2 24 14.5 27.44 -1.75 11.599 26.676 -1.75 
2 24 10.117 29.529 -1.75 10.263 29.586 -1.75 
2 24 11.599 26.676 -1.75 10.117 29.529 -1.75 
2 24 9.929 32.838 -1.75 10.826 31.861 -1.75 
2 24 10.263 29.586 -1.75 9.251 31.858 -1.75 
2 24 8.603 32.821 -1.75 9.929 32.838 -1.75 
2 24 9.251 31.858 -1.75 6.844 30.573 -1.75 
2 24 6.844 30.573 -1.75 4.74 28.733 -1.75 
2 24 4.74 28.733 -1.75 3.142 26.511 -1.75 
2 24 1.173 24.59 -5.125 1.173 24.59 5.125 
2 24 6.009 26.297 -1.75 7.811 22.83 -1.75 
2 24 5.005 24.705 -1.75 6.009 26.297 -1.75 
2 24 6.26 22.446 -1.75 5.131 23.481 -1.75 
2 24 7.811 22.83 -1.75 7.203 20.574 -1.75 
2 24 5.939 20.76 -1.75 6.26 22.446 -1.75 
2 24 7.203 20.574 -1.75 5.959 19.044 -1.75 
2 24 5.959 19.044 -1.75 5.939 20.76 -1.75 
2 24 5.142 23.471 1.75 5.131 23.481 -1.75 
2 24 6.26 22.446 -1.75 6.26 22.446 1.75 
2 24 6.26 22.446 1.75 5.142 23.471 1.75 
2 24 5.959 19.044 -1.75 5.959 19.044 1.75 
2 24 5.959 19.044 1.75 5.939 20.76 1.75 
2 24 5.939 20.76 1.75 6.26 22.446 1.75 
2 24 4.106 22.071 -1.75 4.257 22.419 -1.75 
2 24 5.131 23.481 -1.75 4.106 22.071 -1.75 
2 24 4.257 22.419 -1.75 5.005 24.705 -1.75 
2 24 5.959 19.044 1.75 7.475 20.909 1.75 
2 24 7.475 20.909 1.75 7.942 22.579 1.75 
2 24 7.942 22.579 1.75 6.01 26.295 1.75 
2 24 6.01 26.295 1.75 5.037 24.736 1.75 
2 24 5.037 24.736 1.75 4.12 22.064 1.75 
2 24 4.12 22.064 1.75 5.142 23.471 1.75 
2 24 4.12 22.064 1.75 4.106 22.071 -1.75 
2 24 8.047 23.714 -2.616 7.811 22.83 -1.75 
2 24 6.009 26.297 -1.75 6.31 26.798 -2.599 
2 24 6.31 26.798 -2.599 8.04 28.412 -3.077 
2 24 9.536 25.244 -3.059 8.047 23.714 -2.616 
2 24 10.679 26.399 -2.614 9.536 25.244 -3.059 
2 24 8.04 28.412 -3.077 9.258 29.133 -2.614 
2 24 9.258 29.133 -2.614 10.117 29.529 -1.75 
2 24 11.599 26.676 -1.75 10.679 26.399 -2.614 
2 24 6.025 26.266 1.75 7.942 22.579 1.75 
2 24 6.362 26.791 2.614 6.025 26.266 1.75 
2 24 7.942 22.579 1.75 8.217 23.616 2.614 
2 24 8.217 23.616 2.614 9.654 25.07 3.057 
2 24 8.039 28.356 3.077 6.362 26.791 2.614 
2 24 9.539 29.256 2.614 8.039 28.356 3.077 
2 24 9.654 25.07 3.057 10.872 26.272 2.614 
2 24 10.872 26.272 2.614 11.689 26.503 1.75 
2 24 10.124 29.515 1.75 9.539 29.256 2.614 
2 24 8.565 31.561 -4.4 9.244 31.856 -2.647 
2 24 10.252 29.59 -2.647 9.566 29.312 -4.4 
2 24 6.934 30.634 -5.125 8.565 31.561 -4.4 
2 24 9.566 29.312 -4.4 8.04 28.412 -5.125 
2 24 1.995 19.14 0 2.257 19.526 -1.727 
2 24 2.694 20.102 3.534 1.995 19.14 0 
2 24 2.541 19.927 -2.404 3.658 21.504 -5.125 
2 24 1.055 19.666 -1.226 1.744 19.442 -1.327 
2 24 1.758 19.589 2.024 1.127 19.717 1.606 
2 24 0.436 20.918 -2.489 0.622 20.128 -1.577 
2 24 0.406 19.865 0 0.436 20.918 -2.489 
2 24 0.622 20.128 -1.577 1.055 19.666 -1.226 
2 24 2.541 19.927 -2.404 2.257 19.526 -1.727 
2 24 2.257 19.526 -1.727 1.744 19.442 -1.327 
2 24 0.436 20.918 -2.489 0.689 22.816 -5.125 
2 24 0.689 22.816 -5.125 3.658 21.504 -5.125 
2 24 2.694 20.102 3.534 1.758 19.589 2.024 
2 24 1.127 19.717 1.606 0.644 20.142 1.699 
2 24 0.644 20.142 1.699 0.436 20.918 2.489 
2 24 0.436 20.918 2.489 0.406 19.865 0 
2 24 3.292 20.925 5.125 0.689 22.816 5.125 
2 24 2.694 20.102 3.534 3.292 20.925 5.125 
2 24 0.689 22.816 5.125 0.436 20.918 2.489 
2 24 0.689 22.816 5.125 1.173 24.59 5.125 
2 24 1.173 24.59 -5.125 0.689 22.816 -5.125 
2 24 3.658 21.504 -5.125 4.078 22.083 -5.125 
2 24 4.12 22.064 5.125 3.292 20.925 5.125 
2 24 5.037 24.736 5.125 4.12 22.064 5.125 
2 24 4.078 22.083 -5.125 4.978 24.717 -5.125 
2 24 6.362 26.791 5.125 5.037 24.736 5.125 
2 24 4.978 24.717 -5.125 6.31 26.798 -5.125 
2 24 6.31 26.798 -5.125 8.04 28.412 -5.125 
2 24 8.039 28.356 5.125 6.362 26.791 5.125 
2 24 9.539 29.256 4.423 8.039 28.356 5.125 
2 24 10.252 29.59 -2.647 10.238 29.56 2.712 
2 24 10.238 29.56 2.712 9.539 29.256 4.423 
2 24 9.244 31.856 -2.647 9.22 31.846 2.712 
2 24 8.522 31.541 4.423 9.22 31.846 2.712 
2 24 6.934 30.634 -5.125 4.74 28.733 -5.125 
2 24 3.114 26.46 -5.125 4.74 28.733 -5.125 
2 24 2.069 23.939 -5.125 3.114 26.46 -5.125 
2 24 6.924 30.627 5.125 8.522 31.541 4.423 
2 24 4.74 28.733 5.125 6.924 30.627 5.125 
2 24 3.114 26.46 5.125 4.74 28.733 5.125 
2 24 2.069 23.939 5.125 3.114 26.46 5.125 
2 24 2.069 23.939 -5.125 2.069 23.939 5.125 
2 24 23 20 -4.627 23 25.5 -3.558 
2 24 23 25.5 -3.558 23 25.5 3.558 
2 24 23 25.5 3.558 23 20 4.627 
2 24 23 14.5 -3.558 23 20 -4.627 
2 24 23 14.5 3.558 23 14.5 -3.558 
2 24 23 20 4.627 23 14.5 3.558 
2 24 23 20 4.627 21.821 20 4.627 
2 24 21.821 20 4.627 20.783 16.361 3.971 
2 24 20.783 16.361 3.971 18.922 14.5 3.558 
2 24 18.922 14.5 3.558 23 14.5 3.558 
2 24 20.783 23.616 3.928 21.821 20 4.627 
2 24 18.899 25.5 3.558 20.783 23.616 3.928 
2 24 23 25.5 3.558 18.899 25.5 3.558 
2 24 20.953 23.714 -3.914 19.168 25.5 -3.558 
2 24 19.168 25.5 -3.558 23 25.5 -3.558 
2 24 23 20 -4.627 21.991 20 -4.627 
2 24 21.991 20 -4.627 20.953 23.714 -3.914 
2 24 18.899 25.5 1.75 18.899 25.5 3.558 
2 24 19.168 25.5 -1.75 18.899 25.5 1.75 
2 24 19.168 25.5 -3.558 19.168 25.5 -1.75 
2 24 19.19 14.5 -3.558 23 14.5 -3.558 
2 24 19.19 14.5 -1.75 19.19 14.5 -3.558 
2 24 18.922 14.5 1.75 19.19 14.5 -1.75 
2 24 18.922 14.5 3.558 18.922 14.5 1.75 
2 24 19.19 14.5 -3.558 20.953 16.263 -3.957 
2 24 20.953 16.263 -3.957 21.991 20 -4.627 
2 24 14.5 24.956 -0.381 16.984 24.291 -0.381 
2 24 12.016 24.291 -0.381 14.5 24.956 -0.381 
2 24 10.198 22.472 -0.381 12.016 24.291 -0.381 
2 24 9.532 19.989 -0.381 10.198 22.472 -0.381 
2 24 10.198 17.505 -0.381 9.532 19.989 -0.381 
2 24 12.016 15.686 -0.381 10.198 17.505 -0.381 
2 24 14.5 15.021 -0.381 12.016 15.686 -0.381 
2 24 16.984 15.686 -0.381 14.5 15.021 -0.381 
2 24 18.802 17.505 -0.381 16.984 15.686 -0.381 
2 24 19.468 19.989 -0.381 18.802 17.505 -0.381 
2 24 18.802 22.472 -0.381 19.468 19.989 -0.381 
2 24 16.984 24.291 -0.381 18.802 22.472 -0.381 
2 24 14.5 24.956 -5.625 16.984 24.291 -5.625 
2 24 12.016 24.291 -5.625 14.5 24.956 -5.625 
2 24 10.198 22.472 -5.625 12.016 24.291 -5.625 
2 24 9.532 19.989 -5.625 10.198 22.472 -5.625 
2 24 10.198 17.505 -5.625 9.532 19.989 -5.625 
2 24 12.016 15.686 -5.625 10.198 17.505 -5.625 
2 24 14.5 15.021 -5.625 12.016 15.686 -5.625 
2 24 16.984 15.686 -5.625 14.5 15.021 -5.625 
2 24 18.802 17.505 -5.625 16.984 15.686 -5.625 
2 24 19.468 19.989 -5.625 18.802 17.505 -5.625 
2 24 18.802 22.472 -5.625 19.468 19.989 -5.625 
2 24 16.984 24.291 -5.625 18.802 22.472 -5.625 
2 24 21.952 19.989 -5.625 20.953 16.263 -5.625 
2 24 20.953 23.714 -5.625 21.952 19.989 -5.625 
2 24 18.226 26.442 -5.625 20.953 23.714 -5.625 
2 24 14.5 27.44 -5.625 18.226 26.442 -5.625 
2 24 10.774 26.442 -5.625 14.5 27.44 -5.625 
2 24 8.047 23.714 -5.625 10.774 26.442 -5.625 
2 24 7.048 19.989 -5.625 8.047 23.714 -5.625 
2 24 8.047 16.263 -5.625 7.048 19.989 -5.625 
2 24 10.774 13.535 -5.625 8.047 16.263 -5.625 
2 24 14.5 12.537 -5.625 10.774 13.535 -5.625 
2 24 18.226 13.535 -5.625 14.5 12.537 -5.625 
2 24 20.953 16.263 -5.625 18.226 13.535 -5.625 
2 24 21.952 19.989 -1.75 20.953 16.263 -1.75 
2 24 20.953 23.714 -1.75 21.952 19.989 -1.75 
2 24 18.226 26.442 -1.75 20.953 23.714 -1.75 
2 24 10.774 26.442 -1.75 14.5 27.44 -1.75 
2 24 8.047 23.714 -1.75 10.774 26.442 -1.75 
2 24 7.048 19.989 -1.75 8.047 23.714 -1.75 
2 24 8.047 16.263 -1.75 7.048 19.989 -1.75 
2 24 10.774 13.535 -1.75 8.047 16.263 -1.75 
2 24 14.5 12.537 -1.75 10.774 13.535 -1.75 
2 24 18.226 13.535 -1.75 14.5 12.537 -1.75 
2 24 20.953 16.263 -1.75 18.226 13.535 -1.75 
2 24 33.017 23.831 2.361 32.508 23.873 0.485 
2 24 32 23.885 2.271 33.017 23.831 2.361 
2 24 32.508 23.873 0.485 32 23.897 0.373 
2 24 32 23.897 0.373 32 23.885 2.271 
2 24 33.424 22.264 3.86 33.017 23.831 2.361 
2 24 32 23.885 2.271 32 22.732 3.527 
2 24 32 22.732 3.527 32 20 4.5 
2 24 34.085 20 4.5 33.424 22.264 3.86 
2 24 32 23.464 2 32 22 3.482 
2 24 32 23.897 0.373 32 23.464 2 
2 24 32 22 3.482 32 20 3.884 
2 24 33.017 16.169 2.361 32 16.115 2.271 
2 24 32.508 16.127 0.485 33.017 16.169 2.361 
2 24 32 16.115 2.271 32 16.103 0.373 
2 24 32 16.103 0.373 32.508 16.127 0.485 
2 24 33.017 16.169 2.361 33.424 17.736 3.86 
2 24 32 17.268 3.527 32 16.115 2.271 
2 24 32 20 4.5 32 17.268 3.527 
2 24 33.424 17.736 3.86 34.085 20 4.5 
2 24 32 18 3.482 32 16.536 2 
2 24 32 16.536 2 32 16.103 0.373 
2 24 32 20 3.884 32 18 3.482 
2 24 33.017 23.831 -2.361 32 23.885 -2.271 
2 24 32.508 23.873 -0.485 33.017 23.831 -2.361 
2 24 32 23.885 -2.271 32 23.897 -0.373 
2 24 32 23.897 -0.373 32.508 23.873 -0.485 
2 24 33.017 23.831 -2.361 33.424 22.264 -3.86 
2 24 32 22.732 -3.527 32 23.885 -2.271 
2 24 32 20 -4.5 32 22.732 -3.527 
2 24 33.424 22.264 -3.86 34.085 20 -4.5 
2 24 32 22 -3.482 32 23.464 -2 
2 24 32 23.464 -2 32 23.897 -0.373 
2 24 32 20 -3.884 32 22 -3.482 
2 24 33.017 16.169 -2.361 32.508 16.127 -0.485 
2 24 32 16.115 -2.271 33.017 16.169 -2.361 
2 24 32.508 16.127 -0.485 32 16.103 -0.373 
2 24 32 16.103 -0.373 32 16.115 -2.271 
2 24 33.424 17.736 -3.86 33.017 16.169 -2.361 
2 24 32 16.115 -2.271 32 17.268 -3.527 
2 24 32 17.268 -3.527 32 20 -4.5 
2 24 34.085 20 -4.5 33.424 17.736 -3.86 
2 24 32 16.536 -2 32 18 -3.482 
2 24 32 16.103 -0.373 32 16.536 -2 
2 24 32 18 -3.482 32 20 -3.884 
2 24 32.919 23.464 2 32.375 24 0 
2 24 23 24 0 23 23.464 2 
2 24 32.375 24 0 32.919 23.464 -2 
2 24 23 23.464 -2 23 24 0 
2 24 32.919 23.464 -2 33.317 22 -3.464 
2 24 23 22 -3.464 23 23.464 -2 
2 24 33.317 22 -3.464 33.424 20 -3.86 
2 24 23 20 -4 23 22 -3.464 
2 24 33.424 20 -3.86 33.317 18 -3.464 
2 24 23 18 -3.464 23 20 -4 
2 24 33.317 18 -3.464 32.919 16.536 -2 
2 24 23 16.536 -2 23 18 -3.464 
2 24 32.919 16.536 -2 32.375 16 0 
2 24 23 16 0 23 16.536 -2 
2 24 32.375 16 0 32.919 16.536 2 
2 24 23 16.536 2 23 16 0 
2 24 32.919 16.536 2 33.317 18 3.464 
2 24 23 18 3.464 23 16.536 2 
2 24 33.317 18 3.464 33.424 20 3.86 
2 24 23 20 4 23 18 3.464 
2 24 33.424 20 3.86 33.317 22 3.464 
2 24 23 22 3.464 23 20 4 
2 24 33.317 22 3.464 32.919 23.464 2 
2 24 23 23.464 2 23 22 3.464 
2 24 33.424 24 -3.86 36.369 24 -6.705 
2 24 36.369 16 -6.705 33.424 16 -3.86 
2 24 39.333 16 -7.525 36.369 16 -6.705 
2 24 36.369 24 -6.705 39.333 24 -7.525 
2 24 39.333 24 -7.525 42.394 24 -7.239 
2 24 42.394 16 -7.239 39.333 16 -7.525 
2 24 42.394 24 -7.239 44.25 24 -6.331 
2 24 44.25 24 -6.331 44.25 16 -6.331 
2 24 44.25 16 -6.331 42.394 16 -7.239 
2 24 44.25 16 -3.776 44.25 16 -6.331 
2 24 44.25 24 -3.776 44.25 16 -3.776 
2 24 44.25 24 -6.331 44.25 24 -3.776 
2 24 41.658 24 -3.64 44.25 24 -3.776 
2 24 39.997 24 -3.959 41.658 24 -3.64 
2 24 38.336 24 -3.638 39.997 24 -3.959 
2 24 36.634 24 -2.162 38.336 24 -3.638 
2 24 33.424 24 -3.86 32.375 24 0 
2 24 36 24 0 36.634 24 -2.162 
2 24 41.658 16 -3.64 44.25 16 -3.776 
2 24 41.658 24 -3.64 41.658 16 -3.64 
2 24 41.658 16 -3.64 39.997 16 -3.959 
2 24 39.997 16 -3.959 38.336 16 -3.638 
2 24 38.336 16 -3.638 36.634 16 -2.162 
2 24 32.375 16 0 33.424 16 -3.86 
2 24 36.634 16 -2.162 36 16 0 
2 24 36.369 24 6.705 33.424 24 3.86 
2 24 33.424 16 3.86 36.369 16 6.705 
2 24 36.369 16 6.705 39.333 16 7.525 
2 24 39.333 24 7.525 36.369 24 6.705 
2 24 42.394 24 7.239 39.333 24 7.525 
2 24 39.333 16 7.525 42.394 16 7.239 
2 24 44.25 24 6.331 42.394 24 7.239 
2 24 42.394 16 7.239 44.25 16 6.331 
2 24 44.25 16 6.331 44.25 24 6.331 
2 24 44.25 16 3.776 44.25 24 3.776 
2 24 44.25 16 6.331 44.25 16 3.776 
2 24 44.25 24 3.776 44.25 24 6.331 
2 24 44.25 24 3.776 41.658 24 3.64 
2 24 41.658 24 3.64 39.997 24 3.959 
2 24 39.997 24 3.959 38.336 24 3.638 
2 24 38.336 24 3.638 36.634 24 2.162 
2 24 32.375 24 0 33.424 24 3.86 
2 24 36.634 24 2.162 36 24 0 
2 24 41.658 16 3.64 41.658 24 3.64 
2 24 44.25 16 3.776 41.658 16 3.64 
2 24 39.997 16 3.959 41.658 16 3.64 
2 24 38.336 16 3.638 39.997 16 3.959 
2 24 36.634 16 2.162 38.336 16 3.638 
2 24 33.424 16 3.86 32.375 16 0 
2 24 36 16 0 36.634 16 2.162 
2 24 14.5 14.739 3.477 17.125 15.442 3.477 
2 24 11.875 15.442 3.477 14.5 14.739 3.477 
2 24 9.953 17.364 3.477 11.875 15.442 3.477 
2 24 9.25 19.989 3.477 9.953 17.364 3.477 
2 24 9.953 22.614 3.477 9.25 19.989 3.477 
2 24 11.875 24.535 3.477 9.953 22.614 3.477 
2 24 14.5 25.239 3.477 11.875 24.535 3.477 
2 24 17.125 24.535 3.477 14.5 25.239 3.477 
2 24 19.047 22.614 3.477 17.125 24.535 3.477 
2 24 19.75 19.989 3.477 19.047 22.614 3.477 
2 24 19.047 17.364 3.477 19.75 19.989 3.477 
2 24 17.125 15.442 3.477 19.047 17.364 3.477 
2 24 14.5 14.739 5.625 17.125 15.442 5.625 
2 24 11.875 15.442 5.625 14.5 14.739 5.625 
2 24 9.953 17.364 5.625 11.875 15.442 5.625 
2 24 9.25 19.989 5.625 9.953 17.364 5.625 
2 24 9.953 22.614 5.625 9.25 19.989 5.625 
2 24 11.875 24.535 5.625 9.953 22.614 5.625 
2 24 14.5 25.239 5.625 11.875 24.535 5.625 
2 24 17.125 24.535 5.625 14.5 25.239 5.625 
2 24 19.047 22.614 5.625 17.125 24.535 5.625 
2 24 19.75 19.989 5.625 19.047 22.614 5.625 
2 24 19.047 17.364 5.625 19.75 19.989 5.625 
2 24 17.125 15.442 5.625 19.047 17.364 5.625 
2 24 21.755 19.989 5.625 20.783 23.616 5.625 
2 24 20.783 16.361 5.625 21.755 19.989 5.625 
2 24 18.128 13.705 5.625 20.783 16.361 5.625 
2 24 14.5 12.733 5.625 18.128 13.705 5.625 
2 24 10.872 13.705 5.625 14.5 12.733 5.625 
2 24 8.217 16.361 5.625 10.872 13.705 5.625 
2 24 7.245 19.989 5.625 8.217 16.361 5.625 
2 24 8.217 23.616 5.625 7.245 19.989 5.625 
2 24 10.872 26.272 5.625 8.217 23.616 5.625 
2 24 14.5 27.244 5.625 10.872 26.272 5.625 
2 24 18.128 26.272 5.625 14.5 27.244 5.625 
2 24 20.783 23.616 5.625 18.128 26.272 5.625 
2 24 21.755 19.989 1.75 20.783 23.616 1.75 
2 24 20.783 16.361 1.75 21.755 19.989 1.75 
2 24 18.128 13.705 1.75 20.783 16.361 1.75 
2 24 14.5 12.733 1.75 18.128 13.705 1.75 
2 24 10.872 13.705 1.75 14.5 12.733 1.75 
2 24 8.217 16.361 1.75 10.872 13.705 1.75 
2 24 7.245 19.989 1.75 8.217 16.361 1.75 
2 24 8.217 23.616 1.75 7.245 19.989 1.75 
2 24 10.872 26.272 1.75 8.217 23.616 1.75 
2 24 14.5 27.244 1.75 10.872 26.272 1.75 
2 24 20.783 23.616 1.75 18.128 26.272 1.75 
2 24 14.5 12.733 1.75 16.27 11.552 1.75 
2 24 17.551 11.921 1.75 19.532 12.973 1.75 
2 24 21.175 14.5 1.75 18.922 14.5 1.75 
2 24 19.532 12.973 1.75 21.175 14.5 1.75 
2 24 18.922 14.5 1.75 18.128 13.705 1.75 
2 24 15.545 8.821 1.75 17.551 11.921 1.75 
2 24 16.27 11.552 1.75 14.811 9.296 1.75 
2 24 19.532 12.973 -1.75 21.175 14.5 -1.75 
2 24 21.175 14.5 -1.75 21.175 14.5 1.75 
2 24 17.551 11.921 -1.75 19.532 12.973 -1.75 
2 24 17.551 11.921 -1.75 15.545 8.821 -1.75 
2 24 14.811 9.296 -1.75 16.27 11.552 -1.75 
2 24 16.27 11.552 -1.75 14.5 12.537 -1.75 
2 24 19.19 14.5 -1.75 21.175 14.5 -1.75 
2 24 18.226 13.535 -1.75 19.19 14.5 -1.75 
2 24 15.545 8.821 1.75 15.031 8.026 1.472 
2 24 15.031 8.026 -1.472 15.545 8.821 -1.75 
2 24 15.031 8.026 1.472 14.681 7.484 0.727 
2 24 14.681 7.484 0.727 14.605 7.366 0 
2 24 14.605 7.366 0 14.681 7.484 -0.727 
2 24 14.681 7.484 -0.727 15.031 8.026 -1.472 
2 24 14.297 8.502 -1.472 14.811 9.296 -1.75 
2 24 13.946 7.96 -0.727 14.297 8.502 -1.472 
2 24 13.87 7.842 0 13.946 7.96 -0.727 
2 24 13.946 7.96 0.727 13.87 7.842 0 
2 24 14.297 8.502 1.472 13.946 7.96 0.727 
2 24 14.811 9.296 1.75 14.297 8.502 1.472 
2 24 7.475 20.909 3.875 1.224 13.217 3.875 
2 24 7.245 19.989 3.875 7.475 20.909 3.875 
2 24 8.16 16.402 3.875 7.245 19.989 3.875 
2 24 1.224 13.217 3.875 3.546 11.33 3.875 
2 24 6.703 11.521 3.875 9.73 12.894 3.875 
2 24 9.73 12.894 3.875 10.726 13.842 3.875 
2 24 10.726 13.842 3.875 8.16 16.402 3.875 
2 24 4.546 9.467 3.875 6.703 11.521 3.875 
2 24 3.546 11.33 3.875 0.547 7.639 3.875 
2 24 0.547 7.639 3.875 4.568 6.059 3.875 
2 24 6.384 8.426 3.875 4.546 9.467 3.875 
2 24 7.096 2.881 3.875 8.211 4.603 3.875 
2 24 4.568 6.059 3.875 7.096 2.881 3.875 
2 24 7.845 6.901 3.875 6.384 8.426 3.875 
2 24 10.723 2.978 3.875 15.235 9.952 3.875 
2 24 8.211 4.603 3.875 10.723 2.978 3.875 
2 24 15.235 9.952 3.875 11.462 12.392 3.875 
2 24 11.462 12.392 3.875 7.845 6.901 3.875 
2 24 16.27 11.552 1.75 14.5 12.733 1.75 
2 24 15.235 9.952 3.875 16.27 11.552 1.75 
2 24 14.5 12.733 1.75 12.089 13.365 2.585 
2 24 12.089 13.365 2.585 11.462 12.392 3.875 
2 24 7.203 20.574 -3.875 7.048 19.989 -3.875 
2 24 1.224 13.217 -3.875 7.203 20.574 -3.875 
2 24 7.048 19.989 -3.875 8.047 16.263 -3.875 
2 24 3.546 11.33 -3.875 1.224 13.217 -3.875 
2 24 9.73 12.894 -3.875 6.703 11.521 -3.875 
2 24 8.047 16.263 -3.875 10.594 13.716 -3.875 
2 24 10.594 13.716 -3.875 9.73 12.894 -3.875 
2 24 6.703 11.521 -3.875 4.546 9.467 -3.875 
2 24 0.547 7.639 -3.875 3.546 11.33 -3.875 
2 24 4.568 6.059 -3.875 0.547 7.639 -3.875 
2 24 4.546 9.467 -3.875 6.384 8.426 -3.875 
2 24 7.096 2.881 -3.875 4.568 6.059 -3.875 
2 24 8.211 4.603 -3.875 7.096 2.881 -3.875 
2 24 6.384 8.426 -3.875 7.845 6.901 -3.875 
2 24 15.235 9.952 -3.875 10.723 2.978 -3.875 
2 24 10.723 2.978 -3.875 8.211 4.603 -3.875 
2 24 7.845 6.901 -3.875 11.462 12.392 -3.875 
2 24 11.462 12.392 -3.875 15.235 9.952 -3.875 
2 24 16.27 11.552 -1.75 15.235 9.952 -3.875 
2 24 14.5 12.537 -1.75 16.27 11.552 -1.75 
2 24 11.462 12.392 -3.875 11.989 13.21 -2.791 
2 24 11.989 13.21 -2.791 14.5 12.537 -1.75 
2 24 0.547 7.639 -3.875 0.547 7.639 3.875 
2 24 3.546 11.33 3.875 3.546 11.33 -3.875 
2 24 7.203 20.574 -1.75 7.203 20.574 -3.875 
2 24 7.475 20.909 1.75 7.203 20.574 -1.75 
2 24 1.224 13.217 -3.875 1.224 13.217 3.875 
2 24 7.475 20.909 3.875 7.475 20.909 1.75 
2 24 7.096 2.881 3.875 7.096 2.881 -3.875 
2 24 8.211 4.603 -3.875 8.211 4.603 3.875 
2 24 16.27 11.552 -1.75 16.27 11.552 1.75 
2 24 10.723 2.978 3.875 10.723 2.978 -3.875 
2 24 10.594 13.716 -3.875 10.726 13.842 3.875 
2 24 7.845 6.901 3.875 7.845 6.901 -3.875 
2 24 4.546 9.467 -3.875 4.546 9.467 3.875 
2 24 12.089 13.365 2.585 11.989 13.21 -2.791 
2 24 1.224 13.217 -1.75 3.546 11.33 -1.75 
2 24 3.546 11.33 -1.75 2.905 10.541 -1.75 
2 24 -0.296 13.142 -1.75 2.148 16.149 -1.75 
2 24 3.026 15.435 -1.75 1.224 13.217 -1.75 
2 24 -0.893 12.408 -1.472 -0.296 13.142 -1.75 
2 24 2.905 10.541 -1.75 2.308 9.806 -1.472 
2 24 -1.3 11.907 -0.727 -0.893 12.408 -1.472 
2 24 2.308 9.806 -1.472 1.901 9.305 -0.727 
2 24 1.901 9.305 -0.727 1.812 9.196 0 
2 24 -1.389 11.798 0 -1.3 11.907 -0.727 
2 24 -1.3 11.907 0.727 -1.389 11.798 0 
2 24 1.812 9.196 0 1.901 9.305 0.727 
2 24 -0.893 12.408 1.472 -1.3 11.907 0.727 
2 24 1.901 9.305 0.727 2.308 9.806 1.472 
2 24 -0.296 13.142 1.75 -0.893 12.408 1.472 
2 24 2.308 9.806 1.472 2.905 10.541 1.75 
2 24 2.905 10.541 1.75 3.546 11.33 1.75 
2 24 3.546 11.33 1.75 1.224 13.217 1.75 
2 24 2.148 16.149 1.75 -0.296 13.142 1.75 
2 24 1.224 13.217 1.75 3.026 15.435 1.75 
2 24 2.744 16.884 -1.472 2.148 16.149 -1.75 
2 24 3.151 17.385 -0.727 2.744 16.884 -1.472 
2 24 2.148 16.149 1.75 2.744 16.884 1.472 
2 24 3.24 17.494 0 3.151 17.385 -0.727 
2 24 3.151 17.385 0.727 3.24 17.494 0 
2 24 2.744 16.884 1.472 3.151 17.385 0.727 
2 24 3.026 15.435 1.75 3.623 16.169 1.472 
2 24 3.623 16.169 1.472 4.03 16.671 0.727 
2 24 4.03 16.671 0.727 4.119 16.779 0 
2 24 4.119 16.779 0 4.03 16.671 -0.727 
2 24 4.03 16.671 -0.727 3.623 16.169 -1.472 
2 24 3.623 16.169 -1.472 3.026 15.435 -1.75 
2 24 7.051 2.811 4 7.613 -0.918 4 
2 24 7.613 -0.918 -4 7.051 2.811 -4 
2 24 6.599 -3.956 -4 7.613 -0.918 -4 
2 24 7.613 -0.918 4 6.599 -3.956 4 
2 24 6.599 -3.956 4 4.455 -6.274 4 
2 24 4.455 -6.274 -4 6.599 -3.956 -4 
2 24 4.455 -6.274 4 2.769 -7.179 4 
2 24 2.769 -7.179 4 2.769 -7.179 -4 
2 24 2.769 -7.179 -4 4.455 -6.274 -4 
2 24 0.595 -5.599 -4 2.769 -7.179 -4 
2 24 0.595 -5.599 4 0.595 -5.599 -4 
2 24 2.769 -7.179 4 0.595 -5.599 4 
2 24 1.97 -3.481 4 0.595 -5.599 4 
2 24 3.247 -2.282 4 1.97 -3.481 4 
2 24 3.921 -0.792 4 3.247 -2.282 4 
2 24 3.727 1.452 4 3.921 -0.792 4 
2 24 7.051 2.811 4 4.568 6.059 4 
2 24 2.351 3.236 4 3.727 1.452 4 
2 24 1.97 -3.481 -4 0.595 -5.599 -4 
2 24 1.97 -3.481 4 1.97 -3.481 -4 
2 24 1.97 -3.481 -4 3.247 -2.282 -4 
2 24 3.247 -2.282 -4 3.921 -0.792 -4 
2 24 3.921 -0.792 -4 3.727 1.452 -4 
2 24 4.568 6.059 -4 7.051 2.811 -4 
2 24 3.727 1.452 -4 2.351 3.236 -4 
2 24 -3.15 6.99 4 0.495 7.575 4 
2 24 0.495 7.575 -4 -3.15 6.99 -4 
2 24 -3.15 6.99 -4 -5.774 5.086 -4 
2 24 -5.774 5.086 4 -3.15 6.99 4 
2 24 -7.301 2.43 4 -5.774 5.086 4 
2 24 -5.774 5.086 -4 -7.301 2.43 -4 
2 24 -7.684 0.415 4 -7.301 2.43 4 
2 24 -7.301 2.43 -4 -7.684 0.415 -4 
2 24 -7.684 0.415 -4 -7.684 0.415 4 
2 24 -5.509 -1.165 -4 -5.509 -1.165 4 
2 24 -7.684 0.415 -4 -5.509 -1.165 -4 
2 24 -5.509 -1.165 4 -7.684 0.415 4 
2 24 -5.509 -1.165 4 -3.92 0.798 4 
2 24 -3.92 0.798 4 -3.153 2.381 4 
2 24 -3.153 2.381 4 -1.965 3.484 4 
2 24 -1.965 3.484 4 0.229 3.993 4 
2 24 4.568 6.059 4 0.495 7.575 4 
2 24 0.229 3.993 4 2.351 3.236 4 
2 24 -3.92 0.798 -4 -3.92 0.798 4 
2 24 -5.509 -1.165 -4 -3.92 0.798 -4 
2 24 -3.153 2.381 -4 -3.92 0.798 -4 
2 24 -1.965 3.484 -4 -3.153 2.381 -4 
2 24 0.229 3.993 -4 -1.965 3.484 -4 
2 24 0.495 7.575 -4 4.568 6.059 -4 
2 24 2.351 3.236 -4 0.229 3.993 -4 
2 24 8.708 9.36 2.75 8.273 8.925 2.75 
2 24 8.273 8.925 -2.125 8.708 9.36 -2.125 
2 24 8.273 8.925 2.75 7.679 8.766 2.75 
2 24 7.679 8.766 -2.125 8.273 8.925 -2.125 
2 24 7.679 8.766 2.75 7.086 8.925 2.75 
2 24 7.086 8.925 -2.125 7.679 8.766 -2.125 
2 24 7.086 8.925 2.75 6.651 9.36 2.75 
2 24 6.651 9.36 -2.125 7.086 8.925 -2.125 
2 24 6.651 9.36 2.75 6.492 9.954 2.75 
2 24 6.492 9.954 -2.125 6.651 9.36 -2.125 
2 24 6.492 9.954 2.75 6.651 10.547 2.75 
2 24 6.651 10.547 -2.125 6.492 9.954 -2.125 
2 24 6.651 10.547 2.75 7.086 10.982 2.75 
2 24 7.086 10.982 -2.125 6.651 10.547 -2.125 
2 24 7.086 10.982 2.75 7.679 11.141 2.75 
2 24 7.679 11.141 -2.125 7.086 10.982 -2.125 
2 24 7.679 11.141 2.75 8.273 10.982 2.75 
2 24 8.273 10.982 -2.125 7.679 11.141 -2.125 
2 24 8.273 10.982 2.75 8.708 10.547 2.75 
2 24 8.708 10.547 -2.125 8.273 10.982 -2.125 
2 24 8.708 10.547 2.75 8.867 9.954 2.75 
2 24 8.867 9.954 -2.125 8.708 10.547 -2.125 
2 24 8.867 9.954 2.75 8.708 9.36 2.75 
2 24 8.708 9.36 -2.125 8.867 9.954 -2.125 
2 24 6.651 10.547 -1.75 6.492 9.954 -1.75 
2 24 4.546 9.467 -1.75 6.703 11.521 -1.75 
2 24 6.384 8.426 -1.75 4.546 9.467 -1.75 
2 24 6.492 9.954 -1.75 6.651 9.36 -1.75 
2 24 7.086 10.982 -1.75 6.651 10.547 -1.75 
2 24 6.651 9.36 -1.75 7.086 8.925 -1.75 
2 24 11.989 13.21 -1.75 11.462 12.392 -1.75 
2 24 10.774 13.535 -1.75 11.989 13.21 -1.75 
2 24 7.679 11.141 -1.75 7.086 10.982 -1.75 
2 24 6.703 11.521 -1.75 9.73 12.894 -1.75 
2 24 8.273 10.982 -1.75 7.679 11.141 -1.75 
2 24 7.845 6.901 -1.75 6.384 8.426 -1.75 
2 24 7.086 8.925 -1.75 7.679 8.766 -1.75 
2 24 10.594 13.716 -1.75 10.774 13.535 -1.75 
2 24 9.73 12.894 -1.75 10.594 13.716 -1.75 
2 24 8.708 10.547 -1.75 8.273 10.982 -1.75 
2 24 7.679 8.766 -1.75 8.273 8.925 -1.75 
2 24 8.867 9.954 -1.75 8.708 10.547 -1.75 
2 24 8.273 8.925 -1.75 8.708 9.36 -1.75 
2 24 8.708 9.36 -1.75 8.867 9.954 -1.75 
2 24 11.462 12.392 -1.75 7.845 6.901 -1.75 
2 24 11.989 13.21 2.5 10.774 13.535 2.5 
2 24 11.462 12.392 2.5 11.989 13.21 2.5 
2 24 6.703 11.521 2.5 4.546 9.467 2.5 
2 24 6.492 9.954 2.5 6.651 10.547 2.5 
2 24 6.651 10.547 2.5 7.086 10.982 2.5 
2 24 6.651 9.36 2.5 6.492 9.954 2.5 
2 24 4.546 9.467 2.5 6.384 8.426 2.5 
2 24 7.086 8.925 2.5 6.651 9.36 2.5 
2 24 9.73 12.894 2.5 6.703 11.521 2.5 
2 24 7.086 10.982 2.5 7.679 11.141 2.5 
2 24 7.679 11.141 2.5 8.273 10.982 2.5 
2 24 6.384 8.426 2.5 7.845 6.901 2.5 
2 24 7.679 8.766 2.5 7.086 8.925 2.5 
2 24 10.594 13.716 2.5 9.73 12.894 2.5 
2 24 10.774 13.535 2.5 10.594 13.716 2.5 
2 24 8.273 10.982 2.5 8.708 10.547 2.5 
2 24 8.273 8.925 2.5 7.679 8.766 2.5 
2 24 8.708 10.547 2.5 8.867 9.954 2.5 
2 24 8.708 9.36 2.5 8.273 8.925 2.5 
2 24 8.867 9.954 2.5 8.708 9.36 2.5 
2 24 7.845 6.901 2.5 11.462 12.392 2.5 

