0 WEAPON NO. 2 (Needs Work)
0 Name: 17010.dat
0 Author: <AuthorRealName> [<AuthorLDrawName>]
0 !LDRAW_ORG Unofficial_Part
0 !LICENSE Redistributable under CCAL version 2.0 : see CAreadme.txt

0 BFC CERTIFY CCW

0 !HISTORY 2014-10-16 {LEGO Digital Designer} Original part shape
0 !HISTORY 2014-10-16 [<AuthorLDrawName>] File preparation for LDraw Parts Tracker

0 // Needs Work: Clean necessary

0 // Outside
3 16 18.502 6.672 1.875 13.502 5.609 1.875 18.502 1.157 1.875 
3 16 13.502 5.609 1.875 13.502 0.094 1.875 18.502 1.157 1.875 
3 16 18.513 1.559 1.492 18.502 1.951 0 18.506 6.294 1.492 
3 16 18.506 6.294 1.492 18.502 1.951 0 18.502 5.898 0 
3 16 18.502 1.157 1.875 18.513 1.559 1.492 18.502 6.672 1.875 
3 16 18.506 6.294 1.492 18.502 6.672 1.875 18.513 1.559 1.492 
3 16 13.502 5.609 1.875 13.496 5.229 1.492 13.502 0.094 1.875 
3 16 13.476 0.488 1.492 13.502 0.094 1.875 13.496 5.229 1.492 
3 16 13.496 5.229 1.492 13.502 4.835 0 13.476 0.488 1.492 
3 16 13.476 0.488 1.492 13.502 4.835 0 13.502 0.888 0 
3 16 18.502 6.672 -1.875 18.502 1.157 -1.875 13.502 5.609 -1.875 
3 16 13.502 5.609 -1.875 18.502 1.157 -1.875 13.502 0.094 -1.875 
3 16 18.513 1.559 -1.492 18.506 6.294 -1.492 18.502 1.951 0 
3 16 18.506 6.294 -1.492 18.502 5.898 0 18.502 1.951 0 
3 16 18.502 1.157 -1.875 18.502 6.672 -1.875 18.513 1.559 -1.492 
3 16 18.506 6.294 -1.492 18.513 1.559 -1.492 18.502 6.672 -1.875 
3 16 13.502 5.609 -1.875 13.502 0.094 -1.875 13.496 5.229 -1.492 
3 16 13.476 0.488 -1.492 13.496 5.229 -1.492 13.502 0.094 -1.875 
3 16 13.496 5.229 -1.492 13.476 0.488 -1.492 13.502 4.835 0 
3 16 13.476 0.488 -1.492 13.502 0.888 0 13.502 4.835 0 
3 16 4.117 -10.44 3 -4.398 -8.163 3 -3.52 -12.294 3 
3 16 11.818 -7.826 3 12.655 -4.538 3 4.117 -10.44 3 
3 16 -4.398 -8.163 3 4.117 -10.44 3 12.655 -4.538 3 
3 16 11.818 -7.826 3 20.78 -3.966 2.983 12.655 -4.538 3 
3 16 20.78 -3.966 2.983 20.096 -0.746 2.983 12.655 -4.538 3 
3 16 20.096 -0.746 2.983 12.205 -2.423 3 12.655 -4.538 3 
3 16 -3.21 -13.753 2.584 4.46 -11.618 2.738 -3.52 -12.294 3 
3 16 -3.52 -12.294 3 4.46 -11.618 2.738 4.117 -10.44 3 
3 16 12.707 -10.268 1.488 21.317 -6.493 1.492 12.237 -8.977 2.738 
3 16 21.317 -6.493 1.492 21.09 -5.425 2.584 12.237 -8.977 2.738 
3 16 21.317 -6.493 1.492 12.707 -10.268 1.488 21.4 -6.884 0 
3 16 12.707 -10.268 1.488 12.837 -10.626 0 21.4 -6.884 0 
3 16 4.844 -12.939 1.489 12.707 -10.268 1.488 4.46 -11.618 2.738 
3 16 12.707 -10.268 1.488 12.237 -8.977 2.738 4.46 -11.618 2.738 
3 16 -2.983 -14.821 1.492 4.844 -12.939 1.489 -3.21 -13.753 2.584 
3 16 -3.21 -13.753 2.584 4.844 -12.939 1.489 4.46 -11.618 2.738 
3 16 4.951 -13.305 0 12.837 -10.626 0 4.844 -12.939 1.489 
3 16 4.844 -12.939 1.489 12.837 -10.626 0 12.707 -10.268 1.488 
3 16 20.78 -3.966 2.983 11.818 -7.826 3 21.09 -5.425 2.584 
3 16 21.09 -5.425 2.584 11.818 -7.826 3 12.237 -8.977 2.738 
3 16 4.46 -11.618 2.738 12.237 -8.977 2.738 4.117 -10.44 3 
3 16 4.117 -10.44 3 12.237 -8.977 2.738 11.818 -7.826 3 
3 16 12.205 -2.423 3 20.096 -0.746 2.983 11.895 -0.964 2.584 
3 16 20.096 -0.746 2.983 19.785 0.713 2.584 11.895 -0.964 2.584 
3 16 19.558 1.781 1.492 11.668 0.104 1.492 19.785 0.713 2.584 
3 16 19.785 0.713 2.584 11.668 0.104 1.492 11.895 -0.964 2.584 
3 16 19.475 2.172 0 19.558 1.781 1.492 19.558 1.781 -1.492 
3 16 19.558 1.781 1.492 19.785 0.713 2.584 19.558 1.781 -1.492 
3 16 19.558 1.781 -1.492 19.785 0.713 2.584 19.785 0.713 -2.584 
3 16 19.785 0.713 -2.584 19.785 0.713 2.584 20.096 -0.746 2.983 
3 16 19.785 0.713 -2.584 20.096 -0.746 2.983 20.096 -0.746 -2.983 
3 16 20.096 -0.746 2.983 20.78 -3.966 2.983 20.096 -0.746 -2.983 
3 16 20.096 -0.746 -2.983 20.78 -3.966 2.983 20.78 -3.966 -2.983 
3 16 20.78 -3.966 2.983 21.09 -5.425 2.584 20.78 -3.966 -2.983 
3 16 20.78 -3.966 -2.983 21.09 -5.425 2.584 21.09 -5.425 -2.584 
3 16 21.317 -6.493 1.492 21.09 -5.425 -2.584 21.09 -5.425 2.584 
3 16 21.317 -6.493 1.492 21.4 -6.884 0 21.317 -6.493 -1.492 
3 16 21.317 -6.493 1.492 21.317 -6.493 -1.492 21.09 -5.425 -2.584 
3 16 4.844 -12.939 1.489 -2.983 -14.821 1.492 4.951 -13.305 0 
3 16 4.951 -13.305 0 -2.983 -14.821 1.492 -2.899 -15.212 0 
3 16 11.668 0.104 1.492 19.558 1.781 1.492 11.588 0.481 0 
3 16 11.588 0.481 0 19.558 1.781 1.492 19.475 2.172 0 
3 16 4.117 -10.44 -3 -3.52 -12.294 -3 -4.398 -8.163 -3 
3 16 11.818 -7.826 -3 4.117 -10.44 -3 12.655 -4.538 -3 
3 16 -4.398 -8.163 -3 12.655 -4.538 -3 4.117 -10.44 -3 
3 16 11.818 -7.826 -3 12.655 -4.538 -3 20.78 -3.966 -2.983 
3 16 20.78 -3.966 -2.983 12.655 -4.538 -3 20.096 -0.746 -2.983 
3 16 20.096 -0.746 -2.983 12.655 -4.538 -3 12.205 -2.423 -3 
3 16 -3.21 -13.753 -2.584 -3.52 -12.294 -3 4.46 -11.618 -2.738 
3 16 -3.52 -12.294 -3 4.117 -10.44 -3 4.46 -11.618 -2.738 
3 16 12.707 -10.268 -1.488 12.237 -8.977 -2.738 21.317 -6.493 -1.492 
3 16 21.317 -6.493 -1.492 12.237 -8.977 -2.738 21.09 -5.425 -2.584 
3 16 21.317 -6.493 -1.492 21.4 -6.884 0 12.707 -10.268 -1.488 
3 16 12.707 -10.268 -1.488 21.4 -6.884 0 12.837 -10.626 0 
3 16 4.844 -12.939 -1.489 4.46 -11.618 -2.738 12.707 -10.268 -1.488 
3 16 12.707 -10.268 -1.488 4.46 -11.618 -2.738 12.237 -8.977 -2.738 
3 16 -2.983 -14.821 -1.492 -3.21 -13.753 -2.584 4.844 -12.939 -1.489 
3 16 -3.21 -13.753 -2.584 4.46 -11.618 -2.738 4.844 -12.939 -1.489 
3 16 4.951 -13.305 0 4.844 -12.939 -1.489 12.837 -10.626 0 
3 16 4.844 -12.939 -1.489 12.707 -10.268 -1.488 12.837 -10.626 0 
3 16 20.78 -3.966 -2.983 21.09 -5.425 -2.584 11.818 -7.826 -3 
3 16 21.09 -5.425 -2.584 12.237 -8.977 -2.738 11.818 -7.826 -3 
3 16 4.46 -11.618 -2.738 4.117 -10.44 -3 12.237 -8.977 -2.738 
3 16 4.117 -10.44 -3 11.818 -7.826 -3 12.237 -8.977 -2.738 
3 16 12.205 -2.423 -3 11.895 -0.964 -2.584 20.096 -0.746 -2.983 
3 16 20.096 -0.746 -2.983 11.895 -0.964 -2.584 19.785 0.713 -2.584 
3 16 19.558 1.781 -1.492 19.785 0.713 -2.584 11.668 0.104 -1.492 
3 16 19.785 0.713 -2.584 11.895 -0.964 -2.584 11.668 0.104 -1.492 
3 16 -4.398 -8.163 3 12.655 -4.538 3 -4.398 -8.163 -3 
3 16 12.655 -4.538 3 12.655 -4.538 -3 -4.398 -8.163 -3 
3 16 12.205 -2.423 -3 12.655 -4.538 -3 12.205 -2.423 3 
3 16 12.655 -4.538 -3 12.655 -4.538 3 12.205 -2.423 3 
3 16 11.895 -0.964 -2.584 12.205 -2.423 -3 11.895 -0.964 2.584 
3 16 11.668 0.104 -1.492 11.895 -0.964 -2.584 11.668 0.104 1.492 
3 16 11.588 0.481 0 11.668 0.104 -1.492 11.668 0.104 1.492 
3 16 11.895 -0.964 -2.584 11.895 -0.964 2.584 11.668 0.104 1.492 
3 16 11.895 -0.964 2.584 12.205 -2.423 -3 12.205 -2.423 3 
3 16 -3.52 -12.294 3 -4.398 -8.163 3 -3.52 -12.294 -3 
3 16 -4.398 -8.163 3 -4.398 -8.163 -3 -3.52 -12.294 -3 
3 16 -3.52 -12.294 -3 -3.21 -13.753 -2.584 -3.52 -12.294 3 
3 16 -3.52 -12.294 3 -3.21 -13.753 -2.584 -3.21 -13.753 2.584 
3 16 -2.983 -14.821 -1.492 -3.21 -13.753 2.584 -3.21 -13.753 -2.584 
3 16 -2.983 -14.821 -1.492 -2.899 -15.212 0 -2.983 -14.821 1.492 
3 16 -2.983 -14.821 -1.492 -2.983 -14.821 1.492 -3.21 -13.753 2.584 
3 16 4.844 -12.939 -1.489 4.951 -13.305 0 -2.983 -14.821 -1.492 
3 16 4.951 -13.305 0 -2.899 -15.212 0 -2.983 -14.821 -1.492 
3 16 11.668 0.104 -1.492 11.588 0.481 0 19.558 1.781 -1.492 
3 16 11.588 0.481 0 19.475 2.172 0 19.558 1.781 -1.492 
3 16 -1.9 -9.752 3 0.087 -9.33 3.959 -2 -6.257 3.464 
3 16 -2 -6.257 3.464 0.087 -9.33 3.959 0 -6.257 4 
3 16 -1.9 -9.752 3 -2 -6.257 3.464 -2.331 -7.723 3 
3 16 0.087 -9.33 3.959 2.221 -8.876 3.639 0 -6.257 4 
3 16 0 -6.257 4 2.221 -8.876 3.639 2 -6.257 3.464 
3 16 2.221 -8.876 3.639 3.163 -8.676 3 2 -6.257 3.464 
3 16 2 -6.257 3.464 3.163 -8.676 3 2.732 -6.647 3 
3 16 3.872 -6.405 1.127 3.464 -6.257 2 2.732 -6.647 3 
3 16 2.732 -6.647 3 3.464 -6.257 2 2 -6.257 3.464 
3 16 3.872 -6.405 1.127 4 -6.257 0 3.464 -6.257 2 
3 16 3.872 -6.405 1.127 4.027 -6.372 0 4 -6.257 0 
3 16 -3.472 -7.966 1.127 -2.331 -7.723 3 -3.464 -6.257 2 
3 16 -3.464 -6.257 2 -2.331 -7.723 3 -2 -6.257 3.464 
3 16 -2.726 6.632 3 -2.343 9.462 3.639 -3.285 9.262 3 
3 16 -2.726 6.632 3 -2 6.243 3.464 -2.343 9.462 3.639 
3 16 -2 6.243 3.464 -2.726 6.632 3 -3.464 6.243 2 
3 16 -3.414 6.486 2.163 -3.464 6.243 2 -2.726 6.632 3 
3 16 -3.414 6.486 2.163 -4.021 6.357 0 -3.464 6.243 2 
3 16 -3.464 6.243 2 -4.021 6.357 0 -3.997 6.243 0 
3 16 3.464 6.243 2 4.003 6.243 0 3.478 7.951 1.127 
3 16 3.633 7.984 0 3.478 7.951 1.127 4.003 6.243 0 
3 16 3.478 7.951 1.127 2.337 7.709 3 3.464 6.243 2 
3 16 3.464 6.243 2 2.337 7.709 3 2 6.243 3.464 
3 16 0 6.243 4 2.337 7.709 3 -0.209 9.915 3.959 
3 16 -0.209 9.915 3.959 2.337 7.709 3 1.778 10.338 3 
3 16 2.337 7.709 3 0 6.243 4 2 6.243 3.464 
3 16 -0.209 9.915 3.959 -2.343 9.462 3.639 0 6.243 4 
3 16 0 6.243 4 -2.343 9.462 3.639 -2 6.243 3.464 
3 16 4.003 6.243 0 3.464 6.243 2 4 -6.257 0 
3 16 3.464 6.243 2 3.464 -6.257 2 4 -6.257 0 
3 16 3.464 6.243 2 2 6.243 3.464 3.464 -6.257 2 
3 16 3.464 -6.257 2 2 6.243 3.464 2 -6.257 3.464 
3 16 2 6.243 3.464 0 6.243 4 2 -6.257 3.464 
3 16 2 -6.257 3.464 0 6.243 4 0 -6.257 4 
3 16 0 6.243 4 -2 6.243 3.464 0 -6.257 4 
3 16 0 -6.257 4 -2 6.243 3.464 -2 -6.257 3.464 
3 16 -3.464 -6.257 2 -2 -6.257 3.464 -3.464 6.243 2 
3 16 -3.464 6.243 2 -2 -6.257 3.464 -2 6.243 3.464 
3 16 -3.997 6.243 0 -3.464 -6.257 2 -3.464 6.243 2 
3 16 -3.997 6.243 0 -3.997 -6.257 0 -3.464 -6.257 2 
3 16 3.163 -8.676 3 2.221 -8.876 3.639 -1.9 -9.752 3 
3 16 2.221 -8.876 3.639 0.087 -9.33 3.959 -1.9 -9.752 3 
3 16 -3.285 9.262 3 -2.343 9.462 3.639 1.778 10.338 3 
3 16 1.778 10.338 3 -2.343 9.462 3.639 -0.209 9.915 3.959 
3 16 -3.627 -7.999 0 -3.464 -6.257 2 -3.997 -6.257 0 
3 16 -3.627 -7.999 0 -3.472 -7.966 1.127 -3.464 -6.257 2 
3 16 -1.9 -9.752 -3 -2 -6.257 -3.464 0.087 -9.33 -3.959 
3 16 -2 -6.257 -3.464 0 -6.257 -4 0.087 -9.33 -3.959 
3 16 -1.9 -9.752 -3 -2.331 -7.723 -3 -2 -6.257 -3.464 
3 16 0.087 -9.33 -3.959 0 -6.257 -4 2.221 -8.876 -3.639 
3 16 0 -6.257 -4 2 -6.257 -3.464 2.221 -8.876 -3.639 
3 16 2.221 -8.876 -3.639 2 -6.257 -3.464 3.163 -8.676 -3 
3 16 2 -6.257 -3.464 2.732 -6.647 -3 3.163 -8.676 -3 
3 16 3.872 -6.405 -1.127 2.732 -6.647 -3 3.464 -6.257 -2 
3 16 2.732 -6.647 -3 2 -6.257 -3.464 3.464 -6.257 -2 
3 16 3.872 -6.405 -1.127 3.464 -6.257 -2 4 -6.257 0 
3 16 3.872 -6.405 -1.127 4 -6.257 0 4.027 -6.372 0 
3 16 -3.472 -7.966 -1.127 -3.464 -6.257 -2 -2.331 -7.723 -3 
3 16 -3.464 -6.257 -2 -2 -6.257 -3.464 -2.331 -7.723 -3 
3 16 -2.726 6.632 -3 -3.285 9.262 -3 -2.343 9.462 -3.639 
3 16 -2.726 6.632 -3 -2.343 9.462 -3.639 -2 6.243 -3.464 
3 16 -2 6.243 -3.464 -3.464 6.243 -2 -2.726 6.632 -3 
3 16 -3.414 6.486 -2.163 -2.726 6.632 -3 -3.464 6.243 -2 
3 16 -3.414 6.486 -2.163 -3.464 6.243 -2 -4.021 6.357 0 
3 16 -3.464 6.243 -2 -3.997 6.243 0 -4.021 6.357 0 
3 16 3.464 6.243 -2 3.478 7.951 -1.127 4.003 6.243 0 
3 16 3.633 7.984 0 4.003 6.243 0 3.478 7.951 -1.127 
3 16 3.478 7.951 -1.127 3.464 6.243 -2 2.337 7.709 -3 
3 16 3.464 6.243 -2 2 6.243 -3.464 2.337 7.709 -3 
3 16 0 6.243 -4 -0.209 9.915 -3.959 2.337 7.709 -3 
3 16 -0.209 9.915 -3.959 1.778 10.338 -3 2.337 7.709 -3 
3 16 2.337 7.709 -3 2 6.243 -3.464 0 6.243 -4 
3 16 -0.209 9.915 -3.959 0 6.243 -4 -2.343 9.462 -3.639 
3 16 0 6.243 -4 -2 6.243 -3.464 -2.343 9.462 -3.639 
3 16 4.003 6.243 0 4 -6.257 0 3.464 6.243 -2 
3 16 3.464 6.243 -2 4 -6.257 0 3.464 -6.257 -2 
3 16 3.464 6.243 -2 3.464 -6.257 -2 2 6.243 -3.464 
3 16 3.464 -6.257 -2 2 -6.257 -3.464 2 6.243 -3.464 
3 16 2 6.243 -3.464 2 -6.257 -3.464 0 6.243 -4 
3 16 2 -6.257 -3.464 0 -6.257 -4 0 6.243 -4 
3 16 0 6.243 -4 0 -6.257 -4 -2 6.243 -3.464 
3 16 0 -6.257 -4 -2 -6.257 -3.464 -2 6.243 -3.464 
3 16 -3.464 -6.257 -2 -3.464 6.243 -2 -2 -6.257 -3.464 
3 16 -3.464 6.243 -2 -2 6.243 -3.464 -2 -6.257 -3.464 
3 16 -3.997 6.243 0 -3.464 6.243 -2 -3.464 -6.257 -2 
3 16 -3.997 6.243 0 -3.464 -6.257 -2 -3.997 -6.257 0 
3 16 3.163 -8.676 -3 -1.9 -9.752 -3 2.221 -8.876 -3.639 
3 16 2.221 -8.876 -3.639 -1.9 -9.752 -3 0.087 -9.33 -3.959 
3 16 -3.285 9.262 -3 1.778 10.338 -3 -2.343 9.462 -3.639 
3 16 1.778 10.338 -3 -0.209 9.915 -3.959 -2.343 9.462 -3.639 
3 16 -3.627 -7.999 0 -3.997 -6.257 0 -3.464 -6.257 -2 
3 16 -3.627 -7.999 0 -3.464 -6.257 -2 -3.472 -7.966 -1.127 
3 16 -8.104 9.274 0.933 -8.246 9.942 1.616 -9.327 9.014 0.933 
3 16 -8.246 9.942 1.616 -9.469 9.682 1.616 -9.327 9.014 0.933 
3 16 -8.246 9.942 1.616 -8.44 10.854 1.865 -9.469 9.682 1.616 
3 16 -8.44 10.854 1.865 -9.663 10.594 1.865 -9.469 9.682 1.616 
3 16 -8.44 10.854 1.865 -8.634 11.767 1.616 -9.663 10.594 1.865 
3 16 -8.634 11.767 1.616 -9.857 11.507 1.616 -9.663 10.594 1.865 
3 16 -8.634 11.767 1.616 -8.776 12.435 0.933 -9.857 11.507 1.616 
3 16 -8.776 12.435 0.933 -9.998 12.175 0.933 -9.857 11.507 1.616 
3 16 -8.776 12.435 0.933 -8.828 12.679 0 -9.998 12.175 0.933 
3 16 -8.828 12.679 0 -10.05 12.419 0 -9.998 12.175 0.933 
3 16 -8.828 12.679 0 -8.776 12.435 -0.933 -10.05 12.419 0 
3 16 -8.776 12.435 -0.933 -9.998 12.175 -0.933 -10.05 12.419 0 
3 16 -8.776 12.435 -0.933 -8.634 11.767 -1.616 -9.998 12.175 -0.933 
3 16 -8.634 11.767 -1.616 -9.857 11.507 -1.616 -9.998 12.175 -0.933 
3 16 -8.634 11.767 -1.616 -8.44 10.854 -1.865 -9.857 11.507 -1.616 
3 16 -8.44 10.854 -1.865 -9.663 10.594 -1.865 -9.857 11.507 -1.616 
3 16 -8.44 10.854 -1.865 -8.246 9.942 -1.616 -9.663 10.594 -1.865 
3 16 -8.246 9.942 -1.616 -9.469 9.682 -1.616 -9.663 10.594 -1.865 
3 16 -8.246 9.942 -1.616 -8.104 9.274 -0.933 -9.469 9.682 -1.616 
3 16 -8.104 9.274 -0.933 -9.327 9.014 -0.933 -9.469 9.682 -1.616 
3 16 -8.104 9.274 -0.933 -8.052 9.03 0 -9.327 9.014 -0.933 
3 16 -8.052 9.03 0 -9.275 8.77 0 -9.327 9.014 -0.933 
3 16 -8.052 9.03 0 -8.104 9.274 0.933 -9.275 8.77 0 
3 16 -8.104 9.274 0.933 -9.327 9.014 0.933 -9.275 8.77 0 
3 16 -9.327 9.014 0.933 -9.469 9.682 1.616 -9.663 10.594 0 
3 16 -9.469 9.682 1.616 -9.663 10.594 1.865 -9.663 10.594 0 
3 16 -9.663 10.594 1.865 -9.857 11.507 1.616 -9.663 10.594 0 
3 16 -9.857 11.507 1.616 -9.998 12.175 0.933 -9.663 10.594 0 
3 16 -9.998 12.175 0.933 -10.05 12.419 0 -9.663 10.594 0 
3 16 -10.05 12.419 0 -9.998 12.175 -0.933 -9.663 10.594 0 
3 16 -9.998 12.175 -0.933 -9.857 11.507 -1.616 -9.663 10.594 0 
3 16 -9.857 11.507 -1.616 -9.663 10.594 -1.865 -9.663 10.594 0 
3 16 -9.663 10.594 -1.865 -9.469 9.682 -1.616 -9.663 10.594 0 
3 16 -9.469 9.682 -1.616 -9.327 9.014 -0.933 -9.663 10.594 0 
3 16 -9.327 9.014 -0.933 -9.275 8.77 0 -9.663 10.594 0 
3 16 -9.275 8.77 0 -9.327 9.014 0.933 -9.663 10.594 0 
3 16 -3.193 -13.83 0.933 -3.335 -13.162 1.616 -4.416 -14.09 0.933 
3 16 -3.335 -13.162 1.616 -4.558 -13.422 1.616 -4.416 -14.09 0.933 
3 16 -3.335 -13.162 1.616 -3.529 -12.25 1.865 -4.558 -13.422 1.616 
3 16 -3.529 -12.25 1.865 -4.752 -12.51 1.865 -4.558 -13.422 1.616 
3 16 -3.529 -12.25 1.865 -3.723 -11.337 1.616 -4.752 -12.51 1.865 
3 16 -3.723 -11.337 1.616 -4.946 -11.597 1.616 -4.752 -12.51 1.865 
3 16 -3.723 -11.337 1.616 -3.865 -10.67 0.933 -4.946 -11.597 1.616 
3 16 -3.865 -10.67 0.933 -5.088 -10.929 0.933 -4.946 -11.597 1.616 
3 16 -3.865 -10.67 0.933 -3.917 -10.425 0 -5.088 -10.929 0.933 
3 16 -3.917 -10.425 0 -5.14 -10.685 0 -5.088 -10.929 0.933 
3 16 -3.917 -10.425 0 -3.865 -10.67 -0.933 -5.14 -10.685 0 
3 16 -3.865 -10.67 -0.933 -5.088 -10.929 -0.933 -5.14 -10.685 0 
3 16 -3.865 -10.67 -0.933 -3.723 -11.337 -1.616 -5.088 -10.929 -0.933 
3 16 -3.723 -11.337 -1.616 -4.946 -11.597 -1.616 -5.088 -10.929 -0.933 
3 16 -3.723 -11.337 -1.616 -3.529 -12.25 -1.865 -4.946 -11.597 -1.616 
3 16 -3.529 -12.25 -1.865 -4.752 -12.51 -1.865 -4.946 -11.597 -1.616 
3 16 -3.529 -12.25 -1.865 -3.335 -13.162 -1.616 -4.752 -12.51 -1.865 
3 16 -3.335 -13.162 -1.616 -4.558 -13.422 -1.616 -4.752 -12.51 -1.865 
3 16 -3.335 -13.162 -1.616 -3.193 -13.83 -0.933 -4.558 -13.422 -1.616 
3 16 -3.193 -13.83 -0.933 -4.416 -14.09 -0.933 -4.558 -13.422 -1.616 
3 16 -3.193 -13.83 -0.933 -3.141 -14.074 0 -4.416 -14.09 -0.933 
3 16 -3.141 -14.074 0 -4.364 -14.334 0 -4.416 -14.09 -0.933 
3 16 -3.141 -14.074 0 -3.193 -13.83 0.933 -4.364 -14.334 0 
3 16 -3.193 -13.83 0.933 -4.416 -14.09 0.933 -4.364 -14.334 0 
3 16 -4.416 -14.09 0.933 -4.558 -13.422 1.616 -4.752 -12.51 0 
3 16 -4.558 -13.422 1.616 -4.752 -12.51 1.865 -4.752 -12.51 0 
3 16 -4.752 -12.51 1.865 -4.946 -11.597 1.616 -4.752 -12.51 0 
3 16 -4.946 -11.597 1.616 -5.088 -10.929 0.933 -4.752 -12.51 0 
3 16 -5.088 -10.929 0.933 -5.14 -10.685 0 -4.752 -12.51 0 
3 16 -5.14 -10.685 0 -5.088 -10.929 -0.933 -4.752 -12.51 0 
3 16 -5.088 -10.929 -0.933 -4.946 -11.597 -1.616 -4.752 -12.51 0 
3 16 -4.946 -11.597 -1.616 -4.752 -12.51 -1.865 -4.752 -12.51 0 
3 16 -4.752 -12.51 -1.865 -4.558 -13.422 -1.616 -4.752 -12.51 0 
3 16 -4.558 -13.422 -1.616 -4.416 -14.09 -0.933 -4.752 -12.51 0 
3 16 -4.416 -14.09 -0.933 -4.364 -14.334 0 -4.752 -12.51 0 
3 16 -4.364 -14.334 0 -4.416 -14.09 0.933 -4.752 -12.51 0 
3 16 10.434 -3.107 2 10.821 -4.928 2 12.268 -2.717 2 
3 16 10.821 -4.928 2 12.655 -4.538 2 12.268 -2.717 2 
3 16 12.268 -2.717 2 12.062 -1.748 1.714 10.434 -3.107 2 
3 16 12.062 -1.748 1.714 10.228 -2.138 1.714 10.434 -3.107 2 
3 16 12.062 -1.748 1.714 11.911 -1.04 0.99 10.228 -2.138 1.714 
3 16 11.911 -1.04 0.99 10.077 -1.43 0.99 10.228 -2.138 1.714 
3 16 11.911 -1.04 0.99 11.856 -0.78 0 10.077 -1.43 0.99 
3 16 11.856 -0.78 0 10.022 -1.17 0 10.077 -1.43 0.99 
3 16 10.077 -1.43 0.99 10.228 -2.138 -1.714 10.228 -2.138 1.714 
3 16 10.228 -2.138 1.714 10.434 -3.107 -2 10.434 -3.107 2 
3 16 10.434 -3.107 -2 10.821 -4.928 -2 10.434 -3.107 2 
3 16 10.821 -4.928 -2 10.821 -4.928 2 10.434 -3.107 2 
3 16 10.228 -2.138 -1.714 10.434 -3.107 -2 10.228 -2.138 1.714 
3 16 10.821 -4.928 -2 10.434 -3.107 -2 12.655 -4.538 -2 
3 16 10.434 -3.107 -2 12.268 -2.717 -2 12.655 -4.538 -2 
3 16 12.062 -1.748 -1.714 12.268 -2.717 -2 10.228 -2.138 -1.714 
3 16 12.268 -2.717 -2 10.434 -3.107 -2 10.228 -2.138 -1.714 
3 16 11.911 -1.04 -0.99 12.062 -1.748 -1.714 10.077 -1.43 -0.99 
3 16 12.062 -1.748 -1.714 10.228 -2.138 -1.714 10.077 -1.43 -0.99 
3 16 11.856 -0.78 0 11.911 -1.04 -0.99 10.022 -1.17 0 
3 16 11.911 -1.04 -0.99 10.077 -1.43 -0.99 10.022 -1.17 0 
3 16 10.077 -1.43 0.99 10.022 -1.17 0 10.077 -1.43 -0.99 
3 16 10.077 -1.43 -0.99 10.228 -2.138 -1.714 10.077 -1.43 0.99 
3 16 10.054 7.445 -2 9.667 9.267 -2 11.888 7.835 -2 
3 16 9.667 9.267 -2 11.501 9.656 -2 11.888 7.835 -2 
3 16 11.888 7.835 -2 12.094 6.867 -1.714 10.054 7.445 -2 
3 16 12.094 6.867 -1.714 10.26 6.477 -1.714 10.054 7.445 -2 
3 16 12.094 6.867 -1.714 12.245 6.158 -0.99 10.26 6.477 -1.714 
3 16 12.245 6.158 -0.99 10.411 5.768 -0.99 10.26 6.477 -1.714 
3 16 12.245 6.158 -0.99 12.3 5.899 0 10.411 5.768 -0.99 
3 16 12.3 5.899 0 10.466 5.509 0 10.411 5.768 -0.99 
3 16 10.411 5.768 -0.99 10.26 6.477 1.714 10.26 6.477 -1.714 
3 16 10.26 6.477 -1.714 10.054 7.445 2 10.054 7.445 -2 
3 16 10.054 7.445 2 9.667 9.267 2 10.054 7.445 -2 
3 16 9.667 9.267 2 9.667 9.267 -2 10.054 7.445 -2 
3 16 10.26 6.477 1.714 10.054 7.445 2 10.26 6.477 -1.714 
3 16 9.667 9.267 2 10.054 7.445 2 11.501 9.656 2 
3 16 10.054 7.445 2 11.888 7.835 2 11.501 9.656 2 
3 16 12.094 6.867 1.714 11.888 7.835 2 10.26 6.477 1.714 
3 16 11.888 7.835 2 10.054 7.445 2 10.26 6.477 1.714 
3 16 12.245 6.158 0.99 12.094 6.867 1.714 10.411 5.768 0.99 
3 16 12.094 6.867 1.714 10.26 6.477 1.714 10.411 5.768 0.99 
3 16 12.3 5.899 0 12.245 6.158 0.99 10.466 5.509 0 
3 16 12.245 6.158 0.99 10.411 5.768 0.99 10.466 5.509 0 
3 16 10.411 5.768 -0.99 10.466 5.509 0 10.411 5.768 0.99 
3 16 10.411 5.768 0.99 10.26 6.477 1.714 10.411 5.768 -0.99 
3 16 22.736 -3.55 2 22.052 -0.33 2 20.78 -3.966 2 
3 16 22.052 -0.33 2 20.096 -0.746 2 20.78 -3.966 2 
3 16 20.78 -3.966 2 20.986 -4.934 1.714 22.736 -3.55 2 
3 16 20.986 -4.934 1.714 22.942 -4.518 1.714 22.736 -3.55 2 
3 16 20.986 -4.934 1.714 21.136 -5.643 0.99 22.942 -4.518 1.714 
3 16 21.136 -5.643 0.99 23.093 -5.227 0.99 22.942 -4.518 1.714 
3 16 21.136 -5.643 0.99 21.191 -5.902 0 23.093 -5.227 0.99 
3 16 21.191 -5.902 0 23.148 -5.486 0 23.093 -5.227 0.99 
3 16 23.093 -5.227 0.99 22.942 -4.518 -1.714 22.942 -4.518 1.714 
3 16 22.942 -4.518 1.714 22.736 -3.55 -2 22.736 -3.55 2 
3 16 22.736 -3.55 -2 22.052 -0.33 -2 22.736 -3.55 2 
3 16 22.052 -0.33 -2 22.052 -0.33 2 22.736 -3.55 2 
3 16 22.942 -4.518 -1.714 22.736 -3.55 -2 22.942 -4.518 1.714 
3 16 22.052 -0.33 -2 22.736 -3.55 -2 20.096 -0.746 -2 
3 16 22.736 -3.55 -2 20.78 -3.966 -2 20.096 -0.746 -2 
3 16 20.986 -4.934 -1.714 20.78 -3.966 -2 22.942 -4.518 -1.714 
3 16 20.78 -3.966 -2 22.736 -3.55 -2 22.942 -4.518 -1.714 
3 16 21.136 -5.643 -0.99 20.986 -4.934 -1.714 23.093 -5.227 -0.99 
3 16 20.986 -4.934 -1.714 22.942 -4.518 -1.714 23.093 -5.227 -0.99 
3 16 21.191 -5.902 0 21.136 -5.643 -0.99 23.148 -5.486 0 
3 16 21.136 -5.643 -0.99 23.093 -5.227 -0.99 23.148 -5.486 0 
3 16 23.093 -5.227 0.99 23.148 -5.486 0 23.093 -5.227 -0.99 
3 16 23.093 -5.227 -0.99 22.942 -4.518 -1.714 23.093 -5.227 0.99 
3 16 20.096 -0.746 -2 19.89 0.222 -1.714 22.052 -0.33 -2 
3 16 19.89 0.222 -1.714 21.846 0.638 -1.714 22.052 -0.33 -2 
3 16 19.89 0.222 -1.714 19.739 0.931 -0.99 21.846 0.638 -1.714 
3 16 19.739 0.931 -0.99 21.695 1.347 -0.99 21.846 0.638 -1.714 
3 16 19.739 0.931 -0.99 19.684 1.19 0 21.695 1.347 -0.99 
3 16 19.684 1.19 0 21.64 1.606 0 21.695 1.347 -0.99 
3 16 21.695 1.347 -0.99 21.846 0.638 1.714 21.846 0.638 -1.714 
3 16 21.846 0.638 -1.714 22.052 -0.33 2 22.052 -0.33 -2 
3 16 21.846 0.638 1.714 22.052 -0.33 2 21.846 0.638 -1.714 
3 16 19.89 0.222 1.714 20.096 -0.746 2 21.846 0.638 1.714 
3 16 20.096 -0.746 2 22.052 -0.33 2 21.846 0.638 1.714 
3 16 19.739 0.931 0.99 19.89 0.222 1.714 21.695 1.347 0.99 
3 16 19.89 0.222 1.714 21.846 0.638 1.714 21.695 1.347 0.99 
3 16 19.684 1.19 0 19.739 0.931 0.99 21.64 1.606 0 
3 16 19.739 0.931 0.99 21.695 1.347 0.99 21.64 1.606 0 
3 16 21.695 1.347 -0.99 21.64 1.606 0 21.695 1.347 0.99 
3 16 21.695 1.347 0.99 21.846 0.638 1.714 21.695 1.347 -0.99 
3 16 25.272 10.373 2 24.527 13.877 2 22.46 9.775 2 
3 16 24.527 13.877 2 21.715 13.279 2 22.46 9.775 2 
3 16 22.46 9.775 2 22.665 8.807 1.714 25.272 10.373 2 
3 16 22.665 8.807 1.714 25.478 9.405 1.714 25.272 10.373 2 
3 16 22.665 8.807 1.714 22.816 8.098 0.99 25.478 9.405 1.714 
3 16 22.816 8.098 0.99 25.628 8.696 0.99 25.478 9.405 1.714 
3 16 22.816 8.098 0.99 22.871 7.839 0 25.628 8.696 0.99 
3 16 22.871 7.839 0 25.683 8.437 0 25.628 8.696 0.99 
3 16 25.628 8.696 0.99 25.478 9.405 -1.714 25.478 9.405 1.714 
3 16 25.478 9.405 1.714 25.272 10.373 -2 25.272 10.373 2 
3 16 25.272 10.373 -2 24.527 13.877 -2 25.272 10.373 2 
3 16 24.527 13.877 -2 24.527 13.877 2 25.272 10.373 2 
3 16 25.478 9.405 -1.714 25.272 10.373 -2 25.478 9.405 1.714 
3 16 24.527 13.877 -2 25.272 10.373 -2 21.715 13.279 -2 
3 16 25.272 10.373 -2 22.46 9.775 -2 21.715 13.279 -2 
3 16 22.665 8.807 -1.714 22.46 9.775 -2 25.478 9.405 -1.714 
3 16 22.46 9.775 -2 25.272 10.373 -2 25.478 9.405 -1.714 
3 16 22.816 8.098 -0.99 22.665 8.807 -1.714 25.628 8.696 -0.99 
3 16 22.665 8.807 -1.714 25.478 9.405 -1.714 25.628 8.696 -0.99 
3 16 22.871 7.839 0 22.816 8.098 -0.99 25.683 8.437 0 
3 16 22.816 8.098 -0.99 25.628 8.696 -0.99 25.683 8.437 0 
3 16 25.628 8.696 0.99 25.683 8.437 0 25.628 8.696 -0.99 
3 16 25.628 8.696 -0.99 25.478 9.405 -1.714 25.628 8.696 0.99 
3 16 21.715 13.279 -2 21.509 14.247 -1.714 24.527 13.877 -2 
3 16 21.509 14.247 -1.714 24.321 14.845 -1.714 24.527 13.877 -2 
3 16 21.509 14.247 -1.714 21.358 14.956 -0.99 24.321 14.845 -1.714 
3 16 21.358 14.956 -0.99 24.171 15.554 -0.99 24.321 14.845 -1.714 
3 16 21.358 14.956 -0.99 21.303 15.216 0 24.171 15.554 -0.99 
3 16 21.303 15.216 0 24.115 15.813 0 24.171 15.554 -0.99 
3 16 24.171 15.554 -0.99 24.321 14.845 1.714 24.321 14.845 -1.714 
3 16 24.321 14.845 -1.714 24.527 13.877 2 24.527 13.877 -2 
3 16 24.321 14.845 1.714 24.527 13.877 2 24.321 14.845 -1.714 
3 16 21.509 14.247 1.714 21.715 13.279 2 24.321 14.845 1.714 
3 16 21.715 13.279 2 24.527 13.877 2 24.321 14.845 1.714 
3 16 21.358 14.956 0.99 21.509 14.247 1.714 24.171 15.554 0.99 
3 16 21.509 14.247 1.714 24.321 14.845 1.714 24.171 15.554 0.99 
3 16 21.303 15.216 0 21.358 14.956 0.99 24.115 15.813 0 
3 16 21.358 14.956 0.99 24.171 15.554 0.99 24.115 15.813 0 
3 16 24.171 15.554 -0.99 24.115 15.813 0 24.171 15.554 0.99 
3 16 24.171 15.554 0.99 24.321 14.845 1.714 24.171 15.554 -0.99 
3 16 -0.709 13.556 2.737 -8.748 12.304 2.584 -0.541 12.341 3 
3 16 -0.541 12.341 3 -8.748 12.304 2.584 -8.438 10.845 3 
3 16 -0.541 12.341 3 7.755 13.171 3 -0.709 13.556 2.737 
3 16 -0.709 13.556 2.737 7.755 13.171 3 7.665 14.394 2.737 
3 16 -0.709 13.556 2.737 7.665 14.394 2.737 -0.898 14.917 1.49 
3 16 7.565 15.762 1.49 -0.898 14.917 1.49 7.665 14.394 2.737 
3 16 -0.898 14.917 1.49 7.565 15.762 1.49 -0.95 15.296 0 
3 16 7.537 16.142 0 -0.95 15.296 0 7.565 15.762 1.49 
3 16 7.665 14.394 2.737 16.867 14.618 2.737 7.565 15.762 1.49 
3 16 16.867 14.618 2.737 16.864 15.992 1.49 7.565 15.762 1.49 
3 16 7.755 13.171 3 16.87 13.392 3 7.665 14.394 2.737 
3 16 7.665 14.394 2.737 16.87 13.392 3 16.867 14.618 2.737 
3 16 16.87 13.392 3 21.715 13.279 3 16.867 14.618 2.737 
3 16 21.405 14.738 2.584 16.867 14.618 2.737 21.715 13.279 3 
3 16 16.867 14.618 2.737 21.405 14.738 2.584 16.864 15.992 1.49 
3 16 21.178 15.806 1.492 16.864 15.992 1.49 21.405 14.738 2.584 
3 16 21.077 16.281 0 16.863 16.373 0 21.178 15.806 1.492 
3 16 21.178 15.806 1.492 16.863 16.373 0 16.864 15.992 1.49 
3 16 -0.898 14.917 1.49 -8.975 13.372 1.492 -0.709 13.556 2.737 
3 16 -8.975 13.372 1.492 -8.748 12.304 2.584 -0.709 13.556 2.737 
3 16 -0.95 15.296 0 -9.058 13.763 0 -0.898 14.917 1.49 
3 16 -0.898 14.917 1.49 -9.058 13.763 0 -8.975 13.372 1.492 
3 16 7.755 13.171 3 -0.541 12.341 3 11.501 9.656 3 
3 16 -0.541 12.341 3 -7.334 5.653 3 11.501 9.656 3 
3 16 -7.334 5.653 3 -0.541 12.341 3 -8.438 10.845 3 
3 16 11.501 9.656 3 16.87 13.392 3 7.755 13.171 3 
3 16 11.951 7.542 2.983 22.46 9.775 2.983 11.501 9.656 3 
3 16 11.501 9.656 3 22.46 9.775 2.983 16.87 13.392 3 
3 16 22.46 9.775 2.983 21.715 13.279 3 16.87 13.392 3 
3 16 22.46 9.775 2.983 11.951 7.542 2.983 22.77 8.316 2.584 
3 16 11.951 7.542 2.983 12.261 6.083 2.584 22.77 8.316 2.584 
3 16 12.488 5.014 1.492 22.997 7.248 1.492 12.261 6.083 2.584 
3 16 12.261 6.083 2.584 22.997 7.248 1.492 22.77 8.316 2.584 
3 16 22.997 7.248 1.492 12.488 5.014 1.492 23.08 6.857 0 
3 16 23.08 6.857 0 12.488 5.014 1.492 12.568 4.637 0 
3 16 11.951 7.542 2.983 11.501 9.656 3 11.951 7.542 -2.983 
3 16 11.501 9.656 3 11.501 9.656 -3 11.951 7.542 -2.983 
3 16 12.261 6.083 2.584 11.951 7.542 2.983 12.261 6.083 -2.584 
3 16 12.488 5.014 1.492 12.261 6.083 2.584 12.488 5.014 -1.492 
3 16 12.568 4.637 0 12.488 5.014 1.492 12.488 5.014 -1.492 
3 16 12.261 6.083 2.584 12.261 6.083 -2.584 12.488 5.014 -1.492 
3 16 12.261 6.083 -2.584 11.951 7.542 2.983 11.951 7.542 -2.983 
3 16 21.077 16.281 0 21.178 15.806 1.492 21.178 15.806 -1.492 
3 16 21.178 15.806 1.492 21.405 14.738 2.584 21.178 15.806 -1.492 
3 16 21.178 15.806 -1.492 21.405 14.738 2.584 21.405 14.738 -2.584 
3 16 21.405 14.738 2.584 21.715 13.279 3 21.405 14.738 -2.584 
3 16 21.405 14.738 -2.584 21.715 13.279 3 21.715 13.279 -3 
3 16 21.715 13.279 3 22.46 9.775 2.983 21.715 13.279 -3 
3 16 21.715 13.279 -3 22.46 9.775 2.983 22.46 9.775 -2.983 
3 16 22.46 9.775 2.983 22.77 8.316 2.584 22.46 9.775 -2.983 
3 16 22.46 9.775 -2.983 22.77 8.316 2.584 22.77 8.316 -2.584 
3 16 22.997 7.248 1.492 22.77 8.316 -2.584 22.77 8.316 2.584 
3 16 22.997 7.248 1.492 23.08 6.857 0 22.997 7.248 -1.492 
3 16 22.997 7.248 1.492 22.997 7.248 -1.492 22.77 8.316 -2.584 
3 16 7.565 15.762 1.49 16.864 15.992 1.49 7.537 16.142 0 
3 16 16.864 15.992 1.49 16.863 16.373 0 7.537 16.142 0 
3 16 -7.334 5.653 3 -8.438 10.845 3 -7.334 5.653 -3 
3 16 -7.334 5.653 -3 -8.438 10.845 3 -8.438 10.845 -3 
3 16 -8.438 10.845 3 -8.748 12.304 2.584 -8.438 10.845 -3 
3 16 -8.438 10.845 -3 -8.748 12.304 2.584 -8.748 12.304 -2.584 
3 16 -8.975 13.372 1.492 -8.748 12.304 -2.584 -8.748 12.304 2.584 
3 16 -8.975 13.372 1.492 -9.058 13.763 0 -8.975 13.372 -1.492 
3 16 -8.975 13.372 1.492 -8.975 13.372 -1.492 -8.748 12.304 -2.584 
3 16 -0.709 13.556 -2.737 -0.541 12.341 -3 -8.748 12.304 -2.584 
3 16 -0.541 12.341 -3 -8.438 10.845 -3 -8.748 12.304 -2.584 
3 16 -0.541 12.341 -3 -0.709 13.556 -2.737 7.755 13.171 -3 
3 16 -0.709 13.556 -2.737 7.665 14.394 -2.737 7.755 13.171 -3 
3 16 -0.709 13.556 -2.737 -0.898 14.917 -1.49 7.665 14.394 -2.737 
3 16 7.565 15.762 -1.49 7.665 14.394 -2.737 -0.898 14.917 -1.49 
3 16 -0.898 14.917 -1.49 -0.95 15.296 0 7.565 15.762 -1.49 
3 16 7.537 16.142 0 7.565 15.762 -1.49 -0.95 15.296 0 
3 16 7.665 14.394 -2.737 7.565 15.762 -1.49 16.867 14.618 -2.737 
3 16 16.867 14.618 -2.737 7.565 15.762 -1.49 16.864 15.992 -1.49 
3 16 7.755 13.171 -3 7.665 14.394 -2.737 16.87 13.392 -3 
3 16 7.665 14.394 -2.737 16.867 14.618 -2.737 16.87 13.392 -3 
3 16 16.87 13.392 -3 16.867 14.618 -2.737 21.715 13.279 -3 
3 16 21.405 14.738 -2.584 21.715 13.279 -3 16.867 14.618 -2.737 
3 16 16.867 14.618 -2.737 16.864 15.992 -1.49 21.405 14.738 -2.584 
3 16 21.178 15.806 -1.492 21.405 14.738 -2.584 16.864 15.992 -1.49 
3 16 21.077 16.281 0 21.178 15.806 -1.492 16.863 16.373 0 
3 16 21.178 15.806 -1.492 16.864 15.992 -1.49 16.863 16.373 0 
3 16 -0.898 14.917 -1.49 -0.709 13.556 -2.737 -8.975 13.372 -1.492 
3 16 -8.975 13.372 -1.492 -0.709 13.556 -2.737 -8.748 12.304 -2.584 
3 16 -0.95 15.296 0 -0.898 14.917 -1.49 -9.058 13.763 0 
3 16 -0.898 14.917 -1.49 -8.975 13.372 -1.492 -9.058 13.763 0 
3 16 7.755 13.171 -3 11.501 9.656 -3 -0.541 12.341 -3 
3 16 -0.541 12.341 -3 11.501 9.656 -3 -7.334 5.653 -3 
3 16 -7.334 5.653 -3 -8.438 10.845 -3 -0.541 12.341 -3 
3 16 11.501 9.656 -3 7.755 13.171 -3 16.87 13.392 -3 
3 16 11.951 7.542 -2.983 11.501 9.656 -3 22.46 9.775 -2.983 
3 16 11.501 9.656 -3 16.87 13.392 -3 22.46 9.775 -2.983 
3 16 22.46 9.775 -2.983 16.87 13.392 -3 21.715 13.279 -3 
3 16 22.46 9.775 -2.983 22.77 8.316 -2.584 11.951 7.542 -2.983 
3 16 11.951 7.542 -2.983 22.77 8.316 -2.584 12.261 6.083 -2.584 
3 16 12.488 5.014 -1.492 12.261 6.083 -2.584 22.997 7.248 -1.492 
3 16 12.261 6.083 -2.584 22.77 8.316 -2.584 22.997 7.248 -1.492 
3 16 22.997 7.248 -1.492 23.08 6.857 0 12.488 5.014 -1.492 
3 16 23.08 6.857 0 12.568 4.637 0 12.488 5.014 -1.492 
3 16 11.501 9.656 3 -7.334 5.653 3 11.501 9.656 -3 
3 16 -7.334 5.653 3 -7.334 5.653 -3 11.501 9.656 -3 
3 16 7.565 15.762 -1.49 7.537 16.142 0 16.864 15.992 -1.49 
3 16 16.864 15.992 -1.49 7.537 16.142 0 16.863 16.373 0 
2 24 18.502 6.672 1.875 13.502 5.609 1.875 
2 24 18.502 1.157 1.875 18.502 6.672 1.875 
2 24 13.502 5.609 1.875 13.502 0.094 1.875 
2 24 13.502 0.094 1.875 18.502 1.157 1.875 
2 24 18.513 1.559 1.492 18.502 1.951 0 
2 24 18.502 5.898 0 18.506 6.294 1.492 
2 24 18.502 1.157 1.875 18.513 1.559 1.492 
2 24 18.506 6.294 1.492 18.502 6.672 1.875 
2 24 13.502 5.609 1.875 13.496 5.229 1.492 
2 24 13.476 0.488 1.492 13.502 0.094 1.875 
2 24 13.496 5.229 1.492 13.502 4.835 0 
2 24 13.502 0.888 0 13.476 0.488 1.492 
2 24 18.502 6.672 -1.875 18.502 1.157 -1.875 
2 24 13.502 5.609 -1.875 18.502 6.672 -1.875 
2 24 18.502 1.157 -1.875 13.502 0.094 -1.875 
2 24 13.502 0.094 -1.875 13.502 5.609 -1.875 
2 24 18.502 1.951 0 18.513 1.559 -1.492 
2 24 18.506 6.294 -1.492 18.502 5.898 0 
2 24 18.513 1.559 -1.492 18.502 1.157 -1.875 
2 24 18.502 6.672 -1.875 18.506 6.294 -1.492 
2 24 13.496 5.229 -1.492 13.502 5.609 -1.875 
2 24 13.502 0.094 -1.875 13.476 0.488 -1.492 
2 24 13.502 4.835 0 13.496 5.229 -1.492 
2 24 13.476 0.488 -1.492 13.502 0.888 0 
2 24 -4.398 -8.163 3 -3.52 -12.294 3 
2 24 12.655 -4.538 3 -4.398 -8.163 3 
2 24 20.78 -3.966 2.983 20.096 -0.746 2.983 
2 24 12.205 -2.423 3 12.655 -4.538 3 
2 24 -3.52 -12.294 3 -3.21 -13.753 2.584 
2 24 21.317 -6.493 1.492 21.09 -5.425 2.584 
2 24 21.4 -6.884 0 21.317 -6.493 1.492 
2 24 -3.21 -13.753 2.584 -2.983 -14.821 1.492 
2 24 21.09 -5.425 2.584 20.78 -3.966 2.983 
2 24 11.895 -0.964 2.584 12.205 -2.423 3 
2 24 20.096 -0.746 2.983 19.785 0.713 2.584 
2 24 19.785 0.713 2.584 19.558 1.781 1.492 
2 24 11.668 0.104 1.492 11.895 -0.964 2.584 
2 24 19.475 2.172 0 19.558 1.781 1.492 
2 24 19.558 1.781 -1.492 19.475 2.172 0 
2 24 19.785 0.713 -2.584 19.558 1.781 -1.492 
2 24 20.096 -0.746 -2.983 19.785 0.713 -2.584 
2 24 20.78 -3.966 -2.983 20.096 -0.746 -2.983 
2 24 21.09 -5.425 -2.584 20.78 -3.966 -2.983 
2 24 21.4 -6.884 0 21.317 -6.493 -1.492 
2 24 21.317 -6.493 -1.492 21.09 -5.425 -2.584 
2 24 -2.983 -14.821 1.492 -2.899 -15.212 0 
2 24 11.588 0.481 0 11.668 0.104 1.492 
2 24 -3.52 -12.294 -3 -4.398 -8.163 -3 
2 24 -4.398 -8.163 -3 12.655 -4.538 -3 
2 24 12.655 -4.538 -3 12.205 -2.423 -3 
2 24 -3.21 -13.753 -2.584 -3.52 -12.294 -3 
2 24 -2.983 -14.821 -1.492 -3.21 -13.753 -2.584 
2 24 12.205 -2.423 -3 11.895 -0.964 -2.584 
2 24 11.895 -0.964 -2.584 11.668 0.104 -1.492 
2 24 -4.398 -8.163 -3 -4.398 -8.163 3 
2 24 12.655 -4.538 3 12.655 -4.538 -3 
2 24 11.588 0.481 0 11.668 0.104 -1.492 
2 24 -2.983 -14.821 -1.492 -2.899 -15.212 0 
2 24 -1.9 -9.752 3 0.087 -9.33 3.959 
2 24 0 -6.257 4 -2 -6.257 3.464 
2 24 -2.331 -7.723 3 -1.9 -9.752 3 
2 24 0.087 -9.33 3.959 2.221 -8.876 3.639 
2 24 2 -6.257 3.464 0 -6.257 4 
2 24 2.221 -8.876 3.639 3.163 -8.676 3 
2 24 3.163 -8.676 3 2.732 -6.647 3 
2 24 2.732 -6.647 3 3.872 -6.405 1.127 
2 24 3.464 -6.257 2 2 -6.257 3.464 
2 24 4 -6.257 0 3.464 -6.257 2 
2 24 3.872 -6.405 1.127 4.027 -6.372 0 
2 24 -3.472 -7.966 1.127 -2.331 -7.723 3 
2 24 -2 -6.257 3.464 -3.464 -6.257 2 
2 24 -2.343 9.462 3.639 -3.285 9.262 3 
2 24 -3.285 9.262 3 -2.726 6.632 3 
2 24 -3.464 6.243 2 -2 6.243 3.464 
2 24 -2.726 6.632 3 -3.414 6.486 2.163 
2 24 -3.414 6.486 2.163 -4.021 6.357 0 
2 24 -3.997 6.243 0 -3.464 6.243 2 
2 24 3.464 6.243 2 4.003 6.243 0 
2 24 3.633 7.984 0 3.478 7.951 1.127 
2 24 3.478 7.951 1.127 2.337 7.709 3 
2 24 2 6.243 3.464 3.464 6.243 2 
2 24 2.337 7.709 3 1.778 10.338 3 
2 24 1.778 10.338 3 -0.209 9.915 3.959 
2 24 0 6.243 4 2 6.243 3.464 
2 24 -0.209 9.915 3.959 -2.343 9.462 3.639 
2 24 -2 6.243 3.464 0 6.243 4 
2 24 -3.997 -6.257 0 -3.464 -6.257 2 
2 24 -1.9 -9.752 3 3.163 -8.676 3 
2 24 1.778 10.338 3 -3.285 9.262 3 
2 24 -3.627 -7.999 0 -3.472 -7.966 1.127 
2 24 0.087 -9.33 -3.959 -1.9 -9.752 -3 
2 24 -2 -6.257 -3.464 0 -6.257 -4 
2 24 -1.9 -9.752 -3 -2.331 -7.723 -3 
2 24 2.221 -8.876 -3.639 0.087 -9.33 -3.959 
2 24 0 -6.257 -4 2 -6.257 -3.464 
2 24 3.163 -8.676 -3 2.221 -8.876 -3.639 
2 24 2.732 -6.647 -3 3.163 -8.676 -3 
2 24 3.872 -6.405 -1.127 2.732 -6.647 -3 
2 24 2 -6.257 -3.464 3.464 -6.257 -2 
2 24 3.464 -6.257 -2 4 -6.257 0 
2 24 4.027 -6.372 0 3.872 -6.405 -1.127 
2 24 -2.331 -7.723 -3 -3.472 -7.966 -1.127 
2 24 -3.464 -6.257 -2 -2 -6.257 -3.464 
2 24 -2.726 6.632 -3 -3.285 9.262 -3 
2 24 -3.285 9.262 -3 -2.343 9.462 -3.639 
2 24 -2 6.243 -3.464 -3.464 6.243 -2 
2 24 -3.414 6.486 -2.163 -2.726 6.632 -3 
2 24 -4.021 6.357 0 -3.414 6.486 -2.163 
2 24 -3.464 6.243 -2 -3.997 6.243 0 
2 24 4.003 6.243 0 3.464 6.243 -2 
2 24 3.478 7.951 -1.127 3.633 7.984 0 
2 24 2.337 7.709 -3 3.478 7.951 -1.127 
2 24 3.464 6.243 -2 2 6.243 -3.464 
2 24 -0.209 9.915 -3.959 1.778 10.338 -3 
2 24 1.778 10.338 -3 2.337 7.709 -3 
2 24 2 6.243 -3.464 0 6.243 -4 
2 24 -2.343 9.462 -3.639 -0.209 9.915 -3.959 
2 24 0 6.243 -4 -2 6.243 -3.464 
2 24 -3.464 -6.257 -2 -3.997 -6.257 0 
2 24 3.163 -8.676 -3 -1.9 -9.752 -3 
2 24 -3.285 9.262 -3 1.778 10.338 -3 
2 24 -3.472 -7.966 -1.127 -3.627 -7.999 0 
2 24 -8.104 9.274 0.933 -8.246 9.942 1.616 
2 24 -9.469 9.682 1.616 -9.327 9.014 0.933 
2 24 -8.246 9.942 1.616 -8.44 10.854 1.865 
2 24 -9.663 10.594 1.865 -9.469 9.682 1.616 
2 24 -8.44 10.854 1.865 -8.634 11.767 1.616 
2 24 -9.857 11.507 1.616 -9.663 10.594 1.865 
2 24 -8.634 11.767 1.616 -8.776 12.435 0.933 
2 24 -9.998 12.175 0.933 -9.857 11.507 1.616 
2 24 -8.776 12.435 0.933 -8.828 12.679 0 
2 24 -10.05 12.419 0 -9.998 12.175 0.933 
2 24 -8.828 12.679 0 -8.776 12.435 -0.933 
2 24 -9.998 12.175 -0.933 -10.05 12.419 0 
2 24 -8.776 12.435 -0.933 -8.634 11.767 -1.616 
2 24 -9.857 11.507 -1.616 -9.998 12.175 -0.933 
2 24 -8.634 11.767 -1.616 -8.44 10.854 -1.865 
2 24 -9.663 10.594 -1.865 -9.857 11.507 -1.616 
2 24 -8.44 10.854 -1.865 -8.246 9.942 -1.616 
2 24 -9.469 9.682 -1.616 -9.663 10.594 -1.865 
2 24 -8.246 9.942 -1.616 -8.104 9.274 -0.933 
2 24 -9.327 9.014 -0.933 -9.469 9.682 -1.616 
2 24 -8.104 9.274 -0.933 -8.052 9.03 0 
2 24 -9.275 8.77 0 -9.327 9.014 -0.933 
2 24 -8.052 9.03 0 -8.104 9.274 0.933 
2 24 -9.327 9.014 0.933 -9.275 8.77 0 
2 24 -3.193 -13.83 0.933 -3.335 -13.162 1.616 
2 24 -4.558 -13.422 1.616 -4.416 -14.09 0.933 
2 24 -3.335 -13.162 1.616 -3.529 -12.25 1.865 
2 24 -4.752 -12.51 1.865 -4.558 -13.422 1.616 
2 24 -3.529 -12.25 1.865 -3.723 -11.337 1.616 
2 24 -4.946 -11.597 1.616 -4.752 -12.51 1.865 
2 24 -3.723 -11.337 1.616 -3.865 -10.67 0.933 
2 24 -5.088 -10.929 0.933 -4.946 -11.597 1.616 
2 24 -3.865 -10.67 0.933 -3.917 -10.425 0 
2 24 -5.14 -10.685 0 -5.088 -10.929 0.933 
2 24 -3.917 -10.425 0 -3.865 -10.67 -0.933 
2 24 -5.088 -10.929 -0.933 -5.14 -10.685 0 
2 24 -3.865 -10.67 -0.933 -3.723 -11.337 -1.616 
2 24 -4.946 -11.597 -1.616 -5.088 -10.929 -0.933 
2 24 -3.723 -11.337 -1.616 -3.529 -12.25 -1.865 
2 24 -4.752 -12.51 -1.865 -4.946 -11.597 -1.616 
2 24 -3.529 -12.25 -1.865 -3.335 -13.162 -1.616 
2 24 -4.558 -13.422 -1.616 -4.752 -12.51 -1.865 
2 24 -3.335 -13.162 -1.616 -3.193 -13.83 -0.933 
2 24 -4.416 -14.09 -0.933 -4.558 -13.422 -1.616 
2 24 -3.193 -13.83 -0.933 -3.141 -14.074 0 
2 24 -4.364 -14.334 0 -4.416 -14.09 -0.933 
2 24 -3.141 -14.074 0 -3.193 -13.83 0.933 
2 24 -4.416 -14.09 0.933 -4.364 -14.334 0 
2 24 10.434 -3.107 2 10.821 -4.928 2 
2 24 10.821 -4.928 2 12.655 -4.538 2 
2 24 12.655 -4.538 2 12.268 -2.717 2 
2 24 12.268 -2.717 2 12.062 -1.748 1.714 
2 24 10.228 -2.138 1.714 10.434 -3.107 2 
2 24 12.062 -1.748 1.714 11.911 -1.04 0.99 
2 24 10.077 -1.43 0.99 10.228 -2.138 1.714 
2 24 11.911 -1.04 0.99 11.856 -0.78 0 
2 24 10.022 -1.17 0 10.077 -1.43 0.99 
2 24 10.434 -3.107 -2 10.821 -4.928 -2 
2 24 10.821 -4.928 -2 10.821 -4.928 2 
2 24 10.228 -2.138 -1.714 10.434 -3.107 -2 
2 24 12.655 -4.538 -2 10.821 -4.928 -2 
2 24 12.268 -2.717 -2 12.655 -4.538 -2 
2 24 12.062 -1.748 -1.714 12.268 -2.717 -2 
2 24 11.911 -1.04 -0.99 12.062 -1.748 -1.714 
2 24 10.228 -2.138 -1.714 10.077 -1.43 -0.99 
2 24 11.856 -0.78 0 11.911 -1.04 -0.99 
2 24 10.077 -1.43 -0.99 10.022 -1.17 0 
2 24 10.054 7.445 -2 9.667 9.267 -2 
2 24 9.667 9.267 -2 11.501 9.656 -2 
2 24 11.501 9.656 -2 11.888 7.835 -2 
2 24 11.888 7.835 -2 12.094 6.867 -1.714 
2 24 10.26 6.477 -1.714 10.054 7.445 -2 
2 24 12.094 6.867 -1.714 12.245 6.158 -0.99 
2 24 10.411 5.768 -0.99 10.26 6.477 -1.714 
2 24 12.245 6.158 -0.99 12.3 5.899 0 
2 24 10.466 5.509 0 10.411 5.768 -0.99 
2 24 10.054 7.445 2 9.667 9.267 2 
2 24 9.667 9.267 2 9.667 9.267 -2 
2 24 10.26 6.477 1.714 10.054 7.445 2 
2 24 11.501 9.656 2 9.667 9.267 2 
2 24 11.888 7.835 2 11.501 9.656 2 
2 24 12.094 6.867 1.714 11.888 7.835 2 
2 24 12.245 6.158 0.99 12.094 6.867 1.714 
2 24 10.26 6.477 1.714 10.411 5.768 0.99 
2 24 12.3 5.899 0 12.245 6.158 0.99 
2 24 10.411 5.768 0.99 10.466 5.509 0 
2 24 22.736 -3.55 2 22.052 -0.33 2 
2 24 20.096 -0.746 2 20.78 -3.966 2 
2 24 20.78 -3.966 2 20.986 -4.934 1.714 
2 24 22.942 -4.518 1.714 22.736 -3.55 2 
2 24 20.986 -4.934 1.714 21.136 -5.643 0.99 
2 24 23.093 -5.227 0.99 22.942 -4.518 1.714 
2 24 21.136 -5.643 0.99 21.191 -5.902 0 
2 24 23.148 -5.486 0 23.093 -5.227 0.99 
2 24 22.736 -3.55 -2 22.052 -0.33 -2 
2 24 22.942 -4.518 -1.714 22.736 -3.55 -2 
2 24 20.78 -3.966 -2 20.096 -0.746 -2 
2 24 20.986 -4.934 -1.714 20.78 -3.966 -2 
2 24 21.136 -5.643 -0.99 20.986 -4.934 -1.714 
2 24 22.942 -4.518 -1.714 23.093 -5.227 -0.99 
2 24 21.191 -5.902 0 21.136 -5.643 -0.99 
2 24 23.093 -5.227 -0.99 23.148 -5.486 0 
2 24 20.096 -0.746 -2 19.89 0.222 -1.714 
2 24 21.846 0.638 -1.714 22.052 -0.33 -2 
2 24 19.89 0.222 -1.714 19.739 0.931 -0.99 
2 24 21.695 1.347 -0.99 21.846 0.638 -1.714 
2 24 19.739 0.931 -0.99 19.684 1.19 0 
2 24 21.64 1.606 0 21.695 1.347 -0.99 
2 24 21.846 0.638 1.714 22.052 -0.33 2 
2 24 19.89 0.222 1.714 20.096 -0.746 2 
2 24 19.739 0.931 0.99 19.89 0.222 1.714 
2 24 21.846 0.638 1.714 21.695 1.347 0.99 
2 24 19.684 1.19 0 19.739 0.931 0.99 
2 24 21.695 1.347 0.99 21.64 1.606 0 
2 24 25.272 10.373 2 24.527 13.877 2 
2 24 21.715 13.279 2 22.46 9.775 2 
2 24 22.46 9.775 2 22.665 8.807 1.714 
2 24 25.478 9.405 1.714 25.272 10.373 2 
2 24 22.665 8.807 1.714 22.816 8.098 0.99 
2 24 25.628 8.696 0.99 25.478 9.405 1.714 
2 24 22.816 8.098 0.99 22.871 7.839 0 
2 24 25.683 8.437 0 25.628 8.696 0.99 
2 24 25.272 10.373 -2 24.527 13.877 -2 
2 24 25.478 9.405 -1.714 25.272 10.373 -2 
2 24 22.46 9.775 -2 21.715 13.279 -2 
2 24 22.665 8.807 -1.714 22.46 9.775 -2 
2 24 22.816 8.098 -0.99 22.665 8.807 -1.714 
2 24 25.478 9.405 -1.714 25.628 8.696 -0.99 
2 24 22.871 7.839 0 22.816 8.098 -0.99 
2 24 25.628 8.696 -0.99 25.683 8.437 0 
2 24 21.715 13.279 -2 21.509 14.247 -1.714 
2 24 24.321 14.845 -1.714 24.527 13.877 -2 
2 24 21.509 14.247 -1.714 21.358 14.956 -0.99 
2 24 24.171 15.554 -0.99 24.321 14.845 -1.714 
2 24 21.358 14.956 -0.99 21.303 15.216 0 
2 24 24.115 15.813 0 24.171 15.554 -0.99 
2 24 24.321 14.845 1.714 24.527 13.877 2 
2 24 21.509 14.247 1.714 21.715 13.279 2 
2 24 21.358 14.956 0.99 21.509 14.247 1.714 
2 24 24.321 14.845 1.714 24.171 15.554 0.99 
2 24 21.303 15.216 0 21.358 14.956 0.99 
2 24 24.171 15.554 0.99 24.115 15.813 0 
2 24 -8.748 12.304 2.584 -8.438 10.845 3 
2 24 21.715 13.279 3 21.405 14.738 2.584 
2 24 21.405 14.738 2.584 21.178 15.806 1.492 
2 24 21.178 15.806 1.492 21.077 16.281 0 
2 24 -8.975 13.372 1.492 -8.748 12.304 2.584 
2 24 -9.058 13.763 0 -8.975 13.372 1.492 
2 24 -7.334 5.653 3 11.501 9.656 3 
2 24 -8.438 10.845 3 -7.334 5.653 3 
2 24 11.501 9.656 3 11.951 7.542 2.983 
2 24 22.46 9.775 2.983 21.715 13.279 3 
2 24 22.77 8.316 2.584 22.46 9.775 2.983 
2 24 11.951 7.542 2.983 12.261 6.083 2.584 
2 24 12.261 6.083 2.584 12.488 5.014 1.492 
2 24 22.997 7.248 1.492 22.77 8.316 2.584 
2 24 23.08 6.857 0 22.997 7.248 1.492 
2 24 12.488 5.014 1.492 12.568 4.637 0 
2 24 11.501 9.656 3 11.501 9.656 -3 
2 24 11.501 9.656 -3 11.951 7.542 -2.983 
2 24 12.488 5.014 -1.492 12.568 4.637 0 
2 24 12.261 6.083 -2.584 12.488 5.014 -1.492 
2 24 11.951 7.542 -2.983 12.261 6.083 -2.584 
2 24 21.178 15.806 -1.492 21.077 16.281 0 
2 24 21.405 14.738 -2.584 21.178 15.806 -1.492 
2 24 21.715 13.279 -3 21.405 14.738 -2.584 
2 24 22.46 9.775 -2.983 21.715 13.279 -3 
2 24 22.77 8.316 -2.584 22.46 9.775 -2.983 
2 24 23.08 6.857 0 22.997 7.248 -1.492 
2 24 22.997 7.248 -1.492 22.77 8.316 -2.584 
2 24 -7.334 5.653 -3 -7.334 5.653 3 
2 24 -8.438 10.845 -3 -7.334 5.653 -3 
2 24 -8.748 12.304 -2.584 -8.438 10.845 -3 
2 24 -9.058 13.763 0 -8.975 13.372 -1.492 
2 24 -8.975 13.372 -1.492 -8.748 12.304 -2.584 
2 24 11.501 9.656 -3 -7.334 5.653 -3 

