0 MINI FIGURE HAT, NO. 24 (Needs Work)
0 Name: 17349.dat
0 Author: <AuthorRealName> [<AuthorLDrawName>]
0 !LDRAW_ORG Unofficial_Part
0 !LICENSE Redistributable under CCAL version 2.0 : see CAreadme.txt

0 BFC CERTIFY CCW

0 !HISTORY 2014-10-16 {LEGO Digital Designer} Original part shape
0 !HISTORY 2014-10-16 [<AuthorLDrawName>] File preparation for LDraw Parts Tracker

0 // Needs Work: Clean necessary

0 // Outside
3 16 -7.983 -3.874 4.594 -4.973 -11.918 7.789 -7.979 0.004 4.621 
3 16 -4.608 0 7.981 -7.979 0.004 4.621 -4.973 -11.918 7.789 
3 16 -4.608 0 7.981 -3.532 -19.759 8.548 0 0.008 9.216 
3 16 0 -19.48 9.216 0 0.008 9.216 -3.532 -19.759 8.548 
3 16 0 -2.35 -9.216 -4.608 -2.35 -7.981 0 0 -9.216 
3 16 0 0 -9.216 -4.608 -2.35 -7.981 -4.608 0 -7.981 
3 16 -7.981 0 -4.608 -4.608 0 -7.981 -7.981 -2.35 -4.608 
3 16 -7.981 -2.35 -4.608 -4.608 0 -7.981 -4.608 -2.35 -7.981 
3 16 -9.216 0 0 -7.981 0 -4.608 -9.216 -2.35 0 
3 16 -9.216 -2.35 0 -7.981 0 -4.608 -7.981 -2.35 -4.608 
3 16 -7.979 0.004 4.621 -9.216 0 0 -7.983 -3.874 4.594 
3 16 -7.983 -3.874 4.594 -9.216 0 0 -9.216 -2.35 0 
3 16 -10.61 0.852 4.297 -7.983 -3.874 4.594 -11.285 0.369 -0.01 
3 16 -11.285 0.369 -0.01 -7.983 -3.874 4.594 -9.216 -2.35 0 
3 16 -6.451 -0.783 10.915 -4.973 -11.918 7.789 -9.006 0.441 9.055 
3 16 -4.973 -11.918 7.789 -7.983 -3.874 4.594 -9.006 0.441 9.055 
3 16 -10.61 0.852 4.297 -9.006 0.441 9.055 -7.983 -3.874 4.594 
3 16 0 -23.108 13.063 0 -19.48 9.216 -4.999 -21.308 12.069 
3 16 -3.532 -19.759 8.548 -4.999 -21.308 12.069 0 -19.48 9.216 
3 16 -4.608 -2.35 -7.981 0 -2.35 -9.216 -4.335 0.367 -10.423 
3 16 -4.335 0.367 -10.423 0 -2.35 -9.216 0 0.361 -11.296 
3 16 -10.424 0.371 -4.319 -7.981 -2.35 -4.608 -7.984 0.37 -7.974 
3 16 -7.981 -2.35 -4.608 -4.608 -2.35 -7.981 -7.984 0.37 -7.974 
3 16 -7.984 0.37 -7.974 -4.608 -2.35 -7.981 -4.335 0.367 -10.423 
3 16 -7.981 -2.35 -4.608 -10.424 0.371 -4.319 -9.216 -2.35 0 
3 16 -11.285 0.369 -0.01 -9.216 -2.35 0 -10.424 0.371 -4.319 
3 16 -9.237 6.841 -9.237 -7.984 0.37 -7.974 -4.999 5.08 -12.069 
3 16 -4.999 5.08 -12.069 -7.984 0.37 -7.974 -4.335 0.367 -10.423 
3 16 -12.069 9.379 -4.999 -10.424 0.371 -4.319 -9.237 6.841 -9.237 
3 16 -9.237 6.841 -9.237 -10.424 0.371 -4.319 -7.984 0.37 -7.974 
3 16 -13.063 12.28 0 -11.285 0.369 -0.01 -12.069 9.379 -4.999 
3 16 -12.069 9.379 -4.999 -11.285 0.369 -0.01 -10.424 0.371 -4.319 
3 16 -12.069 14.419 4.999 -10.61 0.852 4.297 -13.063 12.28 0 
3 16 -13.063 12.28 0 -10.61 0.852 4.297 -11.285 0.369 -0.01 
3 16 -9.237 15.784 9.237 -9.006 0.441 9.055 -12.069 14.419 4.999 
3 16 -12.069 14.419 4.999 -9.006 0.441 9.055 -10.61 0.852 4.297 
3 16 -9.006 0.441 9.055 -9.237 15.784 9.237 -6.451 -0.783 10.915 
3 16 -4.977 -1.776 12.01 -6.451 -0.783 10.915 -4.999 16.734 12.069 
3 16 -4.999 16.734 12.069 -6.451 -0.783 10.915 -9.237 15.784 9.237 
3 16 0 -2.528 13.013 -4.977 -1.776 12.01 0 16.956 13.063 
3 16 0 16.956 13.063 -4.977 -1.776 12.01 -4.999 16.734 12.069 
3 16 -4.999 5.08 -12.069 0 4.528 -13.063 -6.22 3.42 -14.057 
3 16 -6.22 3.42 -14.057 0 4.528 -13.063 0 2.784 -15.167 
3 16 -9.237 6.841 -9.237 -4.999 5.08 -12.069 -11.536 5.481 -10.781 
3 16 -11.536 5.481 -10.781 -4.999 5.08 -12.069 -6.22 3.42 -14.057 
3 16 -11.536 5.481 -10.781 -14.952 8.595 -5.792 -9.237 6.841 -9.237 
3 16 -9.237 6.841 -9.237 -14.952 8.595 -5.792 -12.069 9.379 -4.999 
3 16 -14.952 8.595 -5.792 -15.967 11.672 0.126 -12.069 9.379 -4.999 
3 16 -12.069 9.379 -4.999 -15.967 11.672 0.126 -13.063 12.28 0 
3 16 -15.967 11.672 0.126 -14.412 14.058 5.97 -13.063 12.28 0 
3 16 -13.063 12.28 0 -14.412 14.058 5.97 -12.069 14.419 4.999 
3 16 -14.412 14.058 5.97 -11.081 15.74 11.122 -12.069 14.419 4.999 
3 16 -12.069 14.419 4.999 -11.081 15.74 11.122 -9.237 15.784 9.237 
3 16 -11.081 15.74 11.122 -6.133 16.746 14.571 -9.237 15.784 9.237 
3 16 -9.237 15.784 9.237 -6.133 16.746 14.571 -4.999 16.734 12.069 
3 16 -6.133 16.746 14.571 0 17.071 15.597 -4.999 16.734 12.069 
3 16 -4.999 16.734 12.069 0 17.071 15.597 0 16.956 13.063 
3 16 0 -7.891 -7.813 -6.094 -7.063 -6.514 0 2.784 -15.167 
3 16 -6.094 -7.063 -6.514 -6.22 3.42 -14.057 0 2.784 -15.167 
3 16 -6.094 -7.063 -6.514 -10.484 -4.895 -3.394 -6.22 3.42 -14.057 
3 16 -6.22 3.42 -14.057 -10.484 -4.895 -3.394 -11.536 5.481 -10.781 
3 16 -10.484 -4.895 -3.394 -12.794 -2.114 0.587 -11.536 5.481 -10.781 
3 16 -11.536 5.481 -10.781 -12.794 -2.114 0.587 -14.952 8.595 -5.792 
3 16 -12.794 -2.114 0.587 -12.992 0.202 4.857 -14.952 8.595 -5.792 
3 16 -14.952 8.595 -5.792 -12.992 0.202 4.857 -15.967 11.672 0.126 
3 16 -12.992 0.202 4.857 -11.374 2.162 8.759 -15.967 11.672 0.126 
3 16 -15.967 11.672 0.126 -11.374 2.162 8.759 -14.412 14.058 5.97 
3 16 -11.374 2.162 8.759 -8.623 4.25 12.051 -14.412 14.058 5.97 
3 16 -14.412 14.058 5.97 -8.623 4.25 12.051 -11.081 15.74 11.122 
3 16 -6.133 16.746 14.571 -11.081 15.74 11.122 -4.906 5.324 14.342 
3 16 -11.081 15.74 11.122 -8.623 4.25 12.051 -4.906 5.324 14.342 
3 16 -4.906 5.324 14.342 0 5.634 15.105 -6.133 16.746 14.571 
3 16 -6.133 16.746 14.571 0 5.634 15.105 0 17.071 15.597 
3 16 0 -14.676 -2.62 -5.584 -13.862 -1.372 0 -7.891 -7.813 
3 16 -5.584 -13.862 -1.372 -6.094 -7.063 -6.514 0 -7.891 -7.813 
3 16 -5.584 -13.862 -1.372 -9.295 -11.71 1.51 -6.094 -7.063 -6.514 
3 16 -6.094 -7.063 -6.514 -9.295 -11.71 1.51 -10.484 -4.895 -3.394 
3 16 -9.295 -11.71 1.51 -10.867 -9.09 4.792 -10.484 -4.895 -3.394 
3 16 -10.484 -4.895 -3.394 -10.867 -9.09 4.792 -12.794 -2.114 0.587 
3 16 -10.867 -9.09 4.792 -10.758 -7.056 7.948 -12.794 -2.114 0.587 
3 16 -12.794 -2.114 0.587 -10.758 -7.056 7.948 -12.992 0.202 4.857 
3 16 -8.663 -7.895 11.685 -6.564 -5.305 13.495 -9.603 -5.306 10.783 
3 16 -6.564 -5.305 13.495 -7.406 -2.817 13.254 -9.603 -5.306 10.783 
3 16 -4.211 -1.237 14.975 -7.406 -2.817 13.254 -3.713 -3.738 14.704 
3 16 -6.564 -5.305 13.495 -3.713 -3.738 14.704 -7.406 -2.817 13.254 
3 16 0 -0.392 15.565 -4.211 -1.237 14.975 0 -2.915 15.173 
3 16 -3.713 -3.738 14.704 0 -2.915 15.173 -4.211 -1.237 14.975 
3 16 -6.631 -19.059 14.038 -4.903 -15.741 16.776 -8.176 -14.85 11.699 
3 16 -4.903 -15.741 16.776 -5.607 -11.341 15.343 -8.176 -14.85 11.699 
3 16 0 -9.44 16.926 -5.607 -11.341 15.343 0 -14.195 18.606 
3 16 -4.903 -15.741 16.776 0 -14.195 18.606 -5.607 -11.341 15.343 
3 16 0 -29.032 21.941 -1.929 -28.621 21.554 0 -28.074 13.272 
3 16 -1.929 -28.621 21.554 -2.452 -27.891 14.439 0 -28.074 13.272 
3 16 -2.832 -27.962 19.294 -2.452 -27.891 14.439 -1.929 -28.621 21.554 
3 16 -2.452 -27.891 14.439 -2.832 -27.962 19.294 -2.996 -27.731 16.646 
3 16 -4.211 -1.237 14.975 0 -0.392 15.565 -4.906 5.324 14.342 
3 16 -4.906 5.324 14.342 0 -0.392 15.565 0 5.634 15.105 
3 16 -7.406 -2.817 13.254 -4.211 -1.237 14.975 -8.623 4.25 12.051 
3 16 -8.623 4.25 12.051 -4.211 -1.237 14.975 -4.906 5.324 14.342 
3 16 -9.603 -5.306 10.783 -7.406 -2.817 13.254 -11.374 2.162 8.759 
3 16 -11.374 2.162 8.759 -7.406 -2.817 13.254 -8.623 4.25 12.051 
3 16 0 -29.032 21.941 0 -27.513 24.94 -1.929 -28.621 21.554 
3 16 0 -27.513 24.94 -2.787 -26.477 24.754 -1.929 -28.621 21.554 
3 16 -4.314 -26.506 19.594 -2.832 -27.962 19.294 -2.787 -26.477 24.754 
3 16 -2.787 -26.477 24.754 -2.832 -27.962 19.294 -1.929 -28.621 21.554 
3 16 -3.621 -23.769 24.585 -4.195 -24.063 22.079 -2.787 -26.477 24.754 
3 16 -4.195 -24.063 22.079 -4.314 -26.506 19.594 -2.787 -26.477 24.754 
3 16 -4.314 -26.506 19.594 -4.195 -24.063 22.079 -4.723 -22.884 20.181 
3 16 -4.195 -24.063 22.079 -3.621 -23.769 24.585 -2.28 -21.439 22.26 
3 16 -1.909 -21.843 24.741 -2.28 -21.439 22.26 -3.621 -23.769 24.585 
3 16 -2.28 -21.439 22.26 -1.909 -21.843 24.741 0 -20.603 22.511 
3 16 0 -21.187 24.947 0 -20.603 22.511 -1.909 -21.843 24.741 
3 16 -10.758 -7.056 7.948 -9.603 -5.306 10.783 -12.992 0.202 4.857 
3 16 -12.992 0.202 4.857 -9.603 -5.306 10.783 -11.374 2.162 8.759 
3 16 -8.176 -14.85 11.699 -7.216 -19.336 7.343 -6.631 -19.059 14.038 
3 16 -6.631 -19.059 14.038 -7.216 -19.336 7.343 -5.562 -24.576 13.158 
3 16 -5.562 -24.576 13.158 -5.84 -20.047 15.014 -6.631 -19.059 14.038 
3 16 -4.903 -15.741 16.776 -6.631 -19.059 14.038 -3.792 -17.476 17.165 
3 16 -5.84 -20.047 15.014 -3.792 -17.476 17.165 -6.631 -19.059 14.038 
3 16 -3.792 -17.476 17.165 0 -16.177 18.639 -4.903 -15.741 16.776 
3 16 0 -16.177 18.639 0 -14.195 18.606 -4.903 -15.741 16.776 
3 16 -4.723 -22.884 20.181 -4.195 -24.063 22.079 -3.208 -20.725 21.23 
3 16 -4.195 -24.063 22.079 -2.28 -21.439 22.26 -3.208 -20.725 21.23 
3 16 -3.208 -20.725 21.23 -2.28 -21.439 22.26 0 -19.286 21.755 
3 16 -2.28 -21.439 22.26 0 -20.603 22.511 0 -19.286 21.755 
3 16 -3.438 -19.249 19.328 0 -17.818 20.193 -3.792 -17.476 17.165 
3 16 0 -16.177 18.639 -3.792 -17.476 17.165 0 -17.818 20.193 
3 16 -5.235 -21.643 17.741 -3.438 -19.249 19.328 -5.84 -20.047 15.014 
3 16 -3.792 -17.476 17.165 -5.84 -20.047 15.014 -3.438 -19.249 19.328 
3 16 -4.922 -25.692 16.594 -5.235 -21.643 17.741 -5.562 -24.576 13.158 
3 16 -5.84 -20.047 15.014 -5.562 -24.576 13.158 -5.235 -21.643 17.741 
3 16 0 -23.553 29.705 0 -22.911 29.205 -1.19 -23.513 29.267 
3 16 -1.19 -23.513 29.267 0 -22.911 29.205 -1.199 -23.051 28.892 
3 16 -3.621 -23.769 24.585 -2.787 -26.477 24.754 -2.664 -23.492 27.468 
3 16 -2.664 -23.492 27.468 -2.787 -26.477 24.754 -1.959 -25.152 27.896 
3 16 -2.787 -26.477 24.754 0 -27.513 24.94 -1.959 -25.152 27.896 
3 16 -1.959 -25.152 27.896 0 -27.513 24.94 0 -25.802 28.045 
3 16 -1.19 -23.513 29.267 -2.037 -23.47 28.444 -1.471 -24.24 29.02 
3 16 0 -24.738 29.484 0 -23.553 29.705 -1.471 -24.24 29.02 
3 16 0 -23.553 29.705 -1.19 -23.513 29.267 -1.471 -24.24 29.02 
3 16 -3.621 -23.769 24.585 -2.664 -23.492 27.468 -1.909 -21.843 24.741 
3 16 -1.474 -22.385 27.726 -1.909 -21.843 24.741 -2.664 -23.492 27.468 
3 16 -1.909 -21.843 24.741 -1.474 -22.385 27.726 0 -21.187 24.947 
3 16 0 -21.994 27.883 0 -21.187 24.947 -1.474 -22.385 27.726 
3 16 -4.189 -21.671 5.514 0 -22.368 4.535 -2.452 -27.891 14.439 
3 16 -2.452 -27.891 14.439 0 -22.368 4.535 0 -28.074 13.272 
3 16 -6.451 -0.783 10.915 -4.999 -21.308 12.069 -4.973 -11.918 7.789 
3 16 -4.973 -11.918 7.789 -4.999 -21.308 12.069 -3.532 -19.759 8.548 
3 16 -6.451 -0.783 10.915 -4.977 -1.776 12.01 -4.999 -21.308 12.069 
3 16 0 -23.108 13.063 -4.999 -21.308 12.069 0 -2.528 13.013 
3 16 -4.977 -1.776 12.01 0 -2.528 13.013 -4.999 -21.308 12.069 
3 16 -4.608 0 7.981 -4.973 -11.918 7.789 -3.532 -19.759 8.548 
3 16 -1.959 -25.152 27.896 -1.471 -24.24 29.02 -2.664 -23.492 27.468 
3 16 -1.471 -24.24 29.02 -2.037 -23.47 28.444 -2.664 -23.492 27.468 
3 16 0 -25.802 28.045 0 -24.738 29.484 -1.959 -25.152 27.896 
3 16 0 -24.738 29.484 -1.471 -24.24 29.02 -1.959 -25.152 27.896 
3 16 -1.474 -22.385 27.726 -1.199 -23.051 28.892 0 -21.994 27.883 
3 16 -1.199 -23.051 28.892 0 -22.911 29.205 0 -21.994 27.883 
3 16 -2.664 -23.492 27.468 -2.037 -23.47 28.444 -1.474 -22.385 27.726 
3 16 -1.199 -23.051 28.892 -1.474 -22.385 27.726 -2.037 -23.47 28.444 
3 16 -1.19 -23.513 29.267 -1.199 -23.051 28.892 -2.037 -23.47 28.444 
3 16 0 -17.818 20.193 -3.438 -19.249 19.328 0 -19.286 21.755 
3 16 0 -19.286 21.755 -3.438 -19.249 19.328 -3.208 -20.725 21.23 
3 16 -4.723 -22.884 20.181 -3.208 -20.725 21.23 -5.235 -21.643 17.741 
3 16 -3.438 -19.249 19.328 -5.235 -21.643 17.741 -3.208 -20.725 21.23 
3 16 -4.314 -26.506 19.594 -4.723 -22.884 20.181 -4.922 -25.692 16.594 
3 16 -5.235 -21.643 17.741 -4.922 -25.692 16.594 -4.723 -22.884 20.181 
3 16 0 -22.368 4.535 -4.189 -21.671 5.514 0 -14.676 -2.62 
3 16 -5.584 -13.862 -1.372 0 -14.676 -2.62 -4.189 -21.671 5.514 
3 16 -4.189 -21.671 5.514 -7.216 -19.336 7.343 -5.584 -13.862 -1.372 
3 16 -9.295 -11.71 1.51 -5.584 -13.862 -1.372 -7.216 -19.336 7.343 
3 16 -9.295 -11.71 1.51 -7.216 -19.336 7.343 -10.867 -9.09 4.792 
3 16 -7.216 -19.336 7.343 -8.176 -14.85 11.699 -10.867 -9.09 4.792 
3 16 -10.867 -9.09 4.792 -8.176 -14.85 11.699 -10.758 -7.056 7.948 
3 16 -6.564 -5.305 13.495 -8.663 -7.895 11.685 -5.607 -11.341 15.343 
3 16 -8.176 -14.85 11.699 -8.663 -7.895 11.685 -10.758 -7.056 7.948 
3 16 -10.758 -7.056 7.948 -8.663 -7.895 11.685 -9.603 -5.306 10.783 
3 16 -8.176 -14.85 11.699 -5.607 -11.341 15.343 -8.663 -7.895 11.685 
3 16 0 -2.915 15.173 -3.713 -3.738 14.704 0 -9.44 16.926 
3 16 0 -9.44 16.926 -3.713 -3.738 14.704 -5.607 -11.341 15.343 
3 16 -5.607 -11.341 15.343 -3.713 -3.738 14.704 -6.564 -5.305 13.495 
3 16 -4.999 5.08 -12.069 -4.335 0.367 -10.423 0 4.528 -13.063 
3 16 -4.335 0.367 -10.423 0 0.361 -11.296 0 4.528 -13.063 
3 16 -5.562 -24.576 13.158 -2.452 -27.891 14.439 -4.922 -25.692 16.594 
3 16 -2.452 -27.891 14.439 -5.562 -24.576 13.158 -4.189 -21.671 5.514 
3 16 -4.189 -21.671 5.514 -5.562 -24.576 13.158 -7.216 -19.336 7.343 
3 16 -4.922 -25.692 16.594 -2.452 -27.891 14.439 -2.996 -27.731 16.646 
3 16 -2.832 -27.962 19.294 -4.314 -26.506 19.594 -2.996 -27.731 16.646 
3 16 -2.996 -27.731 16.646 -4.314 -26.506 19.594 -4.922 -25.692 16.594 
3 16 7.983 -3.874 4.594 7.979 0.004 4.621 4.973 -11.918 7.789 
3 16 4.608 0 7.981 4.973 -11.918 7.789 7.979 0.004 4.621 
3 16 4.608 0 7.981 0 0.008 9.216 3.532 -19.759 8.548 
3 16 0 -19.48 9.216 3.532 -19.759 8.548 0 0.008 9.216 
3 16 0 -2.35 -9.216 0 0 -9.216 4.608 -2.35 -7.981 
3 16 0 0 -9.216 4.608 0 -7.981 4.608 -2.35 -7.981 
3 16 7.981 0 -4.608 7.981 -2.35 -4.608 4.608 0 -7.981 
3 16 7.981 -2.35 -4.608 4.608 -2.35 -7.981 4.608 0 -7.981 
3 16 9.216 0 0 9.216 -2.35 0 7.981 0 -4.608 
3 16 9.216 -2.35 0 7.981 -2.35 -4.608 7.981 0 -4.608 
3 16 7.979 0.004 4.621 7.983 -3.874 4.594 9.216 0 0 
3 16 7.983 -3.874 4.594 9.216 -2.35 0 9.216 0 0 
3 16 10.61 0.852 4.297 11.285 0.369 -0.01 7.983 -3.874 4.594 
3 16 11.285 0.369 -0.01 9.216 -2.35 0 7.983 -3.874 4.594 
3 16 6.451 -0.783 10.915 9.006 0.441 9.055 4.973 -11.918 7.789 
3 16 4.973 -11.918 7.789 9.006 0.441 9.055 7.983 -3.874 4.594 
3 16 10.61 0.852 4.297 7.983 -3.874 4.594 9.006 0.441 9.055 
3 16 0 -23.108 13.063 4.999 -21.308 12.069 0 -19.48 9.216 
3 16 3.532 -19.759 8.548 0 -19.48 9.216 4.999 -21.308 12.069 
3 16 4.608 -2.35 -7.981 4.335 0.367 -10.423 0 -2.35 -9.216 
3 16 4.335 0.367 -10.423 0 0.361 -11.296 0 -2.35 -9.216 
3 16 10.424 0.371 -4.319 7.984 0.37 -7.974 7.981 -2.35 -4.608 
3 16 7.981 -2.35 -4.608 7.984 0.37 -7.974 4.608 -2.35 -7.981 
3 16 7.984 0.37 -7.974 4.335 0.367 -10.423 4.608 -2.35 -7.981 
3 16 7.981 -2.35 -4.608 9.216 -2.35 0 10.424 0.371 -4.319 
3 16 11.285 0.369 -0.01 10.424 0.371 -4.319 9.216 -2.35 0 
3 16 9.237 6.841 -9.237 4.999 5.08 -12.069 7.984 0.37 -7.974 
3 16 4.999 5.08 -12.069 4.335 0.367 -10.423 7.984 0.37 -7.974 
3 16 12.069 9.379 -4.999 9.237 6.841 -9.237 10.424 0.371 -4.319 
3 16 9.237 6.841 -9.237 7.984 0.37 -7.974 10.424 0.371 -4.319 
3 16 13.063 12.28 0 12.069 9.379 -4.999 11.285 0.369 -0.01 
3 16 12.069 9.379 -4.999 10.424 0.371 -4.319 11.285 0.369 -0.01 
3 16 12.069 14.419 4.999 13.063 12.28 0 10.61 0.852 4.297 
3 16 13.063 12.28 0 11.285 0.369 -0.01 10.61 0.852 4.297 
3 16 9.237 15.784 9.237 12.069 14.419 4.999 9.006 0.441 9.055 
3 16 12.069 14.419 4.999 10.61 0.852 4.297 9.006 0.441 9.055 
3 16 9.006 0.441 9.055 6.451 -0.783 10.915 9.237 15.784 9.237 
3 16 4.977 -1.776 12.01 4.999 16.734 12.069 6.451 -0.783 10.915 
3 16 4.999 16.734 12.069 9.237 15.784 9.237 6.451 -0.783 10.915 
3 16 0 -2.528 13.013 0 16.956 13.063 4.977 -1.776 12.01 
3 16 0 16.956 13.063 4.999 16.734 12.069 4.977 -1.776 12.01 
3 16 4.999 5.08 -12.069 6.22 3.42 -14.057 0 4.528 -13.063 
3 16 6.22 3.42 -14.057 0 2.784 -15.167 0 4.528 -13.063 
3 16 9.237 6.841 -9.237 11.536 5.481 -10.781 4.999 5.08 -12.069 
3 16 11.536 5.481 -10.781 6.22 3.42 -14.057 4.999 5.08 -12.069 
3 16 11.536 5.481 -10.781 9.237 6.841 -9.237 14.952 8.595 -5.792 
3 16 9.237 6.841 -9.237 12.069 9.379 -4.999 14.952 8.595 -5.792 
3 16 14.952 8.595 -5.792 12.069 9.379 -4.999 15.967 11.672 0.126 
3 16 12.069 9.379 -4.999 13.063 12.28 0 15.967 11.672 0.126 
3 16 15.967 11.672 0.126 13.063 12.28 0 14.412 14.058 5.97 
3 16 13.063 12.28 0 12.069 14.419 4.999 14.412 14.058 5.97 
3 16 14.412 14.058 5.97 12.069 14.419 4.999 11.081 15.74 11.122 
3 16 12.069 14.419 4.999 9.237 15.784 9.237 11.081 15.74 11.122 
3 16 11.081 15.74 11.122 9.237 15.784 9.237 6.133 16.746 14.571 
3 16 9.237 15.784 9.237 4.999 16.734 12.069 6.133 16.746 14.571 
3 16 6.133 16.746 14.571 4.999 16.734 12.069 0 17.071 15.597 
3 16 4.999 16.734 12.069 0 16.956 13.063 0 17.071 15.597 
3 16 0 -7.891 -7.813 0 2.784 -15.167 6.094 -7.063 -6.514 
3 16 6.094 -7.063 -6.514 0 2.784 -15.167 6.22 3.42 -14.057 
3 16 6.094 -7.063 -6.514 6.22 3.42 -14.057 10.484 -4.895 -3.394 
3 16 6.22 3.42 -14.057 11.536 5.481 -10.781 10.484 -4.895 -3.394 
3 16 10.484 -4.895 -3.394 11.536 5.481 -10.781 12.794 -2.114 0.587 
3 16 11.536 5.481 -10.781 14.952 8.595 -5.792 12.794 -2.114 0.587 
3 16 12.794 -2.114 0.587 14.952 8.595 -5.792 12.992 0.202 4.857 
3 16 14.952 8.595 -5.792 15.967 11.672 0.126 12.992 0.202 4.857 
3 16 12.992 0.202 4.857 15.967 11.672 0.126 11.374 2.162 8.759 
3 16 15.967 11.672 0.126 14.412 14.058 5.97 11.374 2.162 8.759 
3 16 11.374 2.162 8.759 14.412 14.058 5.97 8.623 4.25 12.051 
3 16 14.412 14.058 5.97 11.081 15.74 11.122 8.623 4.25 12.051 
3 16 6.133 16.746 14.571 4.906 5.324 14.342 11.081 15.74 11.122 
3 16 11.081 15.74 11.122 4.906 5.324 14.342 8.623 4.25 12.051 
3 16 4.906 5.324 14.342 6.133 16.746 14.571 0 5.634 15.105 
3 16 6.133 16.746 14.571 0 17.071 15.597 0 5.634 15.105 
3 16 0 -14.676 -2.62 0 -7.891 -7.813 5.584 -13.862 -1.372 
3 16 5.584 -13.862 -1.372 0 -7.891 -7.813 6.094 -7.063 -6.514 
3 16 5.584 -13.862 -1.372 6.094 -7.063 -6.514 9.295 -11.71 1.51 
3 16 6.094 -7.063 -6.514 10.484 -4.895 -3.394 9.295 -11.71 1.51 
3 16 9.295 -11.71 1.51 10.484 -4.895 -3.394 10.867 -9.09 4.792 
3 16 10.484 -4.895 -3.394 12.794 -2.114 0.587 10.867 -9.09 4.792 
3 16 10.867 -9.09 4.792 12.794 -2.114 0.587 10.758 -7.056 7.948 
3 16 12.794 -2.114 0.587 12.992 0.202 4.857 10.758 -7.056 7.948 
3 16 8.663 -7.895 11.685 9.603 -5.306 10.783 6.564 -5.305 13.495 
3 16 6.564 -5.305 13.495 9.603 -5.306 10.783 7.406 -2.817 13.254 
3 16 4.211 -1.237 14.975 3.713 -3.738 14.704 7.406 -2.817 13.254 
3 16 6.564 -5.305 13.495 7.406 -2.817 13.254 3.713 -3.738 14.704 
3 16 0 -0.392 15.565 0 -2.915 15.173 4.211 -1.237 14.975 
3 16 3.713 -3.738 14.704 4.211 -1.237 14.975 0 -2.915 15.173 
3 16 6.631 -19.059 14.038 8.176 -14.85 11.699 4.903 -15.741 16.776 
3 16 4.903 -15.741 16.776 8.176 -14.85 11.699 5.607 -11.341 15.343 
3 16 0 -9.44 16.926 0 -14.195 18.606 5.607 -11.341 15.343 
3 16 4.903 -15.741 16.776 5.607 -11.341 15.343 0 -14.195 18.606 
3 16 0 -29.032 21.941 0 -28.074 13.272 1.929 -28.621 21.554 
3 16 1.929 -28.621 21.554 0 -28.074 13.272 2.452 -27.891 14.439 
3 16 2.832 -27.962 19.294 1.929 -28.621 21.554 2.452 -27.891 14.439 
3 16 2.452 -27.891 14.439 2.996 -27.731 16.646 2.832 -27.962 19.294 
3 16 4.211 -1.237 14.975 4.906 5.324 14.342 0 -0.392 15.565 
3 16 4.906 5.324 14.342 0 5.634 15.105 0 -0.392 15.565 
3 16 7.406 -2.817 13.254 8.623 4.25 12.051 4.211 -1.237 14.975 
3 16 8.623 4.25 12.051 4.906 5.324 14.342 4.211 -1.237 14.975 
3 16 9.603 -5.306 10.783 11.374 2.162 8.759 7.406 -2.817 13.254 
3 16 11.374 2.162 8.759 8.623 4.25 12.051 7.406 -2.817 13.254 
3 16 0 -29.032 21.941 1.929 -28.621 21.554 0 -27.513 24.94 
3 16 0 -27.513 24.94 1.929 -28.621 21.554 2.787 -26.477 24.754 
3 16 4.314 -26.506 19.594 2.787 -26.477 24.754 2.832 -27.962 19.294 
3 16 2.787 -26.477 24.754 1.929 -28.621 21.554 2.832 -27.962 19.294 
3 16 3.621 -23.769 24.585 2.787 -26.477 24.754 4.195 -24.063 22.079 
3 16 4.195 -24.063 22.079 2.787 -26.477 24.754 4.314 -26.506 19.594 
3 16 4.314 -26.506 19.594 4.723 -22.884 20.181 4.195 -24.063 22.079 
3 16 4.195 -24.063 22.079 2.28 -21.439 22.26 3.621 -23.769 24.585 
3 16 1.909 -21.843 24.741 3.621 -23.769 24.585 2.28 -21.439 22.26 
3 16 2.28 -21.439 22.26 0 -20.603 22.511 1.909 -21.843 24.741 
3 16 0 -21.187 24.947 1.909 -21.843 24.741 0 -20.603 22.511 
3 16 10.758 -7.056 7.948 12.992 0.202 4.857 9.603 -5.306 10.783 
3 16 12.992 0.202 4.857 11.374 2.162 8.759 9.603 -5.306 10.783 
3 16 5.562 -24.576 13.158 7.216 -19.336 7.343 6.631 -19.059 14.038 
3 16 7.216 -19.336 7.343 8.176 -14.85 11.699 6.631 -19.059 14.038 
3 16 5.562 -24.576 13.158 6.631 -19.059 14.038 5.84 -20.047 15.014 
3 16 4.903 -15.741 16.776 3.792 -17.476 17.165 6.631 -19.059 14.038 
3 16 5.84 -20.047 15.014 6.631 -19.059 14.038 3.792 -17.476 17.165 
3 16 3.792 -17.476 17.165 4.903 -15.741 16.776 0 -16.177 18.639 
3 16 0 -16.177 18.639 4.903 -15.741 16.776 0 -14.195 18.606 
3 16 4.723 -22.884 20.181 3.208 -20.725 21.23 4.195 -24.063 22.079 
3 16 4.195 -24.063 22.079 3.208 -20.725 21.23 2.28 -21.439 22.26 
3 16 3.208 -20.725 21.23 0 -19.286 21.755 2.28 -21.439 22.26 
3 16 2.28 -21.439 22.26 0 -19.286 21.755 0 -20.603 22.511 
3 16 3.438 -19.249 19.328 3.792 -17.476 17.165 0 -17.818 20.193 
3 16 0 -16.177 18.639 0 -17.818 20.193 3.792 -17.476 17.165 
3 16 5.235 -21.643 17.741 5.84 -20.047 15.014 3.438 -19.249 19.328 
3 16 3.792 -17.476 17.165 3.438 -19.249 19.328 5.84 -20.047 15.014 
3 16 4.922 -25.692 16.594 5.562 -24.576 13.158 5.235 -21.643 17.741 
3 16 5.84 -20.047 15.014 5.235 -21.643 17.741 5.562 -24.576 13.158 
3 16 0 -23.553 29.705 1.19 -23.513 29.267 0 -22.911 29.205 
3 16 1.19 -23.513 29.267 1.199 -23.051 28.892 0 -22.911 29.205 
3 16 3.621 -23.769 24.585 2.664 -23.492 27.468 2.787 -26.477 24.754 
3 16 2.664 -23.492 27.468 1.959 -25.152 27.896 2.787 -26.477 24.754 
3 16 2.787 -26.477 24.754 1.959 -25.152 27.896 0 -27.513 24.94 
3 16 1.959 -25.152 27.896 0 -25.802 28.045 0 -27.513 24.94 
3 16 1.19 -23.513 29.267 1.471 -24.24 29.02 2.037 -23.47 28.444 
3 16 0 -24.738 29.484 1.471 -24.24 29.02 0 -23.553 29.705 
3 16 0 -23.553 29.705 1.471 -24.24 29.02 1.19 -23.513 29.267 
3 16 3.621 -23.769 24.585 1.909 -21.843 24.741 2.664 -23.492 27.468 
3 16 1.474 -22.385 27.726 2.664 -23.492 27.468 1.909 -21.843 24.741 
3 16 1.909 -21.843 24.741 0 -21.187 24.947 1.474 -22.385 27.726 
3 16 0 -21.994 27.883 1.474 -22.385 27.726 0 -21.187 24.947 
3 16 4.189 -21.671 5.514 2.452 -27.891 14.439 0 -22.368 4.535 
3 16 2.452 -27.891 14.439 0 -28.074 13.272 0 -22.368 4.535 
3 16 6.451 -0.783 10.915 4.973 -11.918 7.789 4.999 -21.308 12.069 
3 16 4.973 -11.918 7.789 3.532 -19.759 8.548 4.999 -21.308 12.069 
3 16 6.451 -0.783 10.915 4.999 -21.308 12.069 4.977 -1.776 12.01 
3 16 0 -23.108 13.063 0 -2.528 13.013 4.999 -21.308 12.069 
3 16 4.977 -1.776 12.01 4.999 -21.308 12.069 0 -2.528 13.013 
3 16 4.608 0 7.981 3.532 -19.759 8.548 4.973 -11.918 7.789 
3 16 1.959 -25.152 27.896 2.664 -23.492 27.468 1.471 -24.24 29.02 
3 16 1.471 -24.24 29.02 2.664 -23.492 27.468 2.037 -23.47 28.444 
3 16 0 -25.802 28.045 1.959 -25.152 27.896 0 -24.738 29.484 
3 16 0 -24.738 29.484 1.959 -25.152 27.896 1.471 -24.24 29.02 
3 16 1.474 -22.385 27.726 0 -21.994 27.883 1.199 -23.051 28.892 
3 16 1.199 -23.051 28.892 0 -21.994 27.883 0 -22.911 29.205 
3 16 2.664 -23.492 27.468 1.474 -22.385 27.726 2.037 -23.47 28.444 
3 16 1.199 -23.051 28.892 2.037 -23.47 28.444 1.474 -22.385 27.726 
3 16 1.19 -23.513 29.267 2.037 -23.47 28.444 1.199 -23.051 28.892 
3 16 0 -17.818 20.193 0 -19.286 21.755 3.438 -19.249 19.328 
3 16 0 -19.286 21.755 3.208 -20.725 21.23 3.438 -19.249 19.328 
3 16 4.723 -22.884 20.181 5.235 -21.643 17.741 3.208 -20.725 21.23 
3 16 3.438 -19.249 19.328 3.208 -20.725 21.23 5.235 -21.643 17.741 
3 16 4.314 -26.506 19.594 4.922 -25.692 16.594 4.723 -22.884 20.181 
3 16 5.235 -21.643 17.741 4.723 -22.884 20.181 4.922 -25.692 16.594 
3 16 0 -22.368 4.535 0 -14.676 -2.62 4.189 -21.671 5.514 
3 16 5.584 -13.862 -1.372 4.189 -21.671 5.514 0 -14.676 -2.62 
3 16 4.189 -21.671 5.514 5.584 -13.862 -1.372 7.216 -19.336 7.343 
3 16 9.295 -11.71 1.51 7.216 -19.336 7.343 5.584 -13.862 -1.372 
3 16 9.295 -11.71 1.51 10.867 -9.09 4.792 7.216 -19.336 7.343 
3 16 7.216 -19.336 7.343 10.867 -9.09 4.792 8.176 -14.85 11.699 
3 16 10.867 -9.09 4.792 10.758 -7.056 7.948 8.176 -14.85 11.699 
3 16 6.564 -5.305 13.495 5.607 -11.341 15.343 8.663 -7.895 11.685 
3 16 8.176 -14.85 11.699 10.758 -7.056 7.948 8.663 -7.895 11.685 
3 16 10.758 -7.056 7.948 9.603 -5.306 10.783 8.663 -7.895 11.685 
3 16 8.176 -14.85 11.699 8.663 -7.895 11.685 5.607 -11.341 15.343 
3 16 0 -2.915 15.173 0 -9.44 16.926 3.713 -3.738 14.704 
3 16 0 -9.44 16.926 5.607 -11.341 15.343 3.713 -3.738 14.704 
3 16 5.607 -11.341 15.343 6.564 -5.305 13.495 3.713 -3.738 14.704 
3 16 4.999 5.08 -12.069 0 4.528 -13.063 4.335 0.367 -10.423 
3 16 4.335 0.367 -10.423 0 4.528 -13.063 0 0.361 -11.296 
3 16 5.562 -24.576 13.158 4.922 -25.692 16.594 2.452 -27.891 14.439 
3 16 2.452 -27.891 14.439 4.189 -21.671 5.514 5.562 -24.576 13.158 
3 16 4.189 -21.671 5.514 7.216 -19.336 7.343 5.562 -24.576 13.158 
3 16 4.922 -25.692 16.594 2.996 -27.731 16.646 2.452 -27.891 14.439 
3 16 2.832 -27.962 19.294 2.996 -27.731 16.646 4.314 -26.506 19.594 
3 16 2.996 -27.731 16.646 4.922 -25.692 16.594 4.314 -26.506 19.594 
2 24 -7.983 -3.874 4.594 -4.973 -11.918 7.789 
2 24 -4.608 0 7.981 -7.979 0.004 4.621 
2 24 0 0.008 9.216 -4.608 0 7.981 
2 24 -3.532 -19.759 8.548 0 -19.48 9.216 
2 24 0 -2.35 -9.216 -4.608 -2.35 -7.981 
2 24 -4.608 0 -7.981 0 0 -9.216 
2 24 -7.981 0 -4.608 -4.608 0 -7.981 
2 24 -4.608 -2.35 -7.981 -7.981 -2.35 -4.608 
2 24 -9.216 0 0 -7.981 0 -4.608 
2 24 -7.981 -2.35 -4.608 -9.216 -2.35 0 
2 24 -7.979 0.004 4.621 -9.216 0 0 
2 24 -9.216 -2.35 0 -7.983 -3.874 4.594 
2 24 -6.451 -0.783 10.915 -4.973 -11.918 7.789 
2 24 -4.999 -21.308 12.069 0 -23.108 13.063 
2 24 -3.532 -19.759 8.548 -4.999 -21.308 12.069 
2 24 -4.999 5.08 -12.069 -9.237 6.841 -9.237 
2 24 -9.237 6.841 -9.237 -12.069 9.379 -4.999 
2 24 -12.069 9.379 -4.999 -13.063 12.28 0 
2 24 -13.063 12.28 0 -12.069 14.419 4.999 
2 24 -12.069 14.419 4.999 -9.237 15.784 9.237 
2 24 -9.237 15.784 9.237 -4.999 16.734 12.069 
2 24 -4.999 16.734 12.069 0 16.956 13.063 
2 24 -4.999 5.08 -12.069 0 4.528 -13.063 
2 24 0 2.784 -15.167 -6.22 3.42 -14.057 
2 24 -6.22 3.42 -14.057 -11.536 5.481 -10.781 
2 24 -11.536 5.481 -10.781 -14.952 8.595 -5.792 
2 24 -14.952 8.595 -5.792 -15.967 11.672 0.126 
2 24 -15.967 11.672 0.126 -14.412 14.058 5.97 
2 24 -14.412 14.058 5.97 -11.081 15.74 11.122 
2 24 -11.081 15.74 11.122 -6.133 16.746 14.571 
2 24 -6.133 16.746 14.571 0 17.071 15.597 
2 24 -8.663 -7.895 11.685 -6.564 -5.305 13.495 
2 24 -7.406 -2.817 13.254 -9.603 -5.306 10.783 
2 24 -4.211 -1.237 14.975 -7.406 -2.817 13.254 
2 24 -6.564 -5.305 13.495 -3.713 -3.738 14.704 
2 24 0 -0.392 15.565 -4.211 -1.237 14.975 
2 24 -3.713 -3.738 14.704 0 -2.915 15.173 
2 24 -6.631 -19.059 14.038 -4.903 -15.741 16.776 
2 24 -4.903 -15.741 16.776 0 -14.195 18.606 
2 24 0 -29.032 21.941 -1.929 -28.621 21.554 
2 24 -2.452 -27.891 14.439 0 -28.074 13.272 
2 24 -1.929 -28.621 21.554 -2.832 -27.962 19.294 
2 24 -2.832 -27.962 19.294 -2.996 -27.731 16.646 
2 24 -2.996 -27.731 16.646 -2.452 -27.891 14.439 
2 24 -3.621 -23.769 24.585 -4.195 -24.063 22.079 
2 24 -2.28 -21.439 22.26 -4.195 -24.063 22.079 
2 24 0 -20.603 22.511 -2.28 -21.439 22.26 
2 24 -5.84 -20.047 15.014 -3.792 -17.476 17.165 
2 24 -3.792 -17.476 17.165 0 -16.177 18.639 
2 24 -3.208 -20.725 21.23 -4.723 -22.884 20.181 
2 24 0 -19.286 21.755 -3.208 -20.725 21.23 
2 24 -1.19 -23.513 29.267 0 -23.553 29.705 
2 24 -2.664 -23.492 27.468 -3.621 -23.769 24.585 
2 24 -1.19 -23.513 29.267 -2.037 -23.47 28.444 
2 24 -6.451 -0.783 10.915 -4.999 -21.308 12.069 
2 24 -3.532 -19.759 8.548 -4.973 -11.918 7.789 
2 24 -2.037 -23.47 28.444 -2.664 -23.492 27.468 
2 24 4.973 -11.918 7.789 7.983 -3.874 4.594 
2 24 7.979 0.004 4.621 4.608 0 7.981 
2 24 4.608 0 7.981 0 0.008 9.216 
2 24 0 -19.48 9.216 3.532 -19.759 8.548 
2 24 4.608 -2.35 -7.981 0 -2.35 -9.216 
2 24 0 0 -9.216 4.608 0 -7.981 
2 24 4.608 0 -7.981 7.981 0 -4.608 
2 24 7.981 -2.35 -4.608 4.608 -2.35 -7.981 
2 24 7.981 0 -4.608 9.216 0 0 
2 24 9.216 -2.35 0 7.981 -2.35 -4.608 
2 24 9.216 0 0 7.979 0.004 4.621 
2 24 7.983 -3.874 4.594 9.216 -2.35 0 
2 24 4.973 -11.918 7.789 6.451 -0.783 10.915 
2 24 0 -23.108 13.063 4.999 -21.308 12.069 
2 24 4.999 -21.308 12.069 3.532 -19.759 8.548 
2 24 9.237 6.841 -9.237 4.999 5.08 -12.069 
2 24 12.069 9.379 -4.999 9.237 6.841 -9.237 
2 24 13.063 12.28 0 12.069 9.379 -4.999 
2 24 12.069 14.419 4.999 13.063 12.28 0 
2 24 9.237 15.784 9.237 12.069 14.419 4.999 
2 24 4.999 16.734 12.069 9.237 15.784 9.237 
2 24 0 16.956 13.063 4.999 16.734 12.069 
2 24 0 4.528 -13.063 4.999 5.08 -12.069 
2 24 6.22 3.42 -14.057 0 2.784 -15.167 
2 24 11.536 5.481 -10.781 6.22 3.42 -14.057 
2 24 14.952 8.595 -5.792 11.536 5.481 -10.781 
2 24 15.967 11.672 0.126 14.952 8.595 -5.792 
2 24 14.412 14.058 5.97 15.967 11.672 0.126 
2 24 11.081 15.74 11.122 14.412 14.058 5.97 
2 24 6.133 16.746 14.571 11.081 15.74 11.122 
2 24 0 17.071 15.597 6.133 16.746 14.571 
2 24 6.564 -5.305 13.495 8.663 -7.895 11.685 
2 24 9.603 -5.306 10.783 7.406 -2.817 13.254 
2 24 7.406 -2.817 13.254 4.211 -1.237 14.975 
2 24 3.713 -3.738 14.704 6.564 -5.305 13.495 
2 24 4.211 -1.237 14.975 0 -0.392 15.565 
2 24 0 -2.915 15.173 3.713 -3.738 14.704 
2 24 4.903 -15.741 16.776 6.631 -19.059 14.038 
2 24 0 -14.195 18.606 4.903 -15.741 16.776 
2 24 1.929 -28.621 21.554 0 -29.032 21.941 
2 24 0 -28.074 13.272 2.452 -27.891 14.439 
2 24 2.832 -27.962 19.294 1.929 -28.621 21.554 
2 24 2.452 -27.891 14.439 2.996 -27.731 16.646 
2 24 2.996 -27.731 16.646 2.832 -27.962 19.294 
2 24 4.195 -24.063 22.079 3.621 -23.769 24.585 
2 24 4.195 -24.063 22.079 2.28 -21.439 22.26 
2 24 2.28 -21.439 22.26 0 -20.603 22.511 
2 24 3.792 -17.476 17.165 5.84 -20.047 15.014 
2 24 0 -16.177 18.639 3.792 -17.476 17.165 
2 24 4.723 -22.884 20.181 3.208 -20.725 21.23 
2 24 3.208 -20.725 21.23 0 -19.286 21.755 
2 24 0 -23.553 29.705 1.19 -23.513 29.267 
2 24 3.621 -23.769 24.585 2.664 -23.492 27.468 
2 24 2.037 -23.47 28.444 1.19 -23.513 29.267 
2 24 4.999 -21.308 12.069 6.451 -0.783 10.915 
2 24 4.973 -11.918 7.789 3.532 -19.759 8.548 
2 24 2.664 -23.492 27.468 2.037 -23.47 28.444 

0 // Stud4
3 16 -5.394 0 3.114 -6.228 0 0 -7.979 0.004 4.621 
3 16 -6.228 0 0 -9.216 0 0 -7.979 0.004 4.621 
3 16 -3.114 0 5.394 -5.394 0 3.114 -4.608 0 7.981 
3 16 -5.394 0 3.114 -7.979 0.004 4.621 -4.608 0 7.981 
3 16 0 0.008 6.228 -3.114 0 5.394 0 0.008 9.216 
3 16 -3.114 0 5.394 -4.608 0 7.981 0 0.008 9.216 
3 16 -3.114 0 -5.394 0 0 -6.228 -4.608 0 -7.981 
3 16 0 0 -6.228 0 0 -9.216 -4.608 0 -7.981 
3 16 -5.394 0 -3.114 -3.114 0 -5.394 -7.981 0 -4.608 
3 16 -3.114 0 -5.394 -4.608 0 -7.981 -7.981 0 -4.608 
3 16 -6.228 0 0 -5.394 0 -3.114 -9.216 0 0 
3 16 -5.394 0 -3.114 -7.981 0 -4.608 -9.216 0 0 
3 16 -5.466 -14.464 2.922 -6.228 -11.696 0 -5.394 0 3.114 
3 16 -5.394 0 3.114 -6.228 -11.696 0 -6.228 0 0 
3 16 -2.922 -16.948 5.466 -5.466 -14.464 2.922 -3.114 0 5.394 
3 16 -3.114 0 5.394 -5.466 -14.464 2.922 -5.394 0 3.114 
3 16 0 -17.548 6.228 -2.922 -16.948 5.466 0 0.008 6.228 
3 16 0 0.008 6.228 -2.922 -16.948 5.466 -3.114 0 5.394 
3 16 -2.922 -6.308 -5.466 0 -5.559 -6.147 -3.114 0 -5.394 
3 16 -3.114 0 -5.394 0 -5.559 -6.147 0 0 -6.228 
3 16 -5.466 -8.763 -2.922 -2.922 -6.308 -5.466 -5.394 0 -3.114 
3 16 -5.394 0 -3.114 -2.922 -6.308 -5.466 -3.114 0 -5.394 
3 16 -6.228 -11.696 0 -5.466 -8.763 -2.922 -6.228 0 0 
3 16 -6.228 0 0 -5.466 -8.763 -2.922 -5.394 0 -3.114 
3 16 0 -11.234 -0.009 -2.922 -16.948 5.466 0 -17.548 6.228 
3 16 0 -11.234 -0.009 -5.466 -14.464 2.922 -2.922 -16.948 5.466 
3 16 0 -11.234 -0.009 -6.228 -11.696 0 -5.466 -14.464 2.922 
3 16 0 -11.234 -0.009 -5.466 -8.763 -2.922 -6.228 -11.696 0 
3 16 -5.466 -8.763 -2.922 0 -11.234 -0.009 -2.922 -6.308 -5.466 
3 16 -2.922 -6.308 -5.466 0 -11.234 -0.009 0 -5.559 -6.147 
3 16 5.394 0 3.114 7.979 0.004 4.621 6.228 0 0 
3 16 6.228 0 0 7.979 0.004 4.621 9.216 0 0 
3 16 3.114 0 5.394 4.608 0 7.981 5.394 0 3.114 
3 16 5.394 0 3.114 4.608 0 7.981 7.979 0.004 4.621 
3 16 0 0.008 6.228 0 0.008 9.216 3.114 0 5.394 
3 16 3.114 0 5.394 0 0.008 9.216 4.608 0 7.981 
3 16 3.114 0 -5.394 4.608 0 -7.981 0 0 -6.228 
3 16 0 0 -6.228 4.608 0 -7.981 0 0 -9.216 
3 16 5.394 0 -3.114 7.981 0 -4.608 3.114 0 -5.394 
3 16 3.114 0 -5.394 7.981 0 -4.608 4.608 0 -7.981 
3 16 6.228 0 0 9.216 0 0 5.394 0 -3.114 
3 16 5.394 0 -3.114 9.216 0 0 7.981 0 -4.608 
3 16 5.466 -14.464 2.922 5.394 0 3.114 6.228 -11.696 0 
3 16 5.394 0 3.114 6.228 0 0 6.228 -11.696 0 
3 16 2.922 -16.948 5.466 3.114 0 5.394 5.466 -14.464 2.922 
3 16 3.114 0 5.394 5.394 0 3.114 5.466 -14.464 2.922 
3 16 0 -17.548 6.228 0 0.008 6.228 2.922 -16.948 5.466 
3 16 0 0.008 6.228 3.114 0 5.394 2.922 -16.948 5.466 
3 16 2.922 -6.308 -5.466 3.114 0 -5.394 0 -5.559 -6.147 
3 16 3.114 0 -5.394 0 0 -6.228 0 -5.559 -6.147 
3 16 5.466 -8.763 -2.922 5.394 0 -3.114 2.922 -6.308 -5.466 
3 16 5.394 0 -3.114 3.114 0 -5.394 2.922 -6.308 -5.466 
3 16 6.228 -11.696 0 6.228 0 0 5.466 -8.763 -2.922 
3 16 6.228 0 0 5.394 0 -3.114 5.466 -8.763 -2.922 
3 16 0 -11.234 -0.009 0 -17.548 6.228 2.922 -16.948 5.466 
3 16 0 -11.234 -0.009 2.922 -16.948 5.466 5.466 -14.464 2.922 
3 16 0 -11.234 -0.009 5.466 -14.464 2.922 6.228 -11.696 0 
3 16 0 -11.234 -0.009 6.228 -11.696 0 5.466 -8.763 -2.922 
3 16 5.466 -8.763 -2.922 2.922 -6.308 -5.466 0 -11.234 -0.009 
3 16 2.922 -6.308 -5.466 0 -5.559 -6.147 0 -11.234 -0.009 
2 24 -5.394 0 3.114 -6.228 0 0 
2 24 -9.216 0 0 -7.979 0.004 4.621 
2 24 -3.114 0 5.394 -5.394 0 3.114 
2 24 -7.979 0.004 4.621 -4.608 0 7.981 
2 24 0 0.008 6.228 -3.114 0 5.394 
2 24 -4.608 0 7.981 0 0.008 9.216 
2 24 -3.114 0 -5.394 0 0 -6.228 
2 24 0 0 -9.216 -4.608 0 -7.981 
2 24 -5.394 0 -3.114 -3.114 0 -5.394 
2 24 -4.608 0 -7.981 -7.981 0 -4.608 
2 24 -6.228 0 0 -5.394 0 -3.114 
2 24 -7.981 0 -4.608 -9.216 0 0 
2 24 -5.466 -14.464 2.922 -6.228 -11.696 0 
2 24 -2.922 -16.948 5.466 -5.466 -14.464 2.922 
2 24 0 -17.548 6.228 -2.922 -16.948 5.466 
2 24 -2.922 -6.308 -5.466 0 -5.559 -6.147 
2 24 -5.466 -8.763 -2.922 -2.922 -6.308 -5.466 
2 24 -6.228 -11.696 0 -5.466 -8.763 -2.922 
2 24 6.228 0 0 5.394 0 3.114 
2 24 7.979 0.004 4.621 9.216 0 0 
2 24 5.394 0 3.114 3.114 0 5.394 
2 24 4.608 0 7.981 7.979 0.004 4.621 
2 24 3.114 0 5.394 0 0.008 6.228 
2 24 0 0.008 9.216 4.608 0 7.981 
2 24 0 0 -6.228 3.114 0 -5.394 
2 24 4.608 0 -7.981 0 0 -9.216 
2 24 3.114 0 -5.394 5.394 0 -3.114 
2 24 7.981 0 -4.608 4.608 0 -7.981 
2 24 5.394 0 -3.114 6.228 0 0 
2 24 9.216 0 0 7.981 0 -4.608 
2 24 6.228 -11.696 0 5.466 -14.464 2.922 
2 24 5.466 -14.464 2.922 2.922 -16.948 5.466 
2 24 2.922 -16.948 5.466 0 -17.548 6.228 
2 24 0 -5.559 -6.147 2.922 -6.308 -5.466 
2 24 2.922 -6.308 -5.466 5.466 -8.763 -2.922 
2 24 5.466 -8.763 -2.922 6.228 -11.696 0 

