0 ANIMAL LEGS NO.1 (Needs Work)
0 Name: 19734.dat
0 Author: <AuthorRealName> [<AuthorLDrawName>]
0 !LDRAW_ORG Unofficial_Part
0 !LICENSE Redistributable under CCAL version 2.0 : see CAreadme.txt

0 BFC CERTIFY CCW

0 !HISTORY 2016-03-18 {LEGO Digital Designer} Original part shape
0 !HISTORY 2016-03-18 [<AuthorLDrawName>] File preparation for LDraw Parts Tracker

0 // Needs Work: Clean necessary

0 // Outside
3 16 2.832 -15.5 -13.75 2.746 -15.5 -13.75 -5.361 -5.736 -13.75 
3 16 -4.522 -31.395 -13.75 -17.503 -15.925 -13.75 2.746 -15.5 -13.75 
3 16 2.746 -15.5 -13.75 -17.503 -15.925 -13.75 -5.361 -5.736 -13.75 
3 16 2.746 -15.5 -13.75 2.746 -25.297 -13.75 -4.522 -31.395 -13.75 
3 16 45.361 -5.736 -6.25 37.254 -15.5 -6.25 57.503 -15.925 -6.25 
3 16 57.503 -15.925 -6.25 37.254 -15.5 -6.25 44.522 -31.395 -6.25 
3 16 44.522 -31.395 -6.25 37.254 -15.5 -6.25 37.254 -25.297 -6.25 
3 16 35.408 -22.75 -6.25 35.408 -17.598 -6.25 35.408 -22.75 -10 
3 16 35.408 -22.75 -10 35.408 -17.598 -6.25 35.408 -17.598 -10 
3 16 27.56 -22.75 -10 27.56 -22.75 -6.25 35.408 -22.75 -10 
3 16 35.408 -22.75 -10 27.56 -22.75 -6.25 35.408 -22.75 -6.25 
3 16 4.592 -22.75 -13.75 4.592 -17.598 -13.75 4.592 -22.75 -10 
3 16 4.592 -22.75 -10 4.592 -17.598 -13.75 4.592 -17.598 -10 
3 16 12.44 -22.75 -10 12.44 -22.75 -13.75 4.592 -22.75 -10 
3 16 4.592 -22.75 -10 12.44 -22.75 -13.75 4.592 -22.75 -13.75 
3 16 10 -15.5 -6.25 37.254 -15.5 -6.25 35.408 -17.598 -6.25 
3 16 30 -20.081 -13.75 30 -20.081 -10 30 -15.5 -13.75 
3 16 30 -15.5 -13.75 30 -20.081 -10 30 0 -10 
3 16 30 -15.5 -13.75 30 0 -10 30 -15.5 -17 
3 16 30 -15.5 -17 30 0 -10 30 0 -30 
3 16 30 0 -30 30 -24.138 -30 30 -15.5 -17 
3 16 30 -15.5 -17 30 -24.138 -30 30 -24.138 -17 
3 16 30 -20.081 -13.75 30 -15.5 -13.75 29.8 -20.081 -13.75 
3 16 13.975 -24.58 -13.75 29.8 -20.081 -13.75 12.44 -22.75 -13.75 
3 16 12.44 -22.75 -13.75 29.8 -20.081 -13.75 30 -15.5 -13.75 
3 16 29.8 -20.081 -13.75 13.975 -24.58 -13.75 26.025 -24.58 -13.75 
3 16 26.025 -24.58 -13.75 13.975 -24.58 -13.75 26.025 -56.762 -13.75 
3 16 26.025 -56.762 -13.75 13.975 -24.58 -13.75 13.975 -56.762 -13.75 
3 16 30 -15.5 -13.75 4.592 -17.598 -13.75 12.44 -22.75 -13.75 
3 16 12.44 -22.75 -13.75 4.592 -17.598 -13.75 4.592 -22.75 -13.75 
3 16 2.832 -15.5 -13.75 4.592 -17.598 -13.75 30 -15.5 -13.75 
3 16 30 -20.081 -10 30 -20.081 -13.75 29.8 -20.081 -10 
3 16 29.8 -20.081 -10 30 -20.081 -13.75 29.8 -20.081 -13.75 
3 16 29.8 -20.081 -10 29.8 -20.081 -13.75 27.56 -22.75 -10 
3 16 27.56 -22.75 -10 29.8 -20.081 -13.75 26.025 -24.58 -13.75 
3 16 26.025 -24.58 -13.75 26.025 -24.58 -6.25 27.56 -22.75 -10 
3 16 27.56 -22.75 -10 26.025 -24.58 -6.25 27.56 -22.75 -6.25 
3 16 29.8 -20.081 -10 27.56 -22.75 -10 30 -20.081 -10 
3 16 27.56 -22.75 -10 35.408 -22.75 -10 30 -20.081 -10 
3 16 30 -20.081 -10 35.408 -22.75 -10 35.408 -17.598 -10 
3 16 30 -20.081 -10 35.408 -17.598 -10 30 0 -10 
3 16 30 0 -10 35.408 -17.598 -10 45.361 -5.736 -10 
3 16 30 0 -10 45.361 -5.736 -10 50 0 -10 
3 16 50 -9.629 -10 50 0 -10 45.361 -5.736 -10 
3 16 13.975 -56.762 -13.75 13.975 -24.58 -13.75 13.975 -56.762 -6.25 
3 16 13.975 -56.762 -6.25 13.975 -24.58 -13.75 13.975 -24.58 -6.25 
3 16 26.025 -56.762 -13.75 13.975 -56.762 -13.75 26.025 -56.762 -6.25 
3 16 26.025 -56.762 -6.25 13.975 -56.762 -13.75 13.975 -56.762 -6.25 
3 16 26.025 -56.762 -6.25 13.975 -56.762 -6.25 26.025 -24.58 -6.25 
3 16 26.025 -24.58 -6.25 13.975 -56.762 -6.25 13.975 -24.58 -6.25 
3 16 26.025 -24.58 -6.25 13.975 -24.58 -6.25 10.2 -20.081 -6.25 
3 16 26.025 -24.58 -6.25 10.2 -20.081 -6.25 27.56 -22.75 -6.25 
3 16 27.56 -22.75 -6.25 10.2 -20.081 -6.25 10 -15.5 -6.25 
3 16 10 -15.5 -6.25 10.2 -20.081 -6.25 10 -20.081 -6.25 
3 16 10 -15.5 -6.25 35.408 -17.598 -6.25 27.56 -22.75 -6.25 
3 16 27.56 -22.75 -6.25 35.408 -17.598 -6.25 35.408 -22.75 -6.25 
3 16 26.025 -24.58 -13.75 26.025 -56.762 -13.75 26.025 -24.58 -6.25 
3 16 26.025 -24.58 -6.25 26.025 -56.762 -13.75 26.025 -56.762 -6.25 
3 16 50 0 -30 50 0 -10 50 -9.629 -10 
3 16 50 0 -30 50 -9.629 -10 50 -24.138 -30 
3 16 50 -24.138 -30 50 -9.629 -10 50 -24.138 -10 
3 16 45.361 -5.736 -10 45.361 -5.736 -6.25 50 -9.629 -10 
3 16 50 -9.629 -10 45.361 -5.736 -6.25 57.503 -15.925 -6.25 
3 16 50 -9.629 -10 57.503 -15.925 -6.25 60.729 -18.631 -10 
3 16 60.729 -18.631 -10 57.503 -15.925 -6.25 60.729 -18.631 10 
3 16 60.729 -18.631 10 57.503 -15.925 -6.25 57.503 -15.925 6.25 
3 16 60.729 -18.631 10 57.503 -15.925 6.25 45.408 -5.776 10 
3 16 45.408 -5.776 10 57.503 -15.925 6.25 45.408 -5.776 6.25 
3 16 30 0 -30 50 0 -30 30 -24.138 -30 
3 16 30 -24.138 -30 50 0 -30 50 -24.138 -30 
3 16 30 -24.138 -30 50 -24.138 -30 30 -24.138 -17 
3 16 30 -24.138 -17 50 -24.138 -30 50 -24.138 -10 
3 16 30 -24.138 -17 50 -24.138 -10 30 -24.138 -10 
3 16 30 -24.138 -10 50 -24.138 -10 45.321 -36.994 -10 
3 16 45.321 -36.994 -10 50 -24.138 -10 60.729 -18.631 -10 
3 16 60.729 -18.631 -10 50 -24.138 -10 50 -9.629 -10 
3 16 30 -24.138 -17 30 -24.138 -10 30 -65.5 -17 
3 16 30 -65.5 -17 30 -24.138 -10 30 -65.5 -3 
3 16 30 -65.5 -3 30 -24.138 -10 30 -24.138 -3 
3 16 30 -24.138 -3 37.254 -15.5 -3 10 -15.5 -3 
3 16 30 -24.138 -3 10 -15.5 -3 10 -24.177 -3 
3 16 30 -24.138 -3 10 -24.177 -3 30 -65.5 -3 
3 16 30 -65.5 -3 10 -24.177 -3 10 -65.5 -3 
3 16 37.254 -15.5 -3 30 -24.138 -3 37.254 -15.5 6.25 
3 16 37.254 -15.5 6.25 30 -24.138 -3 30 -24.138 10 
3 16 30 -24.138 10 45.408 -5.776 10 37.254 -15.5 6.25 
3 16 37.254 -15.5 6.25 45.408 -5.776 10 45.408 -5.776 6.25 
3 16 37.254 -15.5 -6.25 37.254 -15.5 -3 37.254 -25.297 -6.25 
3 16 37.254 -25.297 -6.25 37.254 -15.5 -3 37.254 -25.297 6.25 
3 16 37.254 -25.297 6.25 37.254 -15.5 -3 37.254 -15.5 6.25 
3 16 37.254 -15.5 -3 37.254 -15.5 -6.25 10 -15.5 -6.25 
3 16 10 -15.5 -3 37.254 -15.5 -3 10 -15.5 -6.25 
3 16 30 -24.138 -10 45.321 -36.994 -10 30 -24.138 -3 
3 16 45.321 -36.994 -10 45.321 -36.994 10 30 -24.138 -3 
3 16 30 -24.138 -3 45.321 -36.994 10 30 -24.138 10 
3 16 60.729 -18.631 10 45.321 -36.994 10 60.729 -18.631 -10 
3 16 60.729 -18.631 -10 45.321 -36.994 10 45.321 -36.994 -10 
3 16 30 -24.138 10 45.321 -36.994 10 45.408 -5.776 10 
3 16 45.408 -5.776 10 45.321 -36.994 10 60.729 -18.631 10 
3 16 37.254 -15.5 6.25 45.408 -5.776 6.25 57.503 -15.925 6.25 
3 16 37.254 -25.297 6.25 37.254 -15.5 6.25 44.522 -31.395 6.25 
3 16 44.522 -31.395 6.25 37.254 -15.5 6.25 57.503 -15.925 6.25 
3 16 57.503 -15.925 6.25 57.503 -15.925 -6.25 44.522 -31.395 6.25 
3 16 44.522 -31.395 6.25 57.503 -15.925 -6.25 44.522 -31.395 -6.25 
3 16 37.254 -25.297 6.25 44.522 -31.395 6.25 37.254 -25.297 -6.25 
3 16 37.254 -25.297 -6.25 44.522 -31.395 6.25 44.522 -31.395 -6.25 
3 16 45.361 -5.736 -6.25 45.361 -5.736 -10 37.254 -15.5 -6.25 
3 16 37.254 -15.5 -6.25 45.361 -5.736 -10 35.408 -17.598 -10 
3 16 37.254 -15.5 -6.25 35.408 -17.598 -10 35.408 -17.598 -6.25 
3 16 10 -20.081 -10 10 -20.081 -6.25 10.2 -20.081 -10 
3 16 10.2 -20.081 -10 10 -20.081 -6.25 10.2 -20.081 -6.25 
3 16 10 -20.081 -6.25 10 -20.081 -10 10 -15.5 -6.25 
3 16 10 -15.5 -6.25 10 -20.081 -10 10 0 -10 
3 16 10 -15.5 -6.25 10 0 -10 10 -15.5 -3 
3 16 10 -15.5 -3 10 0 -10 10 0 10 
3 16 10 0 10 10 -23.97 10 10 -15.5 -3 
3 16 10 -15.5 -3 10 -23.97 10 10 -24.177 -3 
3 16 10.2 -20.081 -10 10.2 -20.081 -6.25 12.44 -22.75 -10 
3 16 12.44 -22.75 -10 10.2 -20.081 -6.25 13.975 -24.58 -6.25 
3 16 13.975 -24.58 -6.25 13.975 -24.58 -13.75 12.44 -22.75 -10 
3 16 12.44 -22.75 -10 13.975 -24.58 -13.75 12.44 -22.75 -13.75 
3 16 10.2 -20.081 -10 12.44 -22.75 -10 10 -20.081 -10 
3 16 12.44 -22.75 -10 4.592 -22.75 -10 10 -20.081 -10 
3 16 10 -20.081 -10 4.592 -22.75 -10 4.592 -17.598 -10 
3 16 10 -20.081 -10 4.592 -17.598 -10 10 0 -10 
3 16 10 0 -10 4.592 -17.598 -10 -5.361 -5.736 -10 
3 16 10 0 -10 -5.361 -5.736 -10 -10 0 -10 
3 16 -10 0 -10 -5.361 -5.736 -10 -10 -9.629 -10 
3 16 10 -23.97 10 -10 -24.177 10 10 -24.177 -3 
3 16 -10 -24.177 10 -10 -24.177 -10 10 -24.177 -3 
3 16 10 -24.177 -3 -10 -24.177 -10 10 -24.177 -10 
3 16 30 -15.5 -13.75 30 -15.5 -17 2.832 -15.5 -13.75 
3 16 2.832 -15.5 -13.75 30 -15.5 -17 2.746 -15.5 -17 
3 16 2.746 -15.5 -13.75 2.832 -15.5 -13.75 2.746 -15.5 -17 
3 16 2.746 -15.5 -13.75 2.746 -15.5 -17 2.746 -25.297 -13.75 
3 16 2.746 -25.297 -13.75 2.746 -15.5 -17 2.746 -15.5 -26.25 
3 16 -5.361 -5.736 -10 4.592 -17.598 -10 2.832 -15.5 -13.75 
3 16 2.832 -15.5 -13.75 4.592 -17.598 -10 4.592 -17.598 -13.75 
3 16 2.832 -15.5 -13.75 -5.361 -5.736 -13.75 -5.361 -5.736 -10 
3 16 -5.361 -5.736 -10 -5.361 -5.736 -13.75 -10 -9.629 -10 
3 16 -10 -9.629 -10 -5.361 -5.736 -13.75 -17.503 -15.925 -13.75 
3 16 -10 -9.629 -10 -17.503 -15.925 -13.75 -20.729 -18.631 -10 
3 16 -20.729 -18.631 -10 -17.503 -15.925 -13.75 -20.729 -18.631 -30 
3 16 -20.729 -18.631 -30 -17.503 -15.925 -13.75 -17.503 -15.925 -26.25 
3 16 -20.729 -18.631 -30 -17.503 -15.925 -26.25 -5.408 -5.776 -30 
3 16 -5.408 -5.776 -30 -17.503 -15.925 -26.25 -5.408 -5.776 -26.25 
3 16 -10 0 10 -10 0 -10 -10 -9.629 -10 
3 16 -10 0 10 -10 -9.629 -10 -10 -24.177 10 
3 16 -10 -24.177 10 -10 -9.629 -10 -10 -24.177 -10 
3 16 10 0 10 -10 0 10 10 -23.97 10 
3 16 10 -23.97 10 -10 0 10 -10 -24.177 10 
3 16 -17.503 -15.925 -26.25 -17.503 -15.925 -13.75 -4.522 -31.395 -26.25 
3 16 -4.522 -31.395 -26.25 -17.503 -15.925 -13.75 -4.522 -31.395 -13.75 
3 16 10 -24.177 -10 -10 -24.177 -10 -5.302 -37.017 -10 
3 16 -5.302 -37.017 -10 -10 -24.177 -10 -20.729 -18.631 -10 
3 16 -20.729 -18.631 -10 -10 -24.177 -10 -10 -9.629 -10 
3 16 10 -24.177 -3 10 -24.177 -10 10 -65.5 -3 
3 16 10 -65.5 -3 10 -24.177 -10 10 -65.5 -17 
3 16 10 -65.5 -17 10 -24.177 -10 10 -24.177 -17 
3 16 30 -65.5 -3 10 -65.5 -3 30 -65.5 -17 
3 16 30 -65.5 -17 10 -65.5 -3 10 -65.5 -17 
3 16 10.019 -24.161 -17 30 -65.5 -17 10 -24.177 -17 
3 16 30 -65.5 -17 10 -65.5 -17 10 -24.177 -17 
3 16 30 -65.5 -17 10.019 -24.161 -17 30 -24.138 -17 
3 16 30 -24.138 -17 10.019 -24.161 -17 30 -15.5 -17 
3 16 30 -15.5 -17 10.019 -24.161 -17 2.746 -15.5 -17 
3 16 10 -24.177 -10 -5.302 -37.017 -10 10 -24.177 -17 
3 16 -5.302 -37.017 -10 -5.302 -37.017 -30 10 -24.177 -17 
3 16 10 -24.177 -17 -5.302 -37.017 -30 10.019 -24.161 -30 
3 16 10 -24.177 -17 10.019 -24.161 -30 10.019 -24.161 -17 
3 16 2.746 -25.297 -26.25 -4.522 -31.395 -26.25 2.746 -25.297 -13.75 
3 16 2.746 -25.297 -13.75 -4.522 -31.395 -26.25 -4.522 -31.395 -13.75 
3 16 -17.503 -15.925 -26.25 -4.522 -31.395 -26.25 2.746 -15.5 -26.25 
3 16 2.746 -15.5 -26.25 -4.522 -31.395 -26.25 2.746 -25.297 -26.25 
3 16 -17.503 -15.925 -26.25 2.746 -15.5 -26.25 -5.408 -5.776 -26.25 
3 16 2.746 -25.297 -26.25 2.746 -25.297 -13.75 2.746 -15.5 -26.25 
3 16 -5.302 -37.017 -10 -20.729 -18.631 -10 -5.302 -37.017 -30 
3 16 -5.302 -37.017 -30 -20.729 -18.631 -10 -20.729 -18.631 -30 
3 16 -5.408 -5.776 -26.25 2.746 -15.5 -26.25 -5.408 -5.776 -30 
3 16 -5.408 -5.776 -30 2.746 -15.5 -26.25 10.019 -24.161 -30 
3 16 10.019 -24.161 -30 2.746 -15.5 -26.25 10.019 -24.161 -17 
3 16 10.019 -24.161 -17 2.746 -15.5 -26.25 2.746 -15.5 -17 
3 16 -5.408 -5.776 -30 10.019 -24.161 -30 -20.729 -18.631 -30 
3 16 -20.729 -18.631 -30 10.019 -24.161 -30 -5.302 -37.017 -30 
3 16 25.304 -65.5 -6.937 23.062 -65.5 -4.696 25.304 -80 -6.937 
3 16 25.304 -80 -6.937 23.062 -65.5 -4.696 23.062 -80 -4.696 
3 16 26.125 -65.5 -10 25.304 -65.5 -6.937 26.125 -80 -10 
3 16 26.125 -80 -10 25.304 -65.5 -6.937 25.304 -80 -6.937 
3 16 25.304 -65.5 -13.062 26.125 -65.5 -10 25.304 -80 -13.062 
3 16 25.304 -80 -13.062 26.125 -65.5 -10 26.125 -80 -10 
3 16 23.062 -65.5 -15.304 25.304 -65.5 -13.062 23.062 -80 -15.304 
3 16 23.062 -80 -15.304 25.304 -65.5 -13.062 25.304 -80 -13.062 
3 16 20 -65.5 -16.125 23.062 -65.5 -15.304 20 -80 -16.125 
3 16 20 -80 -16.125 23.062 -65.5 -15.304 23.062 -80 -15.304 
3 16 16.938 -65.5 -15.304 20 -65.5 -16.125 16.938 -80 -15.304 
3 16 16.938 -80 -15.304 20 -65.5 -16.125 20 -80 -16.125 
3 16 14.696 -65.5 -13.062 16.938 -65.5 -15.304 14.696 -80 -13.062 
3 16 14.696 -80 -13.062 16.938 -65.5 -15.304 16.938 -80 -15.304 
3 16 13.875 -65.5 -10 14.696 -65.5 -13.062 13.875 -80 -10 
3 16 13.875 -80 -10 14.696 -65.5 -13.062 14.696 -80 -13.062 
3 16 14.696 -65.5 -6.938 13.875 -65.5 -10 14.696 -80 -6.938 
3 16 14.696 -80 -6.938 13.875 -65.5 -10 13.875 -80 -10 
3 16 16.938 -65.5 -4.696 14.696 -65.5 -6.938 16.938 -80 -4.696 
3 16 16.938 -80 -4.696 14.696 -65.5 -6.938 14.696 -80 -6.938 
3 16 20 -65.5 -3.875 16.938 -65.5 -4.696 20 -80 -3.875 
3 16 20 -80 -3.875 16.938 -65.5 -4.696 16.938 -80 -4.696 
3 16 23.062 -65.5 -4.696 20 -65.5 -3.875 23.062 -80 -4.696 
3 16 23.062 -80 -4.696 20 -65.5 -3.875 20 -80 -3.875 
3 16 25.304 -80 -6.937 23.062 -80 -4.696 26.125 -80 -10 
3 16 26.125 -80 -10 23.062 -80 -4.696 20 -80 -10 
3 16 25.304 -80 -13.062 26.125 -80 -10 23.062 -80 -15.304 
3 16 23.062 -80 -15.304 26.125 -80 -10 20 -80 -10 
3 16 20 -80 -16.125 23.062 -80 -15.304 16.938 -80 -15.304 
3 16 16.938 -80 -15.304 23.062 -80 -15.304 20 -80 -10 
3 16 14.696 -80 -13.062 16.938 -80 -15.304 13.875 -80 -10 
3 16 13.875 -80 -10 16.938 -80 -15.304 20 -80 -10 
3 16 14.696 -80 -6.938 13.875 -80 -10 16.938 -80 -4.696 
3 16 16.938 -80 -4.696 13.875 -80 -10 20 -80 -10 
3 16 20 -80 -3.875 16.938 -80 -4.696 23.062 -80 -4.696 
3 16 23.062 -80 -4.696 16.938 -80 -4.696 20 -80 -10 
2 24 2.832 -15.5 -13.75 2.746 -15.5 -13.75 
2 24 -5.361 -5.736 -13.75 2.832 -15.5 -13.75 
2 24 -4.522 -31.395 -13.75 -17.503 -15.925 -13.75 
2 24 -17.503 -15.925 -13.75 -5.361 -5.736 -13.75 
2 24 2.746 -15.5 -13.75 2.746 -25.297 -13.75 
2 24 2.746 -25.297 -13.75 -4.522 -31.395 -13.75 
2 24 45.361 -5.736 -6.25 37.254 -15.5 -6.25 
2 24 57.503 -15.925 -6.25 45.361 -5.736 -6.25 
2 24 44.522 -31.395 -6.25 57.503 -15.925 -6.25 
2 24 37.254 -15.5 -6.25 37.254 -25.297 -6.25 
2 24 37.254 -25.297 -6.25 44.522 -31.395 -6.25 
2 24 35.408 -22.75 -6.25 35.408 -17.598 -6.25 
2 24 35.408 -22.75 -10 35.408 -22.75 -6.25 
2 24 35.408 -17.598 -6.25 35.408 -17.598 -10 
2 24 35.408 -17.598 -10 35.408 -22.75 -10 
2 24 27.56 -22.75 -10 27.56 -22.75 -6.25 
2 24 35.408 -22.75 -10 27.56 -22.75 -10 
2 24 27.56 -22.75 -6.25 35.408 -22.75 -6.25 
2 24 4.592 -22.75 -13.75 4.592 -17.598 -13.75 
2 24 4.592 -22.75 -10 4.592 -22.75 -13.75 
2 24 4.592 -17.598 -13.75 4.592 -17.598 -10 
2 24 4.592 -17.598 -10 4.592 -22.75 -10 
2 24 12.44 -22.75 -10 12.44 -22.75 -13.75 
2 24 4.592 -22.75 -10 12.44 -22.75 -10 
2 24 12.44 -22.75 -13.75 4.592 -22.75 -13.75 
2 24 10 -15.5 -6.25 37.254 -15.5 -6.25 
2 24 37.254 -15.5 -6.25 35.408 -17.598 -6.25 
2 24 30 -20.081 -13.75 30 -20.081 -10 
2 24 30 -15.5 -13.75 30 -20.081 -13.75 
2 24 30 -20.081 -10 30 0 -10 
2 24 30 -15.5 -17 30 -15.5 -13.75 
2 24 30 0 -10 30 0 -30 
2 24 30 0 -30 30 -24.138 -30 
2 24 30 -24.138 -30 30 -24.138 -17 
2 24 30 -24.138 -17 30 -15.5 -17 
2 24 29.8 -20.081 -13.75 30 -20.081 -13.75 
2 24 12.44 -22.75 -13.75 13.975 -24.58 -13.75 
2 24 26.025 -24.58 -13.75 29.8 -20.081 -13.75 
2 24 26.025 -56.762 -13.75 26.025 -24.58 -13.75 
2 24 13.975 -24.58 -13.75 13.975 -56.762 -13.75 
2 24 13.975 -56.762 -13.75 26.025 -56.762 -13.75 
2 24 2.832 -15.5 -13.75 4.592 -17.598 -13.75 
2 24 30 -15.5 -13.75 2.832 -15.5 -13.75 
2 24 29.8 -20.081 -10 30 -20.081 -10 
2 24 29.8 -20.081 -13.75 29.8 -20.081 -10 
2 24 27.56 -22.75 -10 29.8 -20.081 -10 
2 24 26.025 -24.58 -13.75 26.025 -24.58 -6.25 
2 24 26.025 -24.58 -6.25 27.56 -22.75 -6.25 
2 24 35.408 -17.598 -10 45.361 -5.736 -10 
2 24 50 0 -10 30 0 -10 
2 24 50 -9.629 -10 50 0 -10 
2 24 45.361 -5.736 -10 50 -9.629 -10 
2 24 13.975 -56.762 -6.25 13.975 -56.762 -13.75 
2 24 13.975 -24.58 -13.75 13.975 -24.58 -6.25 
2 24 13.975 -24.58 -6.25 13.975 -56.762 -6.25 
2 24 26.025 -56.762 -6.25 26.025 -56.762 -13.75 
2 24 13.975 -56.762 -6.25 26.025 -56.762 -6.25 
2 24 26.025 -24.58 -6.25 26.025 -56.762 -6.25 
2 24 13.975 -24.58 -6.25 10.2 -20.081 -6.25 
2 24 10.2 -20.081 -6.25 10 -20.081 -6.25 
2 24 10 -20.081 -6.25 10 -15.5 -6.25 
2 24 50 0 -30 50 0 -10 
2 24 50 -24.138 -30 50 0 -30 
2 24 50 -9.629 -10 50 -24.138 -10 
2 24 50 -24.138 -10 50 -24.138 -30 
2 24 45.361 -5.736 -10 45.361 -5.736 -6.25 
2 24 60.729 -18.631 -10 50 -9.629 -10 
2 24 60.729 -18.631 10 60.729 -18.631 -10 
2 24 57.503 -15.925 -6.25 57.503 -15.925 6.25 
2 24 45.408 -5.776 10 60.729 -18.631 10 
2 24 57.503 -15.925 6.25 45.408 -5.776 6.25 
2 24 45.408 -5.776 6.25 45.408 -5.776 10 
2 24 30 0 -30 50 0 -30 
2 24 50 -24.138 -30 30 -24.138 -30 
2 24 50 -24.138 -10 30 -24.138 -10 
2 24 30 -24.138 -10 30 -24.138 -17 
2 24 45.321 -36.994 -10 30 -24.138 -10 
2 24 60.729 -18.631 -10 45.321 -36.994 -10 
2 24 30 -65.5 -17 30 -24.138 -17 
2 24 30 -65.5 -3 30 -65.5 -17 
2 24 30 -24.138 -10 30 -24.138 -3 
2 24 30 -24.138 -3 30 -65.5 -3 
2 24 30 -24.138 -3 37.254 -15.5 -3 
2 24 37.254 -15.5 -3 10 -15.5 -3 
2 24 10 -15.5 -3 10 -24.177 -3 
2 24 10 -24.177 -3 10 -65.5 -3 
2 24 10 -65.5 -3 30 -65.5 -3 
2 24 37.254 -15.5 6.25 37.254 -15.5 -3 
2 24 30 -24.138 -3 30 -24.138 10 
2 24 30 -24.138 10 45.408 -5.776 10 
2 24 45.408 -5.776 6.25 37.254 -15.5 6.25 
2 24 37.254 -15.5 -6.25 37.254 -15.5 -3 
2 24 37.254 -25.297 6.25 37.254 -25.297 -6.25 
2 24 37.254 -15.5 6.25 37.254 -25.297 6.25 
2 24 10 -15.5 -6.25 10 -15.5 -3 
2 24 45.321 -36.994 -10 45.321 -36.994 10 
2 24 45.321 -36.994 10 30 -24.138 10 
2 24 60.729 -18.631 10 45.321 -36.994 10 
2 24 44.522 -31.395 6.25 37.254 -25.297 6.25 
2 24 57.503 -15.925 6.25 44.522 -31.395 6.25 
2 24 44.522 -31.395 -6.25 44.522 -31.395 6.25 
2 24 10 -20.081 -10 10 -20.081 -6.25 
2 24 10.2 -20.081 -10 10 -20.081 -10 
2 24 10.2 -20.081 -6.25 10.2 -20.081 -10 
2 24 10 -20.081 -10 10 0 -10 
2 24 10 0 -10 10 0 10 
2 24 10 0 10 10 -23.97 10 
2 24 10 -23.97 10 10 -24.177 -3 
2 24 12.44 -22.75 -10 10.2 -20.081 -10 
2 24 4.592 -17.598 -10 -5.361 -5.736 -10 
2 24 -10 0 -10 10 0 -10 
2 24 -5.361 -5.736 -10 -10 -9.629 -10 
2 24 -10 -9.629 -10 -10 0 -10 
2 24 10 -23.97 10 -10 -24.177 10 
2 24 -10 -24.177 10 -10 -24.177 -10 
2 24 -10 -24.177 -10 10 -24.177 -10 
2 24 10 -24.177 -10 10 -24.177 -3 
2 24 30 -15.5 -17 2.746 -15.5 -17 
2 24 2.746 -15.5 -17 2.746 -15.5 -13.75 
2 24 2.746 -15.5 -17 2.746 -15.5 -26.25 
2 24 -5.361 -5.736 -13.75 -5.361 -5.736 -10 
2 24 -20.729 -18.631 -10 -10 -9.629 -10 
2 24 -20.729 -18.631 -30 -20.729 -18.631 -10 
2 24 -17.503 -15.925 -13.75 -17.503 -15.925 -26.25 
2 24 -5.408 -5.776 -30 -20.729 -18.631 -30 
2 24 -17.503 -15.925 -26.25 -5.408 -5.776 -26.25 
2 24 -5.408 -5.776 -26.25 -5.408 -5.776 -30 
2 24 -10 0 10 -10 0 -10 
2 24 -10 -24.177 10 -10 0 10 
2 24 -10 -9.629 -10 -10 -24.177 -10 
2 24 10 0 10 -10 0 10 
2 24 -4.522 -31.395 -26.25 -17.503 -15.925 -26.25 
2 24 -4.522 -31.395 -13.75 -4.522 -31.395 -26.25 
2 24 -5.302 -37.017 -10 10 -24.177 -10 
2 24 -20.729 -18.631 -10 -5.302 -37.017 -10 
2 24 10 -65.5 -17 10 -65.5 -3 
2 24 10 -24.177 -10 10 -24.177 -17 
2 24 10 -24.177 -17 10 -65.5 -17 
2 24 10 -65.5 -17 30 -65.5 -17 
2 24 10 -24.177 -17 10.019 -24.161 -17 
2 24 10.019 -24.161 -17 2.746 -15.5 -17 
2 24 -5.302 -37.017 -10 -5.302 -37.017 -30 
2 24 -5.302 -37.017 -30 10.019 -24.161 -30 
2 24 10.019 -24.161 -30 10.019 -24.161 -17 
2 24 2.746 -25.297 -26.25 -4.522 -31.395 -26.25 
2 24 2.746 -25.297 -13.75 2.746 -25.297 -26.25 
2 24 2.746 -25.297 -26.25 2.746 -15.5 -26.25 
2 24 2.746 -15.5 -26.25 -5.408 -5.776 -26.25 
2 24 -20.729 -18.631 -30 -5.302 -37.017 -30 
2 24 10.019 -24.161 -30 -5.408 -5.776 -30 
2 24 25.304 -65.5 -6.937 23.062 -65.5 -4.696 
2 24 23.062 -80 -4.696 25.304 -80 -6.937 
2 24 26.125 -65.5 -10 25.304 -65.5 -6.937 
2 24 25.304 -80 -6.937 26.125 -80 -10 
2 24 25.304 -65.5 -13.062 26.125 -65.5 -10 
2 24 26.125 -80 -10 25.304 -80 -13.062 
2 24 23.062 -65.5 -15.304 25.304 -65.5 -13.062 
2 24 25.304 -80 -13.062 23.062 -80 -15.304 
2 24 20 -65.5 -16.125 23.062 -65.5 -15.304 
2 24 23.062 -80 -15.304 20 -80 -16.125 
2 24 16.938 -65.5 -15.304 20 -65.5 -16.125 
2 24 20 -80 -16.125 16.938 -80 -15.304 
2 24 14.696 -65.5 -13.062 16.938 -65.5 -15.304 
2 24 16.938 -80 -15.304 14.696 -80 -13.062 
2 24 13.875 -65.5 -10 14.696 -65.5 -13.062 
2 24 14.696 -80 -13.062 13.875 -80 -10 
2 24 14.696 -65.5 -6.938 13.875 -65.5 -10 
2 24 13.875 -80 -10 14.696 -80 -6.938 
2 24 16.938 -65.5 -4.696 14.696 -65.5 -6.938 
2 24 14.696 -80 -6.938 16.938 -80 -4.696 
2 24 20 -65.5 -3.875 16.938 -65.5 -4.696 
2 24 16.938 -80 -4.696 20 -80 -3.875 
2 24 23.062 -65.5 -4.696 20 -65.5 -3.875 
2 24 20 -80 -3.875 23.062 -80 -4.696 

0 // Inside
3 16 6.65 0 -6.25 6.65 -20.22 -6.25 6.65 0 6.25 
3 16 6.65 0 6.25 6.65 -20.22 -6.25 6.65 -20.22 6.25 
3 16 -5.85 0 -6.25 -5.85 -20.22 -6.25 6.65 0 -6.25 
3 16 6.65 0 -6.25 -5.85 -20.22 -6.25 6.65 -20.22 -6.25 
3 16 -5.85 -20.22 -6.25 -5.85 0 -6.25 -5.85 -20.22 6.25 
3 16 -5.85 -20.22 6.25 -5.85 0 -6.25 -5.85 0 6.25 
3 16 -5.85 -20.22 -6.25 -5.85 -20.22 6.25 6.65 -20.22 -6.25 
3 16 6.65 -20.22 -6.25 -5.85 -20.22 6.25 6.65 -20.22 6.25 
3 16 -5.85 -20.22 6.25 -5.85 0 6.25 6.65 -20.22 6.25 
3 16 6.65 -20.22 6.25 -5.85 0 6.25 6.65 0 6.25 
3 16 -10 0 -10 -10 0 10 -5.85 0 -6.25 
3 16 -5.85 0 -6.25 -10 0 10 -5.85 0 6.25 
3 16 -5.85 0 6.25 -10 0 10 10 0 10 
3 16 -5.85 0 6.25 10 0 10 6.65 0 6.25 
3 16 6.65 0 6.25 10 0 10 10 0 -10 
3 16 6.65 0 6.25 10 0 -10 6.65 0 -6.25 
3 16 6.65 0 -6.25 10 0 -10 -5.85 0 -6.25 
3 16 -5.85 0 -6.25 10 0 -10 -10 0 -10 
2 24 6.65 0 -6.25 6.65 -20.22 -6.25 
2 24 6.65 0 6.25 6.65 0 -6.25 
2 24 6.65 -20.22 -6.25 6.65 -20.22 6.25 
2 24 6.65 -20.22 6.25 6.65 0 6.25 
2 24 -5.85 0 -6.25 -5.85 -20.22 -6.25 
2 24 6.65 0 -6.25 -5.85 0 -6.25 
2 24 -5.85 -20.22 -6.25 6.65 -20.22 -6.25 
2 24 -5.85 -20.22 6.25 -5.85 -20.22 -6.25 
2 24 -5.85 0 -6.25 -5.85 0 6.25 
2 24 -5.85 0 6.25 -5.85 -20.22 6.25 
2 24 -5.85 -20.22 6.25 6.65 -20.22 6.25 
2 24 -5.85 0 6.25 6.65 0 6.25 
2 24 -10 0 -10 -10 0 10 
2 24 -10 0 10 10 0 10 
2 24 10 0 10 10 0 -10 
2 24 10 0 -10 -10 0 -10 

0 // Inside
3 16 33.35 0 -13.75 33.35 -20.22 -13.75 33.35 0 -26.25 
3 16 33.35 0 -26.25 33.35 -20.22 -13.75 33.35 -20.22 -26.25 
3 16 45.85 0 -13.75 45.85 -20.22 -13.75 33.35 0 -13.75 
3 16 33.35 0 -13.75 45.85 -20.22 -13.75 33.35 -20.22 -13.75 
3 16 45.85 -20.22 -13.75 45.85 0 -13.75 45.85 -20.22 -26.25 
3 16 45.85 -20.22 -26.25 45.85 0 -13.75 45.85 0 -26.25 
3 16 45.85 -20.22 -13.75 45.85 -20.22 -26.25 33.35 -20.22 -13.75 
3 16 33.35 -20.22 -13.75 45.85 -20.22 -26.25 33.35 -20.22 -26.25 
3 16 45.85 -20.22 -26.25 45.85 0 -26.25 33.35 -20.22 -26.25 
3 16 33.35 -20.22 -26.25 45.85 0 -26.25 33.35 0 -26.25 
3 16 30 0 -10 33.35 0 -26.25 30 0 -30 
3 16 30 0 -30 33.35 0 -26.25 45.85 0 -26.25 
3 16 30 0 -30 45.85 0 -26.25 50 0 -30 
3 16 50 0 -30 45.85 0 -26.25 45.85 0 -13.75 
3 16 50 0 -30 45.85 0 -13.75 50 0 -10 
3 16 50 0 -10 45.85 0 -13.75 30 0 -10 
3 16 30 0 -10 45.85 0 -13.75 33.35 0 -13.75 
3 16 30 0 -10 33.35 0 -13.75 33.35 0 -26.25 
2 24 33.35 0 -13.75 33.35 -20.22 -13.75 
2 24 33.35 0 -26.25 33.35 0 -13.75 
2 24 33.35 -20.22 -13.75 33.35 -20.22 -26.25 
2 24 33.35 -20.22 -26.25 33.35 0 -26.25 
2 24 45.85 0 -13.75 45.85 -20.22 -13.75 
2 24 33.35 0 -13.75 45.85 0 -13.75 
2 24 45.85 -20.22 -13.75 33.35 -20.22 -13.75 
2 24 45.85 -20.22 -26.25 45.85 -20.22 -13.75 
2 24 45.85 0 -13.75 45.85 0 -26.25 
2 24 45.85 0 -26.25 45.85 -20.22 -26.25 
2 24 45.85 -20.22 -26.25 33.35 -20.22 -26.25 
2 24 45.85 0 -26.25 33.35 0 -26.25 
2 24 30 0 -30 30 0 -10 
2 24 50 0 -30 30 0 -30 
2 24 50 0 -10 50 0 -30 
2 24 30 0 -10 50 0 -10 

0 // Stud
3 16 22 -38.964 -17 22 -38.964 -21.475 20 -39.5 -17 
3 16 20 -39.5 -17 22 -38.964 -21.475 20 -39.5 -21.475 
3 16 23.464 -37.5 -17 23.464 -37.5 -21.475 22 -38.964 -17 
3 16 22 -38.964 -17 23.464 -37.5 -21.475 22 -38.964 -21.475 
3 16 24 -35.5 -17 24 -35.5 -21.475 23.464 -37.5 -17 
3 16 23.464 -37.5 -17 24 -35.5 -21.475 23.464 -37.5 -21.475 
3 16 23.464 -33.5 -17 23.464 -33.5 -21.475 24 -35.5 -17 
3 16 24 -35.5 -17 23.464 -33.5 -21.475 24 -35.5 -21.475 
3 16 22 -32.036 -17 22 -32.036 -21.475 23.464 -33.5 -17 
3 16 23.464 -33.5 -17 22 -32.036 -21.475 23.464 -33.5 -21.475 
3 16 20 -31.5 -17 20 -31.5 -21.475 22 -32.036 -17 
3 16 22 -32.036 -17 20 -31.5 -21.475 22 -32.036 -21.475 
3 16 18 -32.036 -17 18 -32.036 -21.475 20 -31.5 -17 
3 16 20 -31.5 -17 18 -32.036 -21.475 20 -31.5 -21.475 
3 16 16.536 -33.5 -17 16.536 -33.5 -21.475 18 -32.036 -17 
3 16 18 -32.036 -17 16.536 -33.5 -21.475 18 -32.036 -21.475 
3 16 16 -35.5 -17 16 -35.5 -21.475 16.536 -33.5 -17 
3 16 16.536 -33.5 -17 16 -35.5 -21.475 16.536 -33.5 -21.475 
3 16 16.536 -37.5 -17 16.536 -37.5 -21.475 16 -35.5 -17 
3 16 16 -35.5 -17 16.536 -37.5 -21.475 16 -35.5 -21.475 
3 16 18 -38.964 -17 18 -38.964 -21.475 16.536 -37.5 -17 
3 16 16.536 -37.5 -17 18 -38.964 -21.475 16.536 -37.5 -21.475 
3 16 20 -39.5 -17 20 -39.5 -21.475 18 -38.964 -17 
3 16 18 -38.964 -17 20 -39.5 -21.475 18 -38.964 -21.475 
3 16 23.062 -40.804 -21.475 23.062 -40.804 -17 20 -41.625 -21.475 
3 16 20 -41.625 -21.475 23.062 -40.804 -17 20 -41.625 -17 
3 16 25.304 -38.562 -21.475 25.304 -38.562 -17 23.062 -40.804 -21.475 
3 16 23.062 -40.804 -21.475 25.304 -38.562 -17 23.062 -40.804 -17 
3 16 26.125 -35.5 -21.475 26.125 -35.5 -17 25.304 -38.562 -21.475 
3 16 25.304 -38.562 -21.475 26.125 -35.5 -17 25.304 -38.562 -17 
3 16 25.304 -32.437 -21.475 25.304 -32.437 -17 26.125 -35.5 -21.475 
3 16 26.125 -35.5 -21.475 25.304 -32.437 -17 26.125 -35.5 -17 
3 16 23.062 -30.196 -21.475 23.062 -30.196 -17 25.304 -32.437 -21.475 
3 16 25.304 -32.437 -21.475 23.062 -30.196 -17 25.304 -32.437 -17 
3 16 20 -29.375 -21.475 20 -29.375 -17 23.062 -30.196 -21.475 
3 16 23.062 -30.196 -21.475 20 -29.375 -17 23.062 -30.196 -17 
3 16 16.938 -30.196 -21.475 16.938 -30.196 -17 20 -29.375 -21.475 
3 16 20 -29.375 -21.475 16.938 -30.196 -17 20 -29.375 -17 
3 16 14.696 -32.437 -21.475 14.696 -32.437 -17 16.938 -30.196 -21.475 
3 16 16.938 -30.196 -21.475 14.696 -32.437 -17 16.938 -30.196 -17 
3 16 13.875 -35.5 -21.475 13.875 -35.5 -17 14.696 -32.437 -21.475 
3 16 14.696 -32.437 -21.475 13.875 -35.5 -17 14.696 -32.437 -17 
3 16 14.696 -38.562 -21.475 14.696 -38.562 -17 13.875 -35.5 -21.475 
3 16 13.875 -35.5 -21.475 14.696 -38.562 -17 13.875 -35.5 -17 
3 16 16.938 -40.804 -21.475 16.938 -40.804 -17 14.696 -38.562 -21.475 
3 16 14.696 -38.562 -21.475 16.938 -40.804 -17 14.696 -38.562 -17 
3 16 20 -41.625 -21.475 20 -41.625 -17 16.938 -40.804 -21.475 
3 16 16.938 -40.804 -21.475 20 -41.625 -17 16.938 -40.804 -17 
3 16 14.696 -38.562 -21.475 13.875 -35.5 -21.475 16.536 -37.5 -21.475 
3 16 16 -35.5 -21.475 16.536 -37.5 -21.475 13.875 -35.5 -21.475 
3 16 16.938 -40.804 -21.475 14.696 -38.562 -21.475 18 -38.964 -21.475 
3 16 16.536 -37.5 -21.475 18 -38.964 -21.475 14.696 -38.562 -21.475 
3 16 20 -41.625 -21.475 16.938 -40.804 -21.475 20 -39.5 -21.475 
3 16 18 -38.964 -21.475 20 -39.5 -21.475 16.938 -40.804 -21.475 
3 16 23.062 -40.804 -21.475 20 -41.625 -21.475 22 -38.964 -21.475 
3 16 20 -39.5 -21.475 22 -38.964 -21.475 20 -41.625 -21.475 
3 16 25.304 -38.562 -21.475 23.062 -40.804 -21.475 23.464 -37.5 -21.475 
3 16 22 -38.964 -21.475 23.464 -37.5 -21.475 23.062 -40.804 -21.475 
3 16 26.125 -35.5 -21.475 25.304 -38.562 -21.475 24 -35.5 -21.475 
3 16 23.464 -37.5 -21.475 24 -35.5 -21.475 25.304 -38.562 -21.475 
3 16 25.304 -32.437 -21.475 26.125 -35.5 -21.475 23.464 -33.5 -21.475 
3 16 24 -35.5 -21.475 23.464 -33.5 -21.475 26.125 -35.5 -21.475 
3 16 23.062 -30.196 -21.475 25.304 -32.437 -21.475 22 -32.036 -21.475 
3 16 23.464 -33.5 -21.475 22 -32.036 -21.475 25.304 -32.437 -21.475 
3 16 20 -29.375 -21.475 23.062 -30.196 -21.475 20 -31.5 -21.475 
3 16 22 -32.036 -21.475 20 -31.5 -21.475 23.062 -30.196 -21.475 
3 16 16.938 -30.196 -21.475 20 -29.375 -21.475 18 -32.036 -21.475 
3 16 20 -31.5 -21.475 18 -32.036 -21.475 20 -29.375 -21.475 
3 16 14.696 -32.437 -21.475 16.938 -30.196 -21.475 16.536 -33.5 -21.475 
3 16 18 -32.036 -21.475 16.536 -33.5 -21.475 16.938 -30.196 -21.475 
3 16 13.875 -35.5 -21.475 14.696 -32.437 -21.475 16 -35.5 -21.475 
3 16 16.536 -33.5 -21.475 16 -35.5 -21.475 14.696 -32.437 -21.475 
2 24 20 -39.5 -17 22 -38.964 -17 
2 24 22 -38.964 -21.475 20 -39.5 -21.475 
2 24 22 -38.964 -17 23.464 -37.5 -17 
2 24 23.464 -37.5 -21.475 22 -38.964 -21.475 
2 24 23.464 -37.5 -17 24 -35.5 -17 
2 24 24 -35.5 -21.475 23.464 -37.5 -21.475 
2 24 24 -35.5 -17 23.464 -33.5 -17 
2 24 23.464 -33.5 -21.475 24 -35.5 -21.475 
2 24 23.464 -33.5 -17 22 -32.036 -17 
2 24 22 -32.036 -21.475 23.464 -33.5 -21.475 
2 24 22 -32.036 -17 20 -31.5 -17 
2 24 20 -31.5 -21.475 22 -32.036 -21.475 
2 24 20 -31.5 -17 18 -32.036 -17 
2 24 18 -32.036 -21.475 20 -31.5 -21.475 
2 24 18 -32.036 -17 16.536 -33.5 -17 
2 24 16.536 -33.5 -21.475 18 -32.036 -21.475 
2 24 16.536 -33.5 -17 16 -35.5 -17 
2 24 16 -35.5 -21.475 16.536 -33.5 -21.475 
2 24 16 -35.5 -17 16.536 -37.5 -17 
2 24 16.536 -37.5 -21.475 16 -35.5 -21.475 
2 24 16.536 -37.5 -17 18 -38.964 -17 
2 24 18 -38.964 -21.475 16.536 -37.5 -21.475 
2 24 18 -38.964 -17 20 -39.5 -17 
2 24 20 -39.5 -21.475 18 -38.964 -21.475 
2 24 20 -41.625 -21.475 23.062 -40.804 -21.475 
2 24 23.062 -40.804 -17 20 -41.625 -17 
2 24 23.062 -40.804 -21.475 25.304 -38.562 -21.475 
2 24 25.304 -38.562 -17 23.062 -40.804 -17 
2 24 25.304 -38.562 -21.475 26.125 -35.5 -21.475 
2 24 26.125 -35.5 -17 25.304 -38.562 -17 
2 24 26.125 -35.5 -21.475 25.304 -32.437 -21.475 
2 24 25.304 -32.437 -17 26.125 -35.5 -17 
2 24 25.304 -32.437 -21.475 23.062 -30.196 -21.475 
2 24 23.062 -30.196 -17 25.304 -32.437 -17 
2 24 23.062 -30.196 -21.475 20 -29.375 -21.475 
2 24 20 -29.375 -17 23.062 -30.196 -17 
2 24 20 -29.375 -21.475 16.938 -30.196 -21.475 
2 24 16.938 -30.196 -17 20 -29.375 -17 
2 24 16.938 -30.196 -21.475 14.696 -32.437 -21.475 
2 24 14.696 -32.437 -17 16.938 -30.196 -17 
2 24 14.696 -32.437 -21.475 13.875 -35.5 -21.475 
2 24 13.875 -35.5 -17 14.696 -32.437 -17 
2 24 13.875 -35.5 -21.475 14.696 -38.562 -21.475 
2 24 14.696 -38.562 -17 13.875 -35.5 -17 
2 24 14.696 -38.562 -21.475 16.938 -40.804 -21.475 
2 24 16.938 -40.804 -17 14.696 -38.562 -17 
2 24 16.938 -40.804 -21.475 20 -41.625 -21.475 
2 24 20 -41.625 -17 16.938 -40.804 -17 

0 // Stud
3 16 22 -58.964 -17 22 -58.964 -21.475 20 -59.5 -17 
3 16 20 -59.5 -17 22 -58.964 -21.475 20 -59.5 -21.475 
3 16 23.464 -57.5 -17 23.464 -57.5 -21.475 22 -58.964 -17 
3 16 22 -58.964 -17 23.464 -57.5 -21.475 22 -58.964 -21.475 
3 16 24 -55.5 -17 24 -55.5 -21.475 23.464 -57.5 -17 
3 16 23.464 -57.5 -17 24 -55.5 -21.475 23.464 -57.5 -21.475 
3 16 23.464 -53.5 -17 23.464 -53.5 -21.475 24 -55.5 -17 
3 16 24 -55.5 -17 23.464 -53.5 -21.475 24 -55.5 -21.475 
3 16 22 -52.036 -17 22 -52.036 -21.475 23.464 -53.5 -17 
3 16 23.464 -53.5 -17 22 -52.036 -21.475 23.464 -53.5 -21.475 
3 16 20 -51.5 -17 20 -51.5 -21.475 22 -52.036 -17 
3 16 22 -52.036 -17 20 -51.5 -21.475 22 -52.036 -21.475 
3 16 18 -52.036 -17 18 -52.036 -21.475 20 -51.5 -17 
3 16 20 -51.5 -17 18 -52.036 -21.475 20 -51.5 -21.475 
3 16 16.536 -53.5 -17 16.536 -53.5 -21.475 18 -52.036 -17 
3 16 18 -52.036 -17 16.536 -53.5 -21.475 18 -52.036 -21.475 
3 16 16 -55.5 -17 16 -55.5 -21.475 16.536 -53.5 -17 
3 16 16.536 -53.5 -17 16 -55.5 -21.475 16.536 -53.5 -21.475 
3 16 16.536 -57.5 -17 16.536 -57.5 -21.475 16 -55.5 -17 
3 16 16 -55.5 -17 16.536 -57.5 -21.475 16 -55.5 -21.475 
3 16 18 -58.964 -17 18 -58.964 -21.475 16.536 -57.5 -17 
3 16 16.536 -57.5 -17 18 -58.964 -21.475 16.536 -57.5 -21.475 
3 16 20 -59.5 -17 20 -59.5 -21.475 18 -58.964 -17 
3 16 18 -58.964 -17 20 -59.5 -21.475 18 -58.964 -21.475 
3 16 23.062 -60.804 -21.475 23.062 -60.804 -17 20 -61.625 -21.475 
3 16 20 -61.625 -21.475 23.062 -60.804 -17 20 -61.625 -17 
3 16 25.304 -58.562 -21.475 25.304 -58.562 -17 23.062 -60.804 -21.475 
3 16 23.062 -60.804 -21.475 25.304 -58.562 -17 23.062 -60.804 -17 
3 16 26.125 -55.5 -21.475 26.125 -55.5 -17 25.304 -58.562 -21.475 
3 16 25.304 -58.562 -21.475 26.125 -55.5 -17 25.304 -58.562 -17 
3 16 25.304 -52.438 -21.475 25.304 -52.437 -17 26.125 -55.5 -21.475 
3 16 26.125 -55.5 -21.475 25.304 -52.437 -17 26.125 -55.5 -17 
3 16 23.062 -50.196 -21.475 23.062 -50.196 -17 25.304 -52.438 -21.475 
3 16 25.304 -52.438 -21.475 23.062 -50.196 -17 25.304 -52.437 -17 
3 16 20 -49.375 -21.475 20 -49.375 -17 23.062 -50.196 -21.475 
3 16 23.062 -50.196 -21.475 20 -49.375 -17 23.062 -50.196 -17 
3 16 16.938 -50.196 -21.475 16.938 -50.196 -17 20 -49.375 -21.475 
3 16 20 -49.375 -21.475 16.938 -50.196 -17 20 -49.375 -17 
3 16 14.696 -52.438 -21.475 14.696 -52.437 -17 16.938 -50.196 -21.475 
3 16 16.938 -50.196 -21.475 14.696 -52.437 -17 16.938 -50.196 -17 
3 16 13.875 -55.5 -21.475 13.875 -55.5 -17 14.696 -52.438 -21.475 
3 16 14.696 -52.438 -21.475 13.875 -55.5 -17 14.696 -52.437 -17 
3 16 14.696 -58.562 -21.475 14.696 -58.562 -17 13.875 -55.5 -21.475 
3 16 13.875 -55.5 -21.475 14.696 -58.562 -17 13.875 -55.5 -17 
3 16 16.938 -60.804 -21.475 16.938 -60.804 -17 14.696 -58.562 -21.475 
3 16 14.696 -58.562 -21.475 16.938 -60.804 -17 14.696 -58.562 -17 
3 16 20 -61.625 -21.475 20 -61.625 -17 16.938 -60.804 -21.475 
3 16 16.938 -60.804 -21.475 20 -61.625 -17 16.938 -60.804 -17 
3 16 14.696 -58.562 -21.475 13.875 -55.5 -21.475 16.536 -57.5 -21.475 
3 16 16 -55.5 -21.475 16.536 -57.5 -21.475 13.875 -55.5 -21.475 
3 16 16.938 -60.804 -21.475 14.696 -58.562 -21.475 18 -58.964 -21.475 
3 16 16.536 -57.5 -21.475 18 -58.964 -21.475 14.696 -58.562 -21.475 
3 16 20 -61.625 -21.475 16.938 -60.804 -21.475 20 -59.5 -21.475 
3 16 18 -58.964 -21.475 20 -59.5 -21.475 16.938 -60.804 -21.475 
3 16 23.062 -60.804 -21.475 20 -61.625 -21.475 22 -58.964 -21.475 
3 16 20 -59.5 -21.475 22 -58.964 -21.475 20 -61.625 -21.475 
3 16 25.304 -58.562 -21.475 23.062 -60.804 -21.475 23.464 -57.5 -21.475 
3 16 22 -58.964 -21.475 23.464 -57.5 -21.475 23.062 -60.804 -21.475 
3 16 26.125 -55.5 -21.475 25.304 -58.562 -21.475 24 -55.5 -21.475 
3 16 23.464 -57.5 -21.475 24 -55.5 -21.475 25.304 -58.562 -21.475 
3 16 25.304 -52.438 -21.475 26.125 -55.5 -21.475 23.464 -53.5 -21.475 
3 16 24 -55.5 -21.475 23.464 -53.5 -21.475 26.125 -55.5 -21.475 
3 16 23.062 -50.196 -21.475 25.304 -52.438 -21.475 22 -52.036 -21.475 
3 16 23.464 -53.5 -21.475 22 -52.036 -21.475 25.304 -52.438 -21.475 
3 16 20 -49.375 -21.475 23.062 -50.196 -21.475 20 -51.5 -21.475 
3 16 22 -52.036 -21.475 20 -51.5 -21.475 23.062 -50.196 -21.475 
3 16 16.938 -50.196 -21.475 20 -49.375 -21.475 18 -52.036 -21.475 
3 16 20 -51.5 -21.475 18 -52.036 -21.475 20 -49.375 -21.475 
3 16 14.696 -52.438 -21.475 16.938 -50.196 -21.475 16.536 -53.5 -21.475 
3 16 18 -52.036 -21.475 16.536 -53.5 -21.475 16.938 -50.196 -21.475 
3 16 13.875 -55.5 -21.475 14.696 -52.438 -21.475 16 -55.5 -21.475 
3 16 16.536 -53.5 -21.475 16 -55.5 -21.475 14.696 -52.438 -21.475 
2 24 20 -59.5 -17 22 -58.964 -17 
2 24 22 -58.964 -21.475 20 -59.5 -21.475 
2 24 22 -58.964 -17 23.464 -57.5 -17 
2 24 23.464 -57.5 -21.475 22 -58.964 -21.475 
2 24 23.464 -57.5 -17 24 -55.5 -17 
2 24 24 -55.5 -21.475 23.464 -57.5 -21.475 
2 24 24 -55.5 -17 23.464 -53.5 -17 
2 24 23.464 -53.5 -21.475 24 -55.5 -21.475 
2 24 23.464 -53.5 -17 22 -52.036 -17 
2 24 22 -52.036 -21.475 23.464 -53.5 -21.475 
2 24 22 -52.036 -17 20 -51.5 -17 
2 24 20 -51.5 -21.475 22 -52.036 -21.475 
2 24 20 -51.5 -17 18 -52.036 -17 
2 24 18 -52.036 -21.475 20 -51.5 -21.475 
2 24 18 -52.036 -17 16.536 -53.5 -17 
2 24 16.536 -53.5 -21.475 18 -52.036 -21.475 
2 24 16.536 -53.5 -17 16 -55.5 -17 
2 24 16 -55.5 -21.475 16.536 -53.5 -21.475 
2 24 16 -55.5 -17 16.536 -57.5 -17 
2 24 16.536 -57.5 -21.475 16 -55.5 -21.475 
2 24 16.536 -57.5 -17 18 -58.964 -17 
2 24 18 -58.964 -21.475 16.536 -57.5 -21.475 
2 24 18 -58.964 -17 20 -59.5 -17 
2 24 20 -59.5 -21.475 18 -58.964 -21.475 
2 24 20 -61.625 -21.475 23.062 -60.804 -21.475 
2 24 23.062 -60.804 -17 20 -61.625 -17 
2 24 23.062 -60.804 -21.475 25.304 -58.562 -21.475 
2 24 25.304 -58.562 -17 23.062 -60.804 -17 
2 24 25.304 -58.562 -21.475 26.125 -55.5 -21.475 
2 24 26.125 -55.5 -17 25.304 -58.562 -17 
2 24 26.125 -55.5 -21.475 25.304 -52.438 -21.475 
2 24 25.304 -52.437 -17 26.125 -55.5 -17 
2 24 25.304 -52.438 -21.475 23.062 -50.196 -21.475 
2 24 23.062 -50.196 -17 25.304 -52.437 -17 
2 24 23.062 -50.196 -21.475 20 -49.375 -21.475 
2 24 20 -49.375 -17 23.062 -50.196 -17 
2 24 20 -49.375 -21.475 16.938 -50.196 -21.475 
2 24 16.938 -50.196 -17 20 -49.375 -17 
2 24 16.938 -50.196 -21.475 14.696 -52.438 -21.475 
2 24 14.696 -52.437 -17 16.938 -50.196 -17 
2 24 14.696 -52.438 -21.475 13.875 -55.5 -21.475 
2 24 13.875 -55.5 -17 14.696 -52.437 -17 
2 24 13.875 -55.5 -21.475 14.696 -58.562 -21.475 
2 24 14.696 -58.562 -17 13.875 -55.5 -17 
2 24 14.696 -58.562 -21.475 16.938 -60.804 -21.475 
2 24 16.938 -60.804 -17 14.696 -58.562 -17 
2 24 16.938 -60.804 -21.475 20 -61.625 -21.475 
2 24 20 -61.625 -17 16.938 -60.804 -17 

0 // Stud
3 16 18 -38.964 -3 18 -38.964 1.475 20 -39.5 -3 
3 16 20 -39.5 -3 18 -38.964 1.475 20 -39.5 1.475 
3 16 16.536 -37.5 -3 16.536 -37.5 1.475 18 -38.964 -3 
3 16 18 -38.964 -3 16.536 -37.5 1.475 18 -38.964 1.475 
3 16 16 -35.5 -3 16 -35.5 1.475 16.536 -37.5 -3 
3 16 16.536 -37.5 -3 16 -35.5 1.475 16.536 -37.5 1.475 
3 16 16.536 -33.5 -3 16.536 -33.5 1.475 16 -35.5 -3 
3 16 16 -35.5 -3 16.536 -33.5 1.475 16 -35.5 1.475 
3 16 18 -32.036 -3 18 -32.036 1.475 16.536 -33.5 -3 
3 16 16.536 -33.5 -3 18 -32.036 1.475 16.536 -33.5 1.475 
3 16 20 -31.5 -3 20 -31.5 1.475 18 -32.036 -3 
3 16 18 -32.036 -3 20 -31.5 1.475 18 -32.036 1.475 
3 16 22 -32.036 -3 22 -32.036 1.475 20 -31.5 -3 
3 16 20 -31.5 -3 22 -32.036 1.475 20 -31.5 1.475 
3 16 23.464 -33.5 -3 23.464 -33.5 1.475 22 -32.036 -3 
3 16 22 -32.036 -3 23.464 -33.5 1.475 22 -32.036 1.475 
3 16 24 -35.5 -3 24 -35.5 1.475 23.464 -33.5 -3 
3 16 23.464 -33.5 -3 24 -35.5 1.475 23.464 -33.5 1.475 
3 16 23.464 -37.5 -3 23.464 -37.5 1.475 24 -35.5 -3 
3 16 24 -35.5 -3 23.464 -37.5 1.475 24 -35.5 1.475 
3 16 22 -38.964 -3 22 -38.964 1.475 23.464 -37.5 -3 
3 16 23.464 -37.5 -3 22 -38.964 1.475 23.464 -37.5 1.475 
3 16 20 -39.5 -3 20 -39.5 1.475 22 -38.964 -3 
3 16 22 -38.964 -3 20 -39.5 1.475 22 -38.964 1.475 
3 16 16.938 -40.804 1.475 16.938 -40.804 -3 20 -41.625 1.475 
3 16 20 -41.625 1.475 16.938 -40.804 -3 20 -41.625 -3 
3 16 14.696 -38.562 1.475 14.696 -38.562 -3 16.938 -40.804 1.475 
3 16 16.938 -40.804 1.475 14.696 -38.562 -3 16.938 -40.804 -3 
3 16 13.875 -35.5 1.475 13.875 -35.5 -3 14.696 -38.562 1.475 
3 16 14.696 -38.562 1.475 13.875 -35.5 -3 14.696 -38.562 -3 
3 16 14.696 -32.437 1.475 14.696 -32.437 -3 13.875 -35.5 1.475 
3 16 13.875 -35.5 1.475 14.696 -32.437 -3 13.875 -35.5 -3 
3 16 16.938 -30.196 1.475 16.938 -30.196 -3 14.696 -32.437 1.475 
3 16 14.696 -32.437 1.475 16.938 -30.196 -3 14.696 -32.437 -3 
3 16 20 -29.375 1.475 20 -29.375 -3 16.938 -30.196 1.475 
3 16 16.938 -30.196 1.475 20 -29.375 -3 16.938 -30.196 -3 
3 16 23.062 -30.196 1.475 23.062 -30.196 -3 20 -29.375 1.475 
3 16 20 -29.375 1.475 23.062 -30.196 -3 20 -29.375 -3 
3 16 25.304 -32.437 1.475 25.304 -32.437 -3 23.062 -30.196 1.475 
3 16 23.062 -30.196 1.475 25.304 -32.437 -3 23.062 -30.196 -3 
3 16 26.125 -35.5 1.475 26.125 -35.5 -3 25.304 -32.437 1.475 
3 16 25.304 -32.437 1.475 26.125 -35.5 -3 25.304 -32.437 -3 
3 16 25.304 -38.562 1.475 25.304 -38.562 -3 26.125 -35.5 1.475 
3 16 26.125 -35.5 1.475 25.304 -38.562 -3 26.125 -35.5 -3 
3 16 23.062 -40.804 1.475 23.062 -40.804 -3 25.304 -38.562 1.475 
3 16 25.304 -38.562 1.475 23.062 -40.804 -3 25.304 -38.562 -3 
3 16 20 -41.625 1.475 20 -41.625 -3 23.062 -40.804 1.475 
3 16 23.062 -40.804 1.475 20 -41.625 -3 23.062 -40.804 -3 
3 16 25.304 -38.562 1.475 26.125 -35.5 1.475 23.464 -37.5 1.475 
3 16 24 -35.5 1.475 23.464 -37.5 1.475 26.125 -35.5 1.475 
3 16 23.062 -40.804 1.475 25.304 -38.562 1.475 22 -38.964 1.475 
3 16 23.464 -37.5 1.475 22 -38.964 1.475 25.304 -38.562 1.475 
3 16 20 -41.625 1.475 23.062 -40.804 1.475 20 -39.5 1.475 
3 16 22 -38.964 1.475 20 -39.5 1.475 23.062 -40.804 1.475 
3 16 16.938 -40.804 1.475 20 -41.625 1.475 18 -38.964 1.475 
3 16 20 -39.5 1.475 18 -38.964 1.475 20 -41.625 1.475 
3 16 14.696 -38.562 1.475 16.938 -40.804 1.475 16.536 -37.5 1.475 
3 16 18 -38.964 1.475 16.536 -37.5 1.475 16.938 -40.804 1.475 
3 16 13.875 -35.5 1.475 14.696 -38.562 1.475 16 -35.5 1.475 
3 16 16.536 -37.5 1.475 16 -35.5 1.475 14.696 -38.562 1.475 
3 16 14.696 -32.437 1.475 13.875 -35.5 1.475 16.536 -33.5 1.475 
3 16 16 -35.5 1.475 16.536 -33.5 1.475 13.875 -35.5 1.475 
3 16 16.938 -30.196 1.475 14.696 -32.437 1.475 18 -32.036 1.475 
3 16 16.536 -33.5 1.475 18 -32.036 1.475 14.696 -32.437 1.475 
3 16 20 -29.375 1.475 16.938 -30.196 1.475 20 -31.5 1.475 
3 16 18 -32.036 1.475 20 -31.5 1.475 16.938 -30.196 1.475 
3 16 23.062 -30.196 1.475 20 -29.375 1.475 22 -32.036 1.475 
3 16 20 -31.5 1.475 22 -32.036 1.475 20 -29.375 1.475 
3 16 25.304 -32.437 1.475 23.062 -30.196 1.475 23.464 -33.5 1.475 
3 16 22 -32.036 1.475 23.464 -33.5 1.475 23.062 -30.196 1.475 
3 16 26.125 -35.5 1.475 25.304 -32.437 1.475 24 -35.5 1.475 
3 16 23.464 -33.5 1.475 24 -35.5 1.475 25.304 -32.437 1.475 
2 24 20 -39.5 -3 18 -38.964 -3 
2 24 18 -38.964 1.475 20 -39.5 1.475 
2 24 18 -38.964 -3 16.536 -37.5 -3 
2 24 16.536 -37.5 1.475 18 -38.964 1.475 
2 24 16.536 -37.5 -3 16 -35.5 -3 
2 24 16 -35.5 1.475 16.536 -37.5 1.475 
2 24 16 -35.5 -3 16.536 -33.5 -3 
2 24 16.536 -33.5 1.475 16 -35.5 1.475 
2 24 16.536 -33.5 -3 18 -32.036 -3 
2 24 18 -32.036 1.475 16.536 -33.5 1.475 
2 24 18 -32.036 -3 20 -31.5 -3 
2 24 20 -31.5 1.475 18 -32.036 1.475 
2 24 20 -31.5 -3 22 -32.036 -3 
2 24 22 -32.036 1.475 20 -31.5 1.475 
2 24 22 -32.036 -3 23.464 -33.5 -3 
2 24 23.464 -33.5 1.475 22 -32.036 1.475 
2 24 23.464 -33.5 -3 24 -35.5 -3 
2 24 24 -35.5 1.475 23.464 -33.5 1.475 
2 24 24 -35.5 -3 23.464 -37.5 -3 
2 24 23.464 -37.5 1.475 24 -35.5 1.475 
2 24 23.464 -37.5 -3 22 -38.964 -3 
2 24 22 -38.964 1.475 23.464 -37.5 1.475 
2 24 22 -38.964 -3 20 -39.5 -3 
2 24 20 -39.5 1.475 22 -38.964 1.475 
2 24 20 -41.625 1.475 16.938 -40.804 1.475 
2 24 16.938 -40.804 -3 20 -41.625 -3 
2 24 16.938 -40.804 1.475 14.696 -38.562 1.475 
2 24 14.696 -38.562 -3 16.938 -40.804 -3 
2 24 14.696 -38.562 1.475 13.875 -35.5 1.475 
2 24 13.875 -35.5 -3 14.696 -38.562 -3 
2 24 13.875 -35.5 1.475 14.696 -32.437 1.475 
2 24 14.696 -32.437 -3 13.875 -35.5 -3 
2 24 14.696 -32.437 1.475 16.938 -30.196 1.475 
2 24 16.938 -30.196 -3 14.696 -32.437 -3 
2 24 16.938 -30.196 1.475 20 -29.375 1.475 
2 24 20 -29.375 -3 16.938 -30.196 -3 
2 24 20 -29.375 1.475 23.062 -30.196 1.475 
2 24 23.062 -30.196 -3 20 -29.375 -3 
2 24 23.062 -30.196 1.475 25.304 -32.437 1.475 
2 24 25.304 -32.437 -3 23.062 -30.196 -3 
2 24 25.304 -32.437 1.475 26.125 -35.5 1.475 
2 24 26.125 -35.5 -3 25.304 -32.437 -3 
2 24 26.125 -35.5 1.475 25.304 -38.562 1.475 
2 24 25.304 -38.562 -3 26.125 -35.5 -3 
2 24 25.304 -38.562 1.475 23.062 -40.804 1.475 
2 24 23.062 -40.804 -3 25.304 -38.562 -3 
2 24 23.062 -40.804 1.475 20 -41.625 1.475 
2 24 20 -41.625 -3 23.062 -40.804 -3 

0 // Stud
3 16 18 -58.964 -3 18 -58.964 1.475 20 -59.5 -3 
3 16 20 -59.5 -3 18 -58.964 1.475 20 -59.5 1.475 
3 16 16.536 -57.5 -3 16.536 -57.5 1.475 18 -58.964 -3 
3 16 18 -58.964 -3 16.536 -57.5 1.475 18 -58.964 1.475 
3 16 16 -55.5 -3 16 -55.5 1.475 16.536 -57.5 -3 
3 16 16.536 -57.5 -3 16 -55.5 1.475 16.536 -57.5 1.475 
3 16 16.536 -53.5 -3 16.536 -53.5 1.475 16 -55.5 -3 
3 16 16 -55.5 -3 16.536 -53.5 1.475 16 -55.5 1.475 
3 16 18 -52.036 -3 18 -52.036 1.475 16.536 -53.5 -3 
3 16 16.536 -53.5 -3 18 -52.036 1.475 16.536 -53.5 1.475 
3 16 20 -51.5 -3 20 -51.5 1.475 18 -52.036 -3 
3 16 18 -52.036 -3 20 -51.5 1.475 18 -52.036 1.475 
3 16 22 -52.036 -3 22 -52.036 1.475 20 -51.5 -3 
3 16 20 -51.5 -3 22 -52.036 1.475 20 -51.5 1.475 
3 16 23.464 -53.5 -3 23.464 -53.5 1.475 22 -52.036 -3 
3 16 22 -52.036 -3 23.464 -53.5 1.475 22 -52.036 1.475 
3 16 24 -55.5 -3 24 -55.5 1.475 23.464 -53.5 -3 
3 16 23.464 -53.5 -3 24 -55.5 1.475 23.464 -53.5 1.475 
3 16 23.464 -57.5 -3 23.464 -57.5 1.475 24 -55.5 -3 
3 16 24 -55.5 -3 23.464 -57.5 1.475 24 -55.5 1.475 
3 16 22 -58.964 -3 22 -58.964 1.475 23.464 -57.5 -3 
3 16 23.464 -57.5 -3 22 -58.964 1.475 23.464 -57.5 1.475 
3 16 20 -59.5 -3 20 -59.5 1.475 22 -58.964 -3 
3 16 22 -58.964 -3 20 -59.5 1.475 22 -58.964 1.475 
3 16 16.938 -60.804 1.475 16.938 -60.804 -3 20 -61.625 1.475 
3 16 20 -61.625 1.475 16.938 -60.804 -3 20 -61.625 -3 
3 16 14.696 -58.562 1.475 14.696 -58.562 -3 16.938 -60.804 1.475 
3 16 16.938 -60.804 1.475 14.696 -58.562 -3 16.938 -60.804 -3 
3 16 13.875 -55.5 1.475 13.875 -55.5 -3 14.696 -58.562 1.475 
3 16 14.696 -58.562 1.475 13.875 -55.5 -3 14.696 -58.562 -3 
3 16 14.696 -52.438 1.475 14.696 -52.437 -3 13.875 -55.5 1.475 
3 16 13.875 -55.5 1.475 14.696 -52.437 -3 13.875 -55.5 -3 
3 16 16.938 -50.196 1.475 16.938 -50.196 -3 14.696 -52.438 1.475 
3 16 14.696 -52.438 1.475 16.938 -50.196 -3 14.696 -52.437 -3 
3 16 20 -49.375 1.475 20 -49.375 -3 16.938 -50.196 1.475 
3 16 16.938 -50.196 1.475 20 -49.375 -3 16.938 -50.196 -3 
3 16 23.062 -50.196 1.475 23.062 -50.196 -3 20 -49.375 1.475 
3 16 20 -49.375 1.475 23.062 -50.196 -3 20 -49.375 -3 
3 16 25.304 -52.438 1.475 25.304 -52.437 -3 23.062 -50.196 1.475 
3 16 23.062 -50.196 1.475 25.304 -52.437 -3 23.062 -50.196 -3 
3 16 26.125 -55.5 1.475 26.125 -55.5 -3 25.304 -52.438 1.475 
3 16 25.304 -52.438 1.475 26.125 -55.5 -3 25.304 -52.437 -3 
3 16 25.304 -58.562 1.475 25.304 -58.562 -3 26.125 -55.5 1.475 
3 16 26.125 -55.5 1.475 25.304 -58.562 -3 26.125 -55.5 -3 
3 16 23.062 -60.804 1.475 23.062 -60.804 -3 25.304 -58.562 1.475 
3 16 25.304 -58.562 1.475 23.062 -60.804 -3 25.304 -58.562 -3 
3 16 20 -61.625 1.475 20 -61.625 -3 23.062 -60.804 1.475 
3 16 23.062 -60.804 1.475 20 -61.625 -3 23.062 -60.804 -3 
3 16 25.304 -58.562 1.475 26.125 -55.5 1.475 23.464 -57.5 1.475 
3 16 24 -55.5 1.475 23.464 -57.5 1.475 26.125 -55.5 1.475 
3 16 23.062 -60.804 1.475 25.304 -58.562 1.475 22 -58.964 1.475 
3 16 23.464 -57.5 1.475 22 -58.964 1.475 25.304 -58.562 1.475 
3 16 20 -61.625 1.475 23.062 -60.804 1.475 20 -59.5 1.475 
3 16 22 -58.964 1.475 20 -59.5 1.475 23.062 -60.804 1.475 
3 16 16.938 -60.804 1.475 20 -61.625 1.475 18 -58.964 1.475 
3 16 20 -59.5 1.475 18 -58.964 1.475 20 -61.625 1.475 
3 16 14.696 -58.562 1.475 16.938 -60.804 1.475 16.536 -57.5 1.475 
3 16 18 -58.964 1.475 16.536 -57.5 1.475 16.938 -60.804 1.475 
3 16 13.875 -55.5 1.475 14.696 -58.562 1.475 16 -55.5 1.475 
3 16 16.536 -57.5 1.475 16 -55.5 1.475 14.696 -58.562 1.475 
3 16 14.696 -52.438 1.475 13.875 -55.5 1.475 16.536 -53.5 1.475 
3 16 16 -55.5 1.475 16.536 -53.5 1.475 13.875 -55.5 1.475 
3 16 16.938 -50.196 1.475 14.696 -52.438 1.475 18 -52.036 1.475 
3 16 16.536 -53.5 1.475 18 -52.036 1.475 14.696 -52.438 1.475 
3 16 20 -49.375 1.475 16.938 -50.196 1.475 20 -51.5 1.475 
3 16 18 -52.036 1.475 20 -51.5 1.475 16.938 -50.196 1.475 
3 16 23.062 -50.196 1.475 20 -49.375 1.475 22 -52.036 1.475 
3 16 20 -51.5 1.475 22 -52.036 1.475 20 -49.375 1.475 
3 16 25.304 -52.438 1.475 23.062 -50.196 1.475 23.464 -53.5 1.475 
3 16 22 -52.036 1.475 23.464 -53.5 1.475 23.062 -50.196 1.475 
3 16 26.125 -55.5 1.475 25.304 -52.438 1.475 24 -55.5 1.475 
3 16 23.464 -53.5 1.475 24 -55.5 1.475 25.304 -52.438 1.475 
2 24 20 -59.5 -3 18 -58.964 -3 
2 24 18 -58.964 1.475 20 -59.5 1.475 
2 24 18 -58.964 -3 16.536 -57.5 -3 
2 24 16.536 -57.5 1.475 18 -58.964 1.475 
2 24 16.536 -57.5 -3 16 -55.5 -3 
2 24 16 -55.5 1.475 16.536 -57.5 1.475 
2 24 16 -55.5 -3 16.536 -53.5 -3 
2 24 16.536 -53.5 1.475 16 -55.5 1.475 
2 24 16.536 -53.5 -3 18 -52.036 -3 
2 24 18 -52.036 1.475 16.536 -53.5 1.475 
2 24 18 -52.036 -3 20 -51.5 -3 
2 24 20 -51.5 1.475 18 -52.036 1.475 
2 24 20 -51.5 -3 22 -52.036 -3 
2 24 22 -52.036 1.475 20 -51.5 1.475 
2 24 22 -52.036 -3 23.464 -53.5 -3 
2 24 23.464 -53.5 1.475 22 -52.036 1.475 
2 24 23.464 -53.5 -3 24 -55.5 -3 
2 24 24 -55.5 1.475 23.464 -53.5 1.475 
2 24 24 -55.5 -3 23.464 -57.5 -3 
2 24 23.464 -57.5 1.475 24 -55.5 1.475 
2 24 23.464 -57.5 -3 22 -58.964 -3 
2 24 22 -58.964 1.475 23.464 -57.5 1.475 
2 24 22 -58.964 -3 20 -59.5 -3 
2 24 20 -59.5 1.475 22 -58.964 1.475 
2 24 20 -61.625 1.475 16.938 -60.804 1.475 
2 24 16.938 -60.804 -3 20 -61.625 -3 
2 24 16.938 -60.804 1.475 14.696 -58.562 1.475 
2 24 14.696 -58.562 -3 16.938 -60.804 -3 
2 24 14.696 -58.562 1.475 13.875 -55.5 1.475 
2 24 13.875 -55.5 -3 14.696 -58.562 -3 
2 24 13.875 -55.5 1.475 14.696 -52.438 1.475 
2 24 14.696 -52.437 -3 13.875 -55.5 -3 
2 24 14.696 -52.438 1.475 16.938 -50.196 1.475 
2 24 16.938 -50.196 -3 14.696 -52.437 -3 
2 24 16.938 -50.196 1.475 20 -49.375 1.475 
2 24 20 -49.375 -3 16.938 -50.196 -3 
2 24 20 -49.375 1.475 23.062 -50.196 1.475 
2 24 23.062 -50.196 -3 20 -49.375 -3 
2 24 23.062 -50.196 1.475 25.304 -52.438 1.475 
2 24 25.304 -52.437 -3 23.062 -50.196 -3 
2 24 25.304 -52.438 1.475 26.125 -55.5 1.475 
2 24 26.125 -55.5 -3 25.304 -52.437 -3 
2 24 26.125 -55.5 1.475 25.304 -58.562 1.475 
2 24 25.304 -58.562 -3 26.125 -55.5 -3 
2 24 25.304 -58.562 1.475 23.062 -60.804 1.475 
2 24 23.062 -60.804 -3 25.304 -58.562 -3 
2 24 23.062 -60.804 1.475 20 -61.625 1.475 
2 24 20 -61.625 -3 23.062 -60.804 -3 

