0 DOUBLE SPHERE 2X2X1 2/3 W/KNOB (Needs Work)
0 Name: 20953.dat
0 Author: <AuthorRealName> [<AuthorLDrawName>]
0 !LDRAW_ORG Unofficial_Part
0 !LICENSE Redistributable under CCAL version 2.0 : see CAreadme.txt

0 BFC CERTIFY CCW

0 !HISTORY 2016-03-18 {LEGO Digital Designer} Original part shape
0 !HISTORY 2016-03-18 [<AuthorLDrawName>] File preparation for LDraw Parts Tracker

0 // Needs Work: Clean necessary

0 // Outside
3 16 13.282 -8.166 0 8.376 -4.933 -0.001 12.86 -8.166 1.603 
3 16 12.86 -8.166 1.603 8.376 -4.933 -0.001 7.965 -4.865 1.532 
3 16 12.86 -8.166 1.603 7.965 -4.865 1.532 12.038 -8.166 1.654 
3 16 7.965 -4.865 1.532 8.493 -32.257 2.363 12.038 -8.166 1.654 
3 16 12.038 -8.166 1.654 8.493 -32.257 2.363 10.704 -32.257 2.228 
3 16 7.965 -4.865 -1.533 8.376 -4.933 -0.001 12.86 -8.166 -1.569 
3 16 12.86 -8.166 -1.569 8.376 -4.933 -0.001 13.282 -8.166 0 
3 16 12.86 -8.166 -1.569 12.038 -8.166 -1.617 7.965 -4.865 -1.533 
3 16 7.965 -4.865 -1.533 12.038 -8.166 -1.617 8.493 -32.257 -2.343 
3 16 12.038 -8.166 -1.617 10.704 -32.257 -2.182 8.493 -32.257 -2.343 
3 16 0 -8.166 13.282 0.001 -4.933 8.376 -1.603 -8.166 12.86 
3 16 -1.603 -8.166 12.86 0.001 -4.933 8.376 -1.532 -4.865 7.965 
3 16 -1.603 -8.166 12.86 -1.532 -4.865 7.965 -1.654 -8.166 12.038 
3 16 -1.532 -4.865 7.965 -2.363 -32.257 8.493 -1.654 -8.166 12.038 
3 16 -1.654 -8.166 12.038 -2.363 -32.257 8.493 -2.228 -32.257 10.704 
3 16 1.533 -4.865 7.965 0.001 -4.933 8.376 1.569 -8.166 12.86 
3 16 1.569 -8.166 12.86 0.001 -4.933 8.376 0 -8.166 13.282 
3 16 1.569 -8.166 12.86 1.617 -8.166 12.038 1.533 -4.865 7.965 
3 16 1.533 -4.865 7.965 1.617 -8.166 12.038 2.343 -32.257 8.493 
3 16 1.617 -8.166 12.038 2.182 -32.257 10.704 2.343 -32.257 8.493 
3 16 -13.282 -8.166 0 -8.376 -4.933 0.001 -12.86 -8.166 -1.603 
3 16 -12.86 -8.166 -1.603 -8.376 -4.933 0.001 -7.965 -4.865 -1.532 
3 16 -12.86 -8.166 -1.603 -7.965 -4.865 -1.532 -12.038 -8.166 -1.654 
3 16 -7.965 -4.865 -1.532 -8.493 -32.257 -2.363 -12.038 -8.166 -1.654 
3 16 -12.038 -8.166 -1.654 -8.493 -32.257 -2.363 -10.704 -32.257 -2.228 
3 16 -7.965 -4.865 1.533 -8.376 -4.933 0.001 -12.86 -8.166 1.569 
3 16 -12.86 -8.166 1.569 -8.376 -4.933 0.001 -13.282 -8.166 0 
3 16 -12.86 -8.166 1.569 -12.038 -8.166 1.617 -7.965 -4.865 1.533 
3 16 -7.965 -4.865 1.533 -12.038 -8.166 1.617 -8.493 -32.257 2.343 
3 16 -12.038 -8.166 1.617 -10.704 -32.257 2.182 -8.493 -32.257 2.343 
3 16 8.595 -12.993 -14.887 6.641 -8.166 -11.503 14.887 -12.993 -8.595 
3 16 14.887 -12.993 -8.595 6.641 -8.166 -11.503 11.503 -8.166 -6.641 
3 16 0 -12.993 -17.191 0 -8.166 -13.282 8.595 -12.993 -14.887 
3 16 8.595 -12.993 -14.887 0 -8.166 -13.282 6.641 -8.166 -11.503 
3 16 9.708 -18.791 -16.815 8.595 -12.993 -14.887 16.815 -18.791 -9.708 
3 16 16.815 -18.791 -9.708 8.595 -12.993 -14.887 14.887 -12.993 -8.595 
3 16 0 -18.791 -19.416 0 -12.993 -17.191 9.708 -18.791 -16.815 
3 16 9.708 -18.791 -16.815 0 -12.993 -17.191 8.595 -12.993 -14.887 
3 16 9.871 -24.993 -17.096 9.708 -18.791 -16.815 17.096 -24.993 -9.871 
3 16 17.096 -24.993 -9.871 9.708 -18.791 -16.815 16.815 -18.791 -9.708 
3 16 0 -24.993 -19.741 0 -18.791 -19.416 9.871 -24.993 -17.096 
3 16 9.871 -24.993 -17.096 0 -18.791 -19.416 9.708 -18.791 -16.815 
3 16 9.067 -30.992 -15.704 9.871 -24.993 -17.096 15.704 -30.992 -9.067 
3 16 15.704 -30.992 -9.067 9.871 -24.993 -17.096 17.096 -24.993 -9.871 
3 16 0 -30.992 -18.134 0 -24.993 -19.741 9.067 -30.992 -15.704 
3 16 9.067 -30.992 -15.704 0 -24.993 -19.741 9.871 -24.993 -17.096 
3 16 7.376 -36.2 -12.775 9.067 -30.992 -15.704 12.775 -36.2 -7.376 
3 16 12.775 -36.2 -7.376 9.067 -30.992 -15.704 15.704 -30.992 -9.067 
3 16 0 -36.2 -14.751 0 -30.992 -18.134 7.376 -36.2 -12.775 
3 16 7.376 -36.2 -12.775 0 -30.992 -18.134 9.067 -30.992 -15.704 
3 16 5.084 -39.951 -8.805 7.376 -36.2 -12.775 8.805 -39.951 -5.084 
3 16 8.805 -39.951 -5.084 7.376 -36.2 -12.775 12.775 -36.2 -7.376 
3 16 0 -39.951 -10.168 0 -36.2 -14.751 5.084 -39.951 -8.805 
3 16 5.084 -39.951 -8.805 0 -36.2 -14.751 7.376 -36.2 -12.775 
3 16 6.247 -8.166 -10.82 6.641 -8.166 -11.503 0 -8.166 -12.494 
3 16 0 -8.166 -12.494 6.641 -8.166 -11.503 0 -8.166 -13.282 
3 16 0 -8.166 -12.494 0 -32.257 -11.301 6.247 -8.166 -10.82 
3 16 6.247 -8.166 -10.82 0 -32.257 -11.301 5.651 -32.257 -9.787 
3 16 0 -39.951 -10.168 5.084 -39.951 -8.805 0 -39.951 0 
3 16 0 -32.257 -11.301 0 -32.257 -9.121 5.651 -32.257 -9.787 
3 16 5.651 -32.257 -9.787 0 -32.257 -9.121 9.787 -32.257 -5.651 
3 16 9.787 -32.257 -5.651 0 -32.257 -9.121 9.121 -32.257 0 
3 16 11.301 -32.257 0 9.787 -32.257 -5.651 9.121 -32.257 0 
3 16 0 -39.951 0 5.084 -39.951 -8.805 8.805 -39.951 -5.084 
3 16 14.887 -12.993 -8.595 11.503 -8.166 -6.641 17.191 -12.993 0 
3 16 17.191 -12.993 0 11.503 -8.166 -6.641 13.282 -8.166 0 
3 16 16.815 -18.791 -9.708 14.887 -12.993 -8.595 19.416 -18.791 0 
3 16 19.416 -18.791 0 14.887 -12.993 -8.595 17.191 -12.993 0 
3 16 17.096 -24.993 -9.871 16.815 -18.791 -9.708 19.741 -24.993 0 
3 16 19.741 -24.993 0 16.815 -18.791 -9.708 19.416 -18.791 0 
3 16 15.704 -30.992 -9.067 17.096 -24.993 -9.871 18.134 -30.992 0 
3 16 18.134 -30.992 0 17.096 -24.993 -9.871 19.741 -24.993 0 
3 16 12.775 -36.2 -7.376 15.704 -30.992 -9.067 14.751 -36.2 0 
3 16 14.751 -36.2 0 15.704 -30.992 -9.067 18.134 -30.992 0 
3 16 8.805 -39.951 -5.084 12.775 -36.2 -7.376 10.168 -39.951 0 
3 16 10.168 -39.951 0 12.775 -36.2 -7.376 14.751 -36.2 0 
3 16 10.82 -8.166 -6.247 11.503 -8.166 -6.641 6.247 -8.166 -10.82 
3 16 6.247 -8.166 -10.82 11.503 -8.166 -6.641 6.641 -8.166 -11.503 
3 16 6.247 -8.166 -10.82 5.651 -32.257 -9.787 10.82 -8.166 -6.247 
3 16 10.82 -8.166 -6.247 5.651 -32.257 -9.787 9.787 -32.257 -5.651 
3 16 8.805 -39.951 -5.084 10.168 -39.951 0 0 -39.951 0 
3 16 12.494 -8.166 0 13.282 -8.166 0 10.82 -8.166 -6.247 
3 16 10.82 -8.166 -6.247 13.282 -8.166 0 11.503 -8.166 -6.641 
3 16 11.301 -32.257 0 12.494 -8.166 0 9.787 -32.257 -5.651 
3 16 9.787 -32.257 -5.651 12.494 -8.166 0 10.82 -8.166 -6.247 
3 16 14.887 -12.993 8.595 11.503 -8.166 6.641 8.595 -12.993 14.887 
3 16 8.595 -12.993 14.887 11.503 -8.166 6.641 6.641 -8.166 11.503 
3 16 17.191 -12.993 0 13.282 -8.166 0 14.887 -12.993 8.595 
3 16 14.887 -12.993 8.595 13.282 -8.166 0 11.503 -8.166 6.641 
3 16 16.815 -18.791 9.708 14.887 -12.993 8.595 9.708 -18.791 16.815 
3 16 9.708 -18.791 16.815 14.887 -12.993 8.595 8.595 -12.993 14.887 
3 16 19.416 -18.791 0 17.191 -12.993 0 16.815 -18.791 9.708 
3 16 16.815 -18.791 9.708 17.191 -12.993 0 14.887 -12.993 8.595 
3 16 17.096 -24.993 9.871 16.815 -18.791 9.708 9.871 -24.993 17.096 
3 16 9.871 -24.993 17.096 16.815 -18.791 9.708 9.708 -18.791 16.815 
3 16 19.741 -24.993 0 19.416 -18.791 0 17.096 -24.993 9.871 
3 16 17.096 -24.993 9.871 19.416 -18.791 0 16.815 -18.791 9.708 
3 16 15.704 -30.992 9.067 17.096 -24.993 9.871 9.067 -30.992 15.704 
3 16 9.067 -30.992 15.704 17.096 -24.993 9.871 9.871 -24.993 17.096 
3 16 18.134 -30.992 0 19.741 -24.993 0 15.704 -30.992 9.067 
3 16 15.704 -30.992 9.067 19.741 -24.993 0 17.096 -24.993 9.871 
3 16 12.775 -36.2 7.376 15.704 -30.992 9.067 7.376 -36.2 12.775 
3 16 7.376 -36.2 12.775 15.704 -30.992 9.067 9.067 -30.992 15.704 
3 16 14.751 -36.2 0 18.134 -30.992 0 12.775 -36.2 7.376 
3 16 12.775 -36.2 7.376 18.134 -30.992 0 15.704 -30.992 9.067 
3 16 8.805 -39.951 5.084 12.775 -36.2 7.376 5.084 -39.951 8.805 
3 16 5.084 -39.951 8.805 12.775 -36.2 7.376 7.376 -36.2 12.775 
3 16 10.168 -39.951 0 14.751 -36.2 0 8.805 -39.951 5.084 
3 16 8.805 -39.951 5.084 14.751 -36.2 0 12.775 -36.2 7.376 
3 16 10.82 -8.166 6.247 11.503 -8.166 6.641 12.494 -8.166 0 
3 16 12.494 -8.166 0 11.503 -8.166 6.641 13.282 -8.166 0 
3 16 12.494 -8.166 0 11.301 -32.257 0 10.82 -8.166 6.247 
3 16 10.82 -8.166 6.247 11.301 -32.257 0 9.787 -32.257 5.651 
3 16 10.168 -39.951 0 8.805 -39.951 5.084 0 -39.951 0 
3 16 11.301 -32.257 0 9.121 -32.257 0 9.787 -32.257 5.651 
3 16 9.787 -32.257 5.651 9.121 -32.257 0 5.651 -32.257 9.787 
3 16 5.651 -32.257 9.787 9.121 -32.257 0 0 -32.257 9.121 
3 16 0 -32.257 11.301 5.651 -32.257 9.787 0 -32.257 9.121 
3 16 0 -39.951 0 8.805 -39.951 5.084 5.084 -39.951 8.805 
3 16 8.595 -12.993 14.887 6.641 -8.166 11.503 0 -12.993 17.191 
3 16 0 -12.993 17.191 6.641 -8.166 11.503 0 -8.166 13.282 
3 16 9.708 -18.791 16.815 8.595 -12.993 14.887 0 -18.791 19.416 
3 16 0 -18.791 19.416 8.595 -12.993 14.887 0 -12.993 17.191 
3 16 9.871 -24.993 17.096 9.708 -18.791 16.815 0 -24.993 19.741 
3 16 0 -24.993 19.741 9.708 -18.791 16.815 0 -18.791 19.416 
3 16 9.067 -30.992 15.704 9.871 -24.993 17.096 0 -30.992 18.134 
3 16 0 -30.992 18.134 9.871 -24.993 17.096 0 -24.993 19.741 
3 16 7.376 -36.2 12.775 9.067 -30.992 15.704 0 -36.2 14.751 
3 16 0 -36.2 14.751 9.067 -30.992 15.704 0 -30.992 18.134 
3 16 5.084 -39.951 8.805 7.376 -36.2 12.775 0 -39.951 10.168 
3 16 0 -39.951 10.168 7.376 -36.2 12.775 0 -36.2 14.751 
3 16 6.247 -8.166 10.82 6.641 -8.166 11.503 10.82 -8.166 6.247 
3 16 10.82 -8.166 6.247 6.641 -8.166 11.503 11.503 -8.166 6.641 
3 16 10.82 -8.166 6.247 9.787 -32.257 5.651 6.247 -8.166 10.82 
3 16 6.247 -8.166 10.82 9.787 -32.257 5.651 5.651 -32.257 9.787 
3 16 5.084 -39.951 8.805 0 -39.951 10.168 0 -39.951 0 
3 16 0 -8.166 12.494 0 -8.166 13.282 6.247 -8.166 10.82 
3 16 6.247 -8.166 10.82 0 -8.166 13.282 6.641 -8.166 11.503 
3 16 0 -32.257 11.301 0 -8.166 12.494 5.651 -32.257 9.787 
3 16 5.651 -32.257 9.787 0 -8.166 12.494 6.247 -8.166 10.82 
3 16 -8.595 -12.993 14.887 -6.641 -8.166 11.503 -14.887 -12.993 8.595 
3 16 -14.887 -12.993 8.595 -6.641 -8.166 11.503 -11.503 -8.166 6.641 
3 16 0 -12.993 17.191 0 -8.166 13.282 -8.595 -12.993 14.887 
3 16 -8.595 -12.993 14.887 0 -8.166 13.282 -6.641 -8.166 11.503 
3 16 -9.708 -18.791 16.815 -8.595 -12.993 14.887 -16.815 -18.791 9.708 
3 16 -16.815 -18.791 9.708 -8.595 -12.993 14.887 -14.887 -12.993 8.595 
3 16 0 -18.791 19.416 0 -12.993 17.191 -9.708 -18.791 16.815 
3 16 -9.708 -18.791 16.815 0 -12.993 17.191 -8.595 -12.993 14.887 
3 16 -9.871 -24.993 17.096 -9.708 -18.791 16.815 -17.096 -24.993 9.871 
3 16 -17.096 -24.993 9.871 -9.708 -18.791 16.815 -16.815 -18.791 9.708 
3 16 0 -24.993 19.741 0 -18.791 19.416 -9.871 -24.993 17.096 
3 16 -9.871 -24.993 17.096 0 -18.791 19.416 -9.708 -18.791 16.815 
3 16 -9.067 -30.992 15.704 -9.871 -24.993 17.096 -15.704 -30.992 9.067 
3 16 -15.704 -30.992 9.067 -9.871 -24.993 17.096 -17.096 -24.993 9.871 
3 16 0 -30.992 18.134 0 -24.993 19.741 -9.067 -30.992 15.704 
3 16 -9.067 -30.992 15.704 0 -24.993 19.741 -9.871 -24.993 17.096 
3 16 -7.376 -36.2 12.775 -9.067 -30.992 15.704 -12.775 -36.2 7.376 
3 16 -12.775 -36.2 7.376 -9.067 -30.992 15.704 -15.704 -30.992 9.067 
3 16 0 -36.2 14.751 0 -30.992 18.134 -7.376 -36.2 12.775 
3 16 -7.376 -36.2 12.775 0 -30.992 18.134 -9.067 -30.992 15.704 
3 16 -5.084 -39.951 8.805 -7.376 -36.2 12.775 -8.805 -39.951 5.084 
3 16 -8.805 -39.951 5.084 -7.376 -36.2 12.775 -12.775 -36.2 7.376 
3 16 0 -39.951 10.168 0 -36.2 14.751 -5.084 -39.951 8.805 
3 16 -5.084 -39.951 8.805 0 -36.2 14.751 -7.376 -36.2 12.775 
3 16 -6.247 -8.166 10.82 -6.641 -8.166 11.503 0 -8.166 12.494 
3 16 0 -8.166 12.494 -6.641 -8.166 11.503 0 -8.166 13.282 
3 16 0 -8.166 12.494 0 -32.257 11.301 -6.247 -8.166 10.82 
3 16 -6.247 -8.166 10.82 0 -32.257 11.301 -5.651 -32.257 9.787 
3 16 0 -39.951 10.168 -5.084 -39.951 8.805 0 -39.951 0 
3 16 0 -32.257 11.301 0 -32.257 9.121 -5.651 -32.257 9.787 
3 16 -5.651 -32.257 9.787 0 -32.257 9.121 -9.787 -32.257 5.651 
3 16 -9.787 -32.257 5.651 0 -32.257 9.121 -9.121 -32.257 0 
3 16 -11.301 -32.257 0 -9.787 -32.257 5.651 -9.121 -32.257 0 
3 16 0 -39.951 0 -5.084 -39.951 8.805 -8.805 -39.951 5.084 
3 16 -14.887 -12.993 8.595 -11.503 -8.166 6.641 -17.191 -12.993 0 
3 16 -17.191 -12.993 0 -11.503 -8.166 6.641 -13.282 -8.166 0 
3 16 -16.815 -18.791 9.708 -14.887 -12.993 8.595 -19.416 -18.791 0 
3 16 -19.416 -18.791 0 -14.887 -12.993 8.595 -17.191 -12.993 0 
3 16 -17.096 -24.993 9.871 -16.815 -18.791 9.708 -19.741 -24.993 0 
3 16 -19.741 -24.993 0 -16.815 -18.791 9.708 -19.416 -18.791 0 
3 16 -15.704 -30.992 9.067 -17.096 -24.993 9.871 -18.134 -30.992 0 
3 16 -18.134 -30.992 0 -17.096 -24.993 9.871 -19.741 -24.993 0 
3 16 -12.775 -36.2 7.376 -15.704 -30.992 9.067 -14.751 -36.2 0 
3 16 -14.751 -36.2 0 -15.704 -30.992 9.067 -18.134 -30.992 0 
3 16 -8.805 -39.951 5.084 -12.775 -36.2 7.376 -10.168 -39.951 0 
3 16 -10.168 -39.951 0 -12.775 -36.2 7.376 -14.751 -36.2 0 
3 16 -10.82 -8.166 6.247 -11.503 -8.166 6.641 -6.247 -8.166 10.82 
3 16 -6.247 -8.166 10.82 -11.503 -8.166 6.641 -6.641 -8.166 11.503 
3 16 -6.247 -8.166 10.82 -5.651 -32.257 9.787 -10.82 -8.166 6.247 
3 16 -10.82 -8.166 6.247 -5.651 -32.257 9.787 -9.787 -32.257 5.651 
3 16 -8.805 -39.951 5.084 -10.168 -39.951 0 0 -39.951 0 
3 16 -12.494 -8.166 0 -13.282 -8.166 0 -10.82 -8.166 6.247 
3 16 -10.82 -8.166 6.247 -13.282 -8.166 0 -11.503 -8.166 6.641 
3 16 -11.301 -32.257 0 -12.494 -8.166 0 -9.787 -32.257 5.651 
3 16 -9.787 -32.257 5.651 -12.494 -8.166 0 -10.82 -8.166 6.247 
3 16 -14.887 -12.993 -8.595 -11.503 -8.166 -6.641 -8.595 -12.993 -14.887 
3 16 -8.595 -12.993 -14.887 -11.503 -8.166 -6.641 -6.641 -8.166 -11.503 
3 16 -17.191 -12.993 0 -13.282 -8.166 0 -14.887 -12.993 -8.595 
3 16 -14.887 -12.993 -8.595 -13.282 -8.166 0 -11.503 -8.166 -6.641 
3 16 -16.815 -18.791 -9.708 -14.887 -12.993 -8.595 -9.708 -18.791 -16.815 
3 16 -9.708 -18.791 -16.815 -14.887 -12.993 -8.595 -8.595 -12.993 -14.887 
3 16 -19.416 -18.791 0 -17.191 -12.993 0 -16.815 -18.791 -9.708 
3 16 -16.815 -18.791 -9.708 -17.191 -12.993 0 -14.887 -12.993 -8.595 
3 16 -17.096 -24.993 -9.871 -16.815 -18.791 -9.708 -9.871 -24.993 -17.096 
3 16 -9.871 -24.993 -17.096 -16.815 -18.791 -9.708 -9.708 -18.791 -16.815 
3 16 -19.741 -24.993 0 -19.416 -18.791 0 -17.096 -24.993 -9.871 
3 16 -17.096 -24.993 -9.871 -19.416 -18.791 0 -16.815 -18.791 -9.708 
3 16 -15.704 -30.992 -9.067 -17.096 -24.993 -9.871 -9.067 -30.992 -15.704 
3 16 -9.067 -30.992 -15.704 -17.096 -24.993 -9.871 -9.871 -24.993 -17.096 
3 16 -18.134 -30.992 0 -19.741 -24.993 0 -15.704 -30.992 -9.067 
3 16 -15.704 -30.992 -9.067 -19.741 -24.993 0 -17.096 -24.993 -9.871 
3 16 -12.775 -36.2 -7.376 -15.704 -30.992 -9.067 -7.376 -36.2 -12.775 
3 16 -7.376 -36.2 -12.775 -15.704 -30.992 -9.067 -9.067 -30.992 -15.704 
3 16 -14.751 -36.2 0 -18.134 -30.992 0 -12.775 -36.2 -7.376 
3 16 -12.775 -36.2 -7.376 -18.134 -30.992 0 -15.704 -30.992 -9.067 
3 16 -8.805 -39.951 -5.084 -12.775 -36.2 -7.376 -5.084 -39.951 -8.805 
3 16 -5.084 -39.951 -8.805 -12.775 -36.2 -7.376 -7.376 -36.2 -12.775 
3 16 -10.168 -39.951 0 -14.751 -36.2 0 -8.805 -39.951 -5.084 
3 16 -8.805 -39.951 -5.084 -14.751 -36.2 0 -12.775 -36.2 -7.376 
3 16 -10.82 -8.166 -6.247 -11.503 -8.166 -6.641 -12.494 -8.166 0 
3 16 -12.494 -8.166 0 -11.503 -8.166 -6.641 -13.282 -8.166 0 
3 16 -12.494 -8.166 0 -11.301 -32.257 0 -10.82 -8.166 -6.247 
3 16 -10.82 -8.166 -6.247 -11.301 -32.257 0 -9.787 -32.257 -5.651 
3 16 -10.168 -39.951 0 -8.805 -39.951 -5.084 0 -39.951 0 
3 16 -11.301 -32.257 0 -9.121 -32.257 0 -9.787 -32.257 -5.651 
3 16 -9.787 -32.257 -5.651 -9.121 -32.257 0 -5.651 -32.257 -9.787 
3 16 -5.651 -32.257 -9.787 -9.121 -32.257 0 0 -32.257 -9.121 
3 16 0 -32.257 -11.301 -5.651 -32.257 -9.787 0 -32.257 -9.121 
3 16 0 -39.951 0 -8.805 -39.951 -5.084 -5.084 -39.951 -8.805 
3 16 -8.595 -12.993 -14.887 -6.641 -8.166 -11.503 0 -12.993 -17.191 
3 16 0 -12.993 -17.191 -6.641 -8.166 -11.503 0 -8.166 -13.282 
3 16 -9.708 -18.791 -16.815 -8.595 -12.993 -14.887 0 -18.791 -19.416 
3 16 0 -18.791 -19.416 -8.595 -12.993 -14.887 0 -12.993 -17.191 
3 16 -9.871 -24.993 -17.096 -9.708 -18.791 -16.815 0 -24.993 -19.741 
3 16 0 -24.993 -19.741 -9.708 -18.791 -16.815 0 -18.791 -19.416 
3 16 -9.067 -30.992 -15.704 -9.871 -24.993 -17.096 0 -30.992 -18.134 
3 16 0 -30.992 -18.134 -9.871 -24.993 -17.096 0 -24.993 -19.741 
3 16 -7.376 -36.2 -12.775 -9.067 -30.992 -15.704 0 -36.2 -14.751 
3 16 0 -36.2 -14.751 -9.067 -30.992 -15.704 0 -30.992 -18.134 
3 16 -5.084 -39.951 -8.805 -7.376 -36.2 -12.775 0 -39.951 -10.168 
3 16 0 -39.951 -10.168 -7.376 -36.2 -12.775 0 -36.2 -14.751 
3 16 -6.247 -8.166 -10.82 -6.641 -8.166 -11.503 -10.82 -8.166 -6.247 
3 16 -10.82 -8.166 -6.247 -6.641 -8.166 -11.503 -11.503 -8.166 -6.641 
3 16 -10.82 -8.166 -6.247 -9.787 -32.257 -5.651 -6.247 -8.166 -10.82 
3 16 -6.247 -8.166 -10.82 -9.787 -32.257 -5.651 -5.651 -32.257 -9.787 
3 16 -5.084 -39.951 -8.805 0 -39.951 -10.168 0 -39.951 0 
3 16 0 -8.166 -12.494 0 -8.166 -13.282 -6.247 -8.166 -10.82 
3 16 -6.247 -8.166 -10.82 0 -8.166 -13.282 -6.641 -8.166 -11.503 
3 16 0 -32.257 -11.301 0 -8.166 -12.494 -5.651 -32.257 -9.787 
3 16 -5.651 -32.257 -9.787 0 -8.166 -12.494 -6.247 -8.166 -10.82 
3 16 7.145 0 4.125 7.899 -32.257 4.56 8.25 0 0 
3 16 8.25 0 0 7.899 -32.257 4.56 9.121 -32.257 0 
3 16 4.125 0 7.145 4.56 -32.257 7.899 7.145 0 4.125 
3 16 7.145 0 4.125 4.56 -32.257 7.899 7.899 -32.257 4.56 
3 16 0 0 8.25 0 -32.257 9.121 4.125 0 7.145 
3 16 4.125 0 7.145 0 -32.257 9.121 4.56 -32.257 7.899 
3 16 4.125 0 -7.145 4.56 -32.257 -7.899 0 0 -8.25 
3 16 0 0 -8.25 4.56 -32.257 -7.899 0 -32.257 -9.121 
3 16 7.145 0 -4.125 7.899 -32.257 -4.56 4.125 0 -7.145 
3 16 4.125 0 -7.145 7.899 -32.257 -4.56 4.56 -32.257 -7.899 
3 16 8.25 0 0 9.121 -32.257 0 7.145 0 -4.125 
3 16 7.145 0 -4.125 9.121 -32.257 0 7.899 -32.257 -4.56 
3 16 -7.145 0 -4.125 -7.899 -32.257 -4.56 -8.25 0 0 
3 16 -8.25 0 0 -7.899 -32.257 -4.56 -9.121 -32.257 0 
3 16 -4.125 0 -7.145 -4.56 -32.257 -7.899 -7.145 0 -4.125 
3 16 -7.145 0 -4.125 -4.56 -32.257 -7.899 -7.899 -32.257 -4.56 
3 16 0 0 -8.25 0 -32.257 -9.121 -4.125 0 -7.145 
3 16 -4.125 0 -7.145 0 -32.257 -9.121 -4.56 -32.257 -7.899 
3 16 -4.125 0 7.145 -4.56 -32.257 7.899 0 0 8.25 
3 16 0 0 8.25 -4.56 -32.257 7.899 0 -32.257 9.121 
3 16 -7.145 0 4.125 -7.899 -32.257 4.56 -4.125 0 7.145 
3 16 -4.125 0 7.145 -7.899 -32.257 4.56 -4.56 -32.257 7.899 
3 16 -8.25 0 0 -9.121 -32.257 0 -7.145 0 4.125 
3 16 -7.145 0 4.125 -9.121 -32.257 0 -7.899 -32.257 4.56 
3 16 0 -8.166 -13.282 -0.001 -4.933 -8.376 1.603 -8.166 -12.86 
3 16 1.603 -8.166 -12.86 -0.001 -4.933 -8.376 1.532 -4.865 -7.965 
3 16 1.603 -8.166 -12.86 1.532 -4.865 -7.965 1.654 -8.166 -12.038 
3 16 1.532 -4.865 -7.965 2.363 -32.257 -8.493 1.654 -8.166 -12.038 
3 16 1.654 -8.166 -12.038 2.363 -32.257 -8.493 2.228 -32.257 -10.704 
3 16 -1.533 -4.865 -7.965 -0.001 -4.933 -8.376 -1.569 -8.166 -12.86 
3 16 -1.569 -8.166 -12.86 -0.001 -4.933 -8.376 0 -8.166 -13.282 
3 16 -1.569 -8.166 -12.86 -1.617 -8.166 -12.038 -1.533 -4.865 -7.965 
3 16 -1.533 -4.865 -7.965 -1.617 -8.166 -12.038 -2.343 -32.257 -8.493 
3 16 -1.617 -8.166 -12.038 -2.182 -32.257 -10.704 -2.343 -32.257 -8.493 
3 16 9.01 -12.211 -7.758 8.404 -12.166 -8.404 6.511 -12.171 -5.2 
3 16 6.511 -12.171 -5.2 8.404 -12.166 -8.404 5.848 -11.645 -5.848 
3 16 7.759 -12.17 -9.011 5.232 -12.197 -6.491 8.404 -12.166 -8.404 
3 16 8.404 -12.166 -8.404 5.232 -12.197 -6.491 5.848 -11.645 -5.848 
3 16 7.048 -32.257 -5.437 8.632 -32.257 -6.813 6.511 -12.171 -5.2 
3 16 6.511 -12.171 -5.2 8.632 -32.257 -6.813 9.01 -12.211 -7.758 
3 16 5.375 -32.257 -7.087 5.232 -12.197 -6.491 6.781 -32.257 -8.655 
3 16 6.781 -32.257 -8.655 5.232 -12.197 -6.491 7.759 -12.17 -9.011 
2 24 12.86 -8.166 1.603 13.282 -8.166 0 
2 24 8.376 -4.933 -0.001 7.965 -4.865 1.532 
2 24 7.965 -4.865 1.532 12.86 -8.166 1.603 
2 24 12.038 -8.166 1.654 12.86 -8.166 1.603 
2 24 7.965 -4.865 1.532 8.493 -32.257 2.363 
2 24 8.493 -32.257 2.363 10.704 -32.257 2.228 
2 24 10.704 -32.257 2.228 12.038 -8.166 1.654 
2 24 7.965 -4.865 -1.533 8.376 -4.933 -0.001 
2 24 12.86 -8.166 -1.569 7.965 -4.865 -1.533 
2 24 13.282 -8.166 0 12.86 -8.166 -1.569 
2 24 12.86 -8.166 -1.569 12.038 -8.166 -1.617 
2 24 8.493 -32.257 -2.343 7.965 -4.865 -1.533 
2 24 12.038 -8.166 -1.617 10.704 -32.257 -2.182 
2 24 10.704 -32.257 -2.182 8.493 -32.257 -2.343 
2 24 -1.603 -8.166 12.86 0 -8.166 13.282 
2 24 0.001 -4.933 8.376 -1.532 -4.865 7.965 
2 24 -1.532 -4.865 7.965 -1.603 -8.166 12.86 
2 24 -1.654 -8.166 12.038 -1.603 -8.166 12.86 
2 24 -1.532 -4.865 7.965 -2.363 -32.257 8.493 
2 24 -2.363 -32.257 8.493 -2.228 -32.257 10.704 
2 24 -2.228 -32.257 10.704 -1.654 -8.166 12.038 
2 24 1.533 -4.865 7.965 0.001 -4.933 8.376 
2 24 1.569 -8.166 12.86 1.533 -4.865 7.965 
2 24 0 -8.166 13.282 1.569 -8.166 12.86 
2 24 1.569 -8.166 12.86 1.617 -8.166 12.038 
2 24 2.343 -32.257 8.493 1.533 -4.865 7.965 
2 24 1.617 -8.166 12.038 2.182 -32.257 10.704 
2 24 2.182 -32.257 10.704 2.343 -32.257 8.493 
2 24 -12.86 -8.166 -1.603 -13.282 -8.166 0 
2 24 -8.376 -4.933 0.001 -7.965 -4.865 -1.532 
2 24 -7.965 -4.865 -1.532 -12.86 -8.166 -1.603 
2 24 -12.038 -8.166 -1.654 -12.86 -8.166 -1.603 
2 24 -7.965 -4.865 -1.532 -8.493 -32.257 -2.363 
2 24 -8.493 -32.257 -2.363 -10.704 -32.257 -2.228 
2 24 -10.704 -32.257 -2.228 -12.038 -8.166 -1.654 
2 24 -7.965 -4.865 1.533 -8.376 -4.933 0.001 
2 24 -12.86 -8.166 1.569 -7.965 -4.865 1.533 
2 24 -13.282 -8.166 0 -12.86 -8.166 1.569 
2 24 -12.86 -8.166 1.569 -12.038 -8.166 1.617 
2 24 -8.493 -32.257 2.343 -7.965 -4.865 1.533 
2 24 -12.038 -8.166 1.617 -10.704 -32.257 2.182 
2 24 -10.704 -32.257 2.182 -8.493 -32.257 2.343 
2 24 6.641 -8.166 -11.503 11.503 -8.166 -6.641 
2 24 0 -8.166 -13.282 6.641 -8.166 -11.503 
2 24 8.805 -39.951 -5.084 5.084 -39.951 -8.805 
2 24 5.084 -39.951 -8.805 0 -39.951 -10.168 
2 24 0 -8.166 -12.494 6.247 -8.166 -10.82 
2 24 0 -32.257 -11.301 5.651 -32.257 -9.787 
2 24 9.787 -32.257 -5.651 5.651 -32.257 -9.787 
2 24 0 -32.257 -9.121 9.121 -32.257 0 
2 24 11.301 -32.257 0 9.787 -32.257 -5.651 
2 24 11.503 -8.166 -6.641 13.282 -8.166 0 
2 24 10.168 -39.951 0 8.805 -39.951 -5.084 
2 24 6.247 -8.166 -10.82 10.82 -8.166 -6.247 
2 24 10.82 -8.166 -6.247 12.494 -8.166 0 
2 24 11.503 -8.166 6.641 6.641 -8.166 11.503 
2 24 13.282 -8.166 0 11.503 -8.166 6.641 
2 24 5.084 -39.951 8.805 8.805 -39.951 5.084 
2 24 8.805 -39.951 5.084 10.168 -39.951 0 
2 24 12.494 -8.166 0 10.82 -8.166 6.247 
2 24 11.301 -32.257 0 9.787 -32.257 5.651 
2 24 5.651 -32.257 9.787 9.787 -32.257 5.651 
2 24 9.121 -32.257 0 0 -32.257 9.121 
2 24 0 -32.257 11.301 5.651 -32.257 9.787 
2 24 6.641 -8.166 11.503 0 -8.166 13.282 
2 24 0 -39.951 10.168 5.084 -39.951 8.805 
2 24 10.82 -8.166 6.247 6.247 -8.166 10.82 
2 24 6.247 -8.166 10.82 0 -8.166 12.494 
2 24 -6.641 -8.166 11.503 -11.503 -8.166 6.641 
2 24 0 -8.166 13.282 -6.641 -8.166 11.503 
2 24 -8.805 -39.951 5.084 -5.084 -39.951 8.805 
2 24 -5.084 -39.951 8.805 0 -39.951 10.168 
2 24 0 -8.166 12.494 -6.247 -8.166 10.82 
2 24 0 -32.257 11.301 -5.651 -32.257 9.787 
2 24 -9.787 -32.257 5.651 -5.651 -32.257 9.787 
2 24 0 -32.257 9.121 -9.121 -32.257 0 
2 24 -11.301 -32.257 0 -9.787 -32.257 5.651 
2 24 -11.503 -8.166 6.641 -13.282 -8.166 0 
2 24 -10.168 -39.951 0 -8.805 -39.951 5.084 
2 24 -6.247 -8.166 10.82 -10.82 -8.166 6.247 
2 24 -10.82 -8.166 6.247 -12.494 -8.166 0 
2 24 -11.503 -8.166 -6.641 -6.641 -8.166 -11.503 
2 24 -13.282 -8.166 0 -11.503 -8.166 -6.641 
2 24 -5.084 -39.951 -8.805 -8.805 -39.951 -5.084 
2 24 -8.805 -39.951 -5.084 -10.168 -39.951 0 
2 24 -12.494 -8.166 0 -10.82 -8.166 -6.247 
2 24 -11.301 -32.257 0 -9.787 -32.257 -5.651 
2 24 -5.651 -32.257 -9.787 -9.787 -32.257 -5.651 
2 24 -9.121 -32.257 0 0 -32.257 -9.121 
2 24 0 -32.257 -11.301 -5.651 -32.257 -9.787 
2 24 -6.641 -8.166 -11.503 0 -8.166 -13.282 
2 24 0 -39.951 -10.168 -5.084 -39.951 -8.805 
2 24 -10.82 -8.166 -6.247 -6.247 -8.166 -10.82 
2 24 -6.247 -8.166 -10.82 0 -8.166 -12.494 
2 24 8.25 0 0 7.145 0 4.125 
2 24 7.899 -32.257 4.56 9.121 -32.257 0 
2 24 7.145 0 4.125 4.125 0 7.145 
2 24 4.56 -32.257 7.899 7.899 -32.257 4.56 
2 24 4.125 0 7.145 0 0 8.25 
2 24 0 -32.257 9.121 4.56 -32.257 7.899 
2 24 0 0 -8.25 4.125 0 -7.145 
2 24 4.56 -32.257 -7.899 0 -32.257 -9.121 
2 24 4.125 0 -7.145 7.145 0 -4.125 
2 24 7.899 -32.257 -4.56 4.56 -32.257 -7.899 
2 24 7.145 0 -4.125 8.25 0 0 
2 24 9.121 -32.257 0 7.899 -32.257 -4.56 
2 24 -8.25 0 0 -7.145 0 -4.125 
2 24 -7.899 -32.257 -4.56 -9.121 -32.257 0 
2 24 -7.145 0 -4.125 -4.125 0 -7.145 
2 24 -4.56 -32.257 -7.899 -7.899 -32.257 -4.56 
2 24 -4.125 0 -7.145 0 0 -8.25 
2 24 0 -32.257 -9.121 -4.56 -32.257 -7.899 
2 24 0 0 8.25 -4.125 0 7.145 
2 24 -4.56 -32.257 7.899 0 -32.257 9.121 
2 24 -4.125 0 7.145 -7.145 0 4.125 
2 24 -7.899 -32.257 4.56 -4.56 -32.257 7.899 
2 24 -7.145 0 4.125 -8.25 0 0 
2 24 -9.121 -32.257 0 -7.899 -32.257 4.56 
2 24 1.603 -8.166 -12.86 0 -8.166 -13.282 
2 24 -0.001 -4.933 -8.376 1.532 -4.865 -7.965 
2 24 1.532 -4.865 -7.965 1.603 -8.166 -12.86 
2 24 1.654 -8.166 -12.038 1.603 -8.166 -12.86 
2 24 1.532 -4.865 -7.965 2.363 -32.257 -8.493 
2 24 2.363 -32.257 -8.493 2.228 -32.257 -10.704 
2 24 2.228 -32.257 -10.704 1.654 -8.166 -12.038 
2 24 -1.533 -4.865 -7.965 -0.001 -4.933 -8.376 
2 24 -1.569 -8.166 -12.86 -1.533 -4.865 -7.965 
2 24 0 -8.166 -13.282 -1.569 -8.166 -12.86 
2 24 -1.569 -8.166 -12.86 -1.617 -8.166 -12.038 
2 24 -2.343 -32.257 -8.493 -1.533 -4.865 -7.965 
2 24 -1.617 -8.166 -12.038 -2.182 -32.257 -10.704 
2 24 -2.182 -32.257 -10.704 -2.343 -32.257 -8.493 
2 24 9.01 -12.211 -7.758 8.404 -12.166 -8.404 
2 24 6.511 -12.171 -5.2 9.01 -12.211 -7.758 
2 24 5.848 -11.645 -5.848 6.511 -12.171 -5.2 
2 24 7.759 -12.17 -9.011 5.232 -12.197 -6.491 
2 24 8.404 -12.166 -8.404 7.759 -12.17 -9.011 
2 24 5.232 -12.197 -6.491 5.848 -11.645 -5.848 
2 24 7.048 -32.257 -5.437 8.632 -32.257 -6.813 
2 24 6.511 -12.171 -5.2 7.048 -32.257 -5.437 
2 24 8.632 -32.257 -6.813 9.01 -12.211 -7.758 
2 24 5.375 -32.257 -7.087 5.232 -12.197 -6.491 
2 24 6.781 -32.257 -8.655 5.375 -32.257 -7.087 
2 24 7.759 -12.17 -9.011 6.781 -32.257 -8.655 

0 // Stud4
3 16 6.125 0 0 6.125 -38.337 0 5.304 0 3.062 
3 16 5.304 0 3.062 6.125 -38.337 0 5.304 -38.337 3.062 
3 16 5.304 -38.337 3.062 6.125 -38.337 0 0 -38.337 0 
3 16 8.25 0 0 6.125 0 0 7.145 0 4.125 
3 16 7.145 0 4.125 6.125 0 0 5.304 0 3.062 
3 16 3.062 -38.337 5.304 3.062 0 5.304 5.304 -38.337 3.062 
3 16 5.304 -38.337 3.062 3.062 0 5.304 5.304 0 3.062 
3 16 0 -38.337 6.125 0 0 6.125 3.062 -38.337 5.304 
3 16 3.062 -38.337 5.304 0 0 6.125 3.062 0 5.304 
3 16 0 -38.337 0 3.062 -38.337 5.304 5.304 -38.337 3.062 
3 16 0 -38.337 0 0 -38.337 6.125 3.062 -38.337 5.304 
3 16 3.062 0 5.304 4.125 0 7.145 5.304 0 3.062 
3 16 5.304 0 3.062 4.125 0 7.145 7.145 0 4.125 
3 16 0 0 6.125 0 0 8.25 3.062 0 5.304 
3 16 3.062 0 5.304 0 0 8.25 4.125 0 7.145 
3 16 0 0 -6.125 0 -38.337 -6.125 3.062 0 -5.304 
3 16 3.062 0 -5.304 0 -38.337 -6.125 3.062 -38.337 -5.304 
3 16 3.062 -38.337 -5.304 0 -38.337 -6.125 0 -38.337 0 
3 16 0 0 -8.25 0 0 -6.125 4.125 0 -7.145 
3 16 4.125 0 -7.145 0 0 -6.125 3.062 0 -5.304 
3 16 5.304 -38.337 -3.062 5.304 0 -3.062 3.062 -38.337 -5.304 
3 16 3.062 -38.337 -5.304 5.304 0 -3.062 3.062 0 -5.304 
3 16 6.125 -38.337 0 6.125 0 0 5.304 -38.337 -3.062 
3 16 5.304 -38.337 -3.062 6.125 0 0 5.304 0 -3.062 
3 16 0 -38.337 0 5.304 -38.337 -3.062 3.062 -38.337 -5.304 
3 16 0 -38.337 0 6.125 -38.337 0 5.304 -38.337 -3.062 
3 16 5.304 0 -3.062 7.145 0 -4.125 3.062 0 -5.304 
3 16 3.062 0 -5.304 7.145 0 -4.125 4.125 0 -7.145 
3 16 6.125 0 0 8.25 0 0 5.304 0 -3.062 
3 16 5.304 0 -3.062 8.25 0 0 7.145 0 -4.125 
3 16 -6.125 0 0 -6.125 -38.337 0 -5.304 0 -3.062 
3 16 -5.304 0 -3.062 -6.125 -38.337 0 -5.304 -38.337 -3.062 
3 16 -5.304 -38.337 -3.062 -6.125 -38.337 0 0 -38.337 0 
3 16 -8.25 0 0 -6.125 0 0 -7.145 0 -4.125 
3 16 -7.145 0 -4.125 -6.125 0 0 -5.304 0 -3.062 
3 16 -3.062 -38.337 -5.304 -3.062 0 -5.304 -5.304 -38.337 -3.062 
3 16 -5.304 -38.337 -3.062 -3.062 0 -5.304 -5.304 0 -3.062 
3 16 0 -38.337 -6.125 0 0 -6.125 -3.062 -38.337 -5.304 
3 16 -3.062 -38.337 -5.304 0 0 -6.125 -3.062 0 -5.304 
3 16 0 -38.337 0 -3.062 -38.337 -5.304 -5.304 -38.337 -3.062 
3 16 0 -38.337 0 0 -38.337 -6.125 -3.062 -38.337 -5.304 
3 16 -3.062 0 -5.304 -4.125 0 -7.145 -5.304 0 -3.062 
3 16 -5.304 0 -3.062 -4.125 0 -7.145 -7.145 0 -4.125 
3 16 0 0 -6.125 0 0 -8.25 -3.062 0 -5.304 
3 16 -3.062 0 -5.304 0 0 -8.25 -4.125 0 -7.145 
3 16 0 0 6.125 0 -38.337 6.125 -3.062 0 5.304 
3 16 -3.062 0 5.304 0 -38.337 6.125 -3.062 -38.337 5.304 
3 16 -3.062 -38.337 5.304 0 -38.337 6.125 0 -38.337 0 
3 16 0 0 8.25 0 0 6.125 -4.125 0 7.145 
3 16 -4.125 0 7.145 0 0 6.125 -3.062 0 5.304 
3 16 -5.304 -38.337 3.062 -5.304 0 3.062 -3.062 -38.337 5.304 
3 16 -3.062 -38.337 5.304 -5.304 0 3.062 -3.062 0 5.304 
3 16 -6.125 -38.337 0 -6.125 0 0 -5.304 -38.337 3.062 
3 16 -5.304 -38.337 3.062 -6.125 0 0 -5.304 0 3.062 
3 16 0 -38.337 0 -5.304 -38.337 3.062 -3.062 -38.337 5.304 
3 16 0 -38.337 0 -6.125 -38.337 0 -5.304 -38.337 3.062 
3 16 -5.304 0 3.062 -7.145 0 4.125 -3.062 0 5.304 
3 16 -3.062 0 5.304 -7.145 0 4.125 -4.125 0 7.145 
3 16 -6.125 0 0 -8.25 0 0 -5.304 0 3.062 
3 16 -5.304 0 3.062 -8.25 0 0 -7.145 0 4.125 
2 24 5.304 0 3.062 6.125 0 0 
2 24 6.125 -38.337 0 5.304 -38.337 3.062 
2 24 7.145 0 4.125 8.25 0 0 
2 24 5.304 -38.337 3.062 3.062 -38.337 5.304 
2 24 3.062 0 5.304 5.304 0 3.062 
2 24 3.062 -38.337 5.304 0 -38.337 6.125 
2 24 0 0 6.125 3.062 0 5.304 
2 24 4.125 0 7.145 7.145 0 4.125 
2 24 0 0 8.25 4.125 0 7.145 
2 24 3.062 0 -5.304 0 0 -6.125 
2 24 0 -38.337 -6.125 3.062 -38.337 -5.304 
2 24 4.125 0 -7.145 0 0 -8.25 
2 24 3.062 -38.337 -5.304 5.304 -38.337 -3.062 
2 24 5.304 0 -3.062 3.062 0 -5.304 
2 24 5.304 -38.337 -3.062 6.125 -38.337 0 
2 24 6.125 0 0 5.304 0 -3.062 
2 24 7.145 0 -4.125 4.125 0 -7.145 
2 24 8.25 0 0 7.145 0 -4.125 
2 24 -5.304 0 -3.062 -6.125 0 0 
2 24 -6.125 -38.337 0 -5.304 -38.337 -3.062 
2 24 -7.145 0 -4.125 -8.25 0 0 
2 24 -5.304 -38.337 -3.062 -3.062 -38.337 -5.304 
2 24 -3.062 0 -5.304 -5.304 0 -3.062 
2 24 -3.062 -38.337 -5.304 0 -38.337 -6.125 
2 24 0 0 -6.125 -3.062 0 -5.304 
2 24 -4.125 0 -7.145 -7.145 0 -4.125 
2 24 0 0 -8.25 -4.125 0 -7.145 
2 24 -3.062 0 5.304 0 0 6.125 
2 24 0 -38.337 6.125 -3.062 -38.337 5.304 
2 24 -4.125 0 7.145 0 0 8.25 
2 24 -3.062 -38.337 5.304 -5.304 -38.337 3.062 
2 24 -5.304 0 3.062 -3.062 0 5.304 
2 24 -5.304 -38.337 3.062 -6.125 -38.337 0 
2 24 -6.125 0 0 -5.304 0 3.062 
2 24 -7.145 0 4.125 -4.125 0 7.145 
2 24 -8.25 0 0 -7.145 0 4.125 

0 // Stud
3 16 5.304 -44.401 3.062 5.304 -39.951 3.062 3.062 -44.401 5.304 
3 16 5.304 -39.951 3.062 3.062 -39.951 5.304 3.062 -44.401 5.304 
3 16 3.062 -44.401 5.304 3.062 -39.951 5.304 0 -44.401 6.125 
3 16 3.062 -39.951 5.304 0 -39.951 6.125 0 -44.401 6.125 
3 16 0 -44.401 6.125 0 -39.951 6.125 -3.062 -44.401 5.304 
3 16 0 -39.951 6.125 -3.062 -39.951 5.304 -3.062 -44.401 5.304 
3 16 -3.062 -44.401 5.304 -3.062 -39.951 5.304 -5.304 -44.401 3.062 
3 16 -3.062 -39.951 5.304 -5.304 -39.951 3.062 -5.304 -44.401 3.062 
3 16 -5.304 -44.401 3.062 -5.304 -39.951 3.062 -6.125 -44.401 0 
3 16 -5.304 -39.951 3.062 -6.125 -39.951 0 -6.125 -44.401 0 
3 16 -6.125 -44.401 0 -6.125 -39.951 0 -5.304 -44.401 -3.062 
3 16 -6.125 -39.951 0 -5.304 -39.951 -3.062 -5.304 -44.401 -3.062 
3 16 -5.304 -44.401 -3.062 -5.304 -39.951 -3.062 -3.062 -44.401 -5.304 
3 16 -5.304 -39.951 -3.062 -3.062 -39.951 -5.304 -3.062 -44.401 -5.304 
3 16 -3.062 -44.401 -5.304 -3.062 -39.951 -5.304 0 -44.401 -6.125 
3 16 -3.062 -39.951 -5.304 0 -39.951 -6.125 0 -44.401 -6.125 
3 16 0 -44.401 -6.125 0 -39.951 -6.125 3.062 -44.401 -5.304 
3 16 0 -39.951 -6.125 3.062 -39.951 -5.304 3.062 -44.401 -5.304 
3 16 3.062 -44.401 -5.304 3.062 -39.951 -5.304 5.304 -44.401 -3.062 
3 16 3.062 -39.951 -5.304 5.304 -39.951 -3.062 5.304 -44.401 -3.062 
3 16 5.304 -44.401 -3.062 5.304 -39.951 -3.062 6.125 -44.401 0 
3 16 5.304 -39.951 -3.062 6.125 -39.951 0 6.125 -44.401 0 
3 16 6.125 -44.401 0 6.125 -39.951 0 5.304 -44.401 3.062 
3 16 6.125 -39.951 0 5.304 -39.951 3.062 5.304 -44.401 3.062 
3 16 5.304 -44.401 3.062 3.062 -44.401 5.304 0 -44.401 0 
3 16 3.062 -44.401 5.304 0 -44.401 6.125 0 -44.401 0 
3 16 0 -44.401 6.125 -3.062 -44.401 5.304 0 -44.401 0 
3 16 -3.062 -44.401 5.304 -5.304 -44.401 3.062 0 -44.401 0 
3 16 -5.304 -44.401 3.062 -6.125 -44.401 0 0 -44.401 0 
3 16 -6.125 -44.401 0 -5.304 -44.401 -3.062 0 -44.401 0 
3 16 -5.304 -44.401 -3.062 -3.062 -44.401 -5.304 0 -44.401 0 
3 16 -3.062 -44.401 -5.304 0 -44.401 -6.125 0 -44.401 0 
3 16 0 -44.401 -6.125 3.062 -44.401 -5.304 0 -44.401 0 
3 16 3.062 -44.401 -5.304 5.304 -44.401 -3.062 0 -44.401 0 
3 16 5.304 -44.401 -3.062 6.125 -44.401 0 0 -44.401 0 
3 16 6.125 -44.401 0 5.304 -44.401 3.062 0 -44.401 0 
2 24 3.062 -44.401 5.304 5.304 -44.401 3.062 
2 24 5.304 -39.951 3.062 3.062 -39.951 5.304 
2 24 0 -44.401 6.125 3.062 -44.401 5.304 
2 24 3.062 -39.951 5.304 0 -39.951 6.125 
2 24 -3.062 -44.401 5.304 0 -44.401 6.125 
2 24 0 -39.951 6.125 -3.062 -39.951 5.304 
2 24 -5.304 -44.401 3.062 -3.062 -44.401 5.304 
2 24 -3.062 -39.951 5.304 -5.304 -39.951 3.062 
2 24 -6.125 -44.401 0 -5.304 -44.401 3.062 
2 24 -5.304 -39.951 3.062 -6.125 -39.951 0 
2 24 -5.304 -44.401 -3.062 -6.125 -44.401 0 
2 24 -6.125 -39.951 0 -5.304 -39.951 -3.062 
2 24 -3.062 -44.401 -5.304 -5.304 -44.401 -3.062 
2 24 -5.304 -39.951 -3.062 -3.062 -39.951 -5.304 
2 24 0 -44.401 -6.125 -3.062 -44.401 -5.304 
2 24 -3.062 -39.951 -5.304 0 -39.951 -6.125 
2 24 3.062 -44.401 -5.304 0 -44.401 -6.125 
2 24 0 -39.951 -6.125 3.062 -39.951 -5.304 
2 24 5.304 -44.401 -3.062 3.062 -44.401 -5.304 
2 24 3.062 -39.951 -5.304 5.304 -39.951 -3.062 
2 24 6.125 -44.401 0 5.304 -44.401 -3.062 
2 24 5.304 -39.951 -3.062 6.125 -39.951 0 
2 24 5.304 -44.401 3.062 6.125 -44.401 0 
2 24 6.125 -39.951 0 5.304 -39.951 3.062 

