0 Plate 6 x 8 Trap Door Frame
0 Name: 30041.dat
0 Author: Paul Easter [pneaster]
0 !LDRAW_ORG Part UPDATE 2000-02
0 !LICENSE Redistributable under CCAL version 2.0 : see CAreadme.txt
0 !KEYWORDS Pirates, Adventurers, Ninja, Western, Wild West, trick
0 !HISTORY 2000-09-30 [PTadmin] Official Update 2000-02
0 !HISTORY 2007-05-25 [PTadmin] Header formatted for Contributor Agreement
0 !HISTORY 2008-07-01 [PTadmin] Official Update 2008-01
4 16 76.000 4.000 56.000 64.000 4.000 44.000 -64.000 4.000 44.000 -76.000 4.000 56.000
4 16 -76.000 4.000 56.000 -64.000 4.000 44.000 -64.000 4.000 -44.000 -76.000 4.000 -56.000
4 16 -76.000 4.000 -56.000 -64.000 4.000 -44.000 64.000 4.000 -44.000 76.000 4.000 -56.000
4 16 76.000 4.000 -56.000 64.000 4.000 -44.000 64.000 4.000 44.000 76.000 4.000 56.000
4 16 76.000 4.000 56.000 -76.000 4.000 56.000 -76.000 8.000 56.000 76.000 8.000 56.000
4 16 -76.000 4.000 56.000 -76.000 4.000 -56.000 -76.000 8.000 -56.000 -76.000 8.000 56.000
4 16 -76.000 4.000 -56.000 76.000 4.000 -56.000 76.000 8.000 -56.000 -76.000 8.000 -56.000
4 16 76.000 4.000 -56.000 76.000 4.000 56.000 76.000 8.000 56.000 76.000 8.000 -56.000
4 16 64.000 4.000 44.000 64.000 8.000 44.000 -44.000 8.000 44.000 -44.000 4.000 44.000
4 16 -64.000 4.000 32.000 -64.000 8.000 32.000 -64.000 8.000 -32.000 -64.000 4.000 -32.000
4 16 -44.000 4.000 -44.000 -44.000 8.000 -44.000 64.000 8.000 -44.000 64.000 4.000 -44.000
4 16 64.000 4.000 -44.000 64.000 8.000 -44.000 64.000 8.000 44.000 64.000 4.000 44.000
4 16 60.000 0.000 40.000 -41.000 0.000 40.000 -40.000 8.000 40.000 60.000 8.000 40.000
4 16 -60.000 0.000 26.000 -60.000 0.000 -26.000 -60.000 8.000 -26.000 -60.000 8.000 26.000
4 16 -41.000 0.000 -40.000 60.000 0.000 -40.000 60.000 8.000 -40.000 -40.000 8.000 -40.000
4 16 60.000 0.000 -40.000 60.000 0.000 40.000 60.000 8.000 40.000 60.000 8.000 -40.000
4 16 60.000 8.000 40.000 -40.000 8.000 40.000 -44.000 8.000 44.000 64.000 8.000 44.000
4 16 60.000 8.000 -40.000 64.000 8.000 -44.000 -44.000 8.000 -44.000 -40.000 8.000 -40.000
4 16 60.000 8.000 40.000 64.000 8.000 44.000 64.000 8.000 -44.000 60.000 8.000 -40.000
4 16 -60.000 8.000 26.000 -60.000 8.000 -26.000 -64.000 8.000 -32.000 -64.000 8.000 32.000
4 16 80.000 8.000 60.000 76.000 8.000 56.000 -76.000 8.000 56.000 -80.000 8.000 60.000
4 16 80.000 8.000 -60.000 -80.000 8.000 -60.000 -76.000 8.000 -56.000 76.000 8.000 -56.000
4 16 80.000 8.000 60.000 80.000 8.000 -60.000 76.000 8.000 -56.000 76.000 8.000 56.000
4 16 -80.000 8.000 60.000 -76.000 8.000 56.000 -76.000 8.000 -56.000 -80.000 8.000 -60.000
4 16 80.000 0.000 60.000 -80.000 0.000 60.000 -60.000 0.000 40.000 60.000 0.000 40.000
4 16 -80.000 0.000 60.000 -80.000 0.000 -60.000 -60.000 0.000 -40.000 -60.000 0.000 40.000
4 16 -80.000 0.000 -60.000 80.000 0.000 -60.000 60.000 0.000 -40.000 -60.000 0.000 -40.000
4 16 80.000 0.000 -60.000 80.000 0.000 60.000 60.000 0.000 40.000 60.000 0.000 -40.000
4 16 80.000 0.000 60.000 80.000 8.000 60.000 -80.000 8.000 60.000 -80.000 0.000 60.000
4 16 -80.000 0.000 60.000 -80.000 8.000 60.000 -80.000 8.000 -60.000 -80.000 0.000 -60.000
4 16 -80.000 0.000 -60.000 -80.000 8.000 -60.000 80.000 8.000 -60.000 80.000 0.000 -60.000
4 16 80.000 0.000 -60.000 80.000 8.000 -60.000 80.000 8.000 60.000 80.000 0.000 60.000
4 16 -64.000 4.000 32.000 -64.000 4.000 44.000 -58.000 4.000 44.000 -58.000 4.000 32.000
4 16 -58.000 4.000 44.000 -58.000 4.000 38.000 -44.000 4.000 38.000 -44.000 4.000 44.000
4 16 -58.000 4.000 -44.000 -58.000 4.000 -38.000 -44.000 4.000 -38.000 -44.000 4.000 -44.000
4 16 -64.000 4.000 -32.000 -58.000 4.000 -32.000 -58.000 4.000 -44.000 -64.000 4.000 -44.000
4 16 -64.000 8.000 32.000 -64.000 4.000 32.000 -58.000 4.000 32.000 -58.000 8.000 32.000
4 16 -64.000 8.000 -32.000 -58.000 8.000 -32.000 -58.000 4.000 -32.000 -64.000 4.000 -32.000
4 16 -58.000 8.000 32.000 -58.000 4.000 32.000 -58.000 4.000 35.240 -58.000 8.000 35.240
4 16 -58.000 8.000 -32.000 -58.000 8.000 -35.240 -58.000 4.000 -35.240 -58.000 4.000 -32.000
4 16 -55.240 8.000 38.000 -55.240 4.000 38.000 -52.000 4.000 38.000 -52.000 8.000 38.000
4 16 -55.240 8.000 -38.000 -52.000 8.000 -38.000 -52.000 4.000 -38.000 -55.240 4.000 -38.000
4 16 -48.000 8.000 38.000 -48.000 4.000 38.000 -44.000 4.000 38.000 -44.000 8.000 38.000
4 16 -48.000 8.000 -38.000 -44.000 8.000 -38.000 -44.000 4.000 -38.000 -48.000 4.000 -38.000
4 16 -44.000 8.000 38.000 -44.000 4.000 38.000 -44.000 4.000 44.000 -44.000 8.000 44.000
4 16 -44.000 8.000 -38.000 -44.000 8.000 -44.000 -44.000 4.000 -44.000 -44.000 4.000 -38.000
4 16 -64.000 8.000 32.000 -58.000 8.000 32.000 -58.000 8.000 26.000 -60.000 8.000 26.000
4 16 -64.000 8.000 -32.000 -60.000 8.000 -26.000 -58.000 8.000 -26.000 -58.000 8.000 -32.000
4 16 -58.000 8.000 34.000 -58.000 8.000 38.000 -44.000 8.000 38.000 -40.000 8.000 34.000
4 16 -58.000 8.000 -34.000 -40.000 8.000 -34.000 -44.000 8.000 -38.000 -58.000 8.000 -38.000
4 16 -44.000 8.000 38.000 -44.000 8.000 44.000 -40.000 8.000 40.000 -40.000 8.000 34.000
4 16 -44.000 8.000 -38.000 -40.000 8.000 -34.000 -40.000 8.000 -40.000 -44.000 8.000 -44.000
4 16 -60.000 8.000 26.000 -54.000 8.000 26.000 -54.000 0.000 26.000 -60.000 0.000 26.000
4 16 -60.000 8.000 -26.000 -60.000 0.000 -26.000 -54.000 0.000 -26.000 -54.000 8.000 -26.000
4 16 -58.000 8.000 26.000 -58.000 10.000 26.000 -54.000 10.000 26.000 -54.000 8.000 26.000
4 16 -58.000 8.000 -26.000 -54.000 8.000 -26.000 -54.000 10.000 -26.000 -58.000 10.000 -26.000
4 16 -58.000 8.000 34.000 -58.000 10.000 34.000 -58.000 10.000 26.000 -58.000 8.000 26.000
4 16 -58.000 8.000 -34.000 -58.000 8.000 -26.000 -58.000 10.000 -26.000 -58.000 10.000 -34.000
4 16 -58.000 8.000 34.000 -54.000 8.000 34.000 -54.000 10.000 34.000 -58.000 10.000 34.000
4 16 -58.000 8.000 -34.000 -58.000 10.000 -34.000 -54.000 10.000 -34.000 -54.000 8.000 -34.000
4 16 -54.000 0.000 34.000 -54.000 0.000 26.000 -54.000 10.000 26.000 -54.000 10.000 34.000
4 16 -54.000 0.000 -34.000 -54.000 10.000 -34.000 -54.000 10.000 -26.000 -54.000 0.000 -26.000
4 16 -46.000 0.000 34.000 -46.000 10.000 34.000 -46.000 10.000 26.000 -46.000 0.000 26.000
4 16 -46.000 0.000 -34.000 -46.000 0.000 -26.000 -46.000 10.000 -26.000 -46.000 10.000 -34.000
4 16 -40.000 8.000 34.000 -40.000 8.000 26.000 -42.609 13.061 26.000 -42.609 13.061 34.000
4 16 -40.000 8.000 -34.000 -42.609 13.061 -34.000 -42.609 13.061 -26.000 -40.000 8.000 -26.000
4 16 -46.000 8.000 26.000 -46.000 10.000 26.000 -42.609 13.061 26.000 -40.000 8.000 26.000
4 16 -46.000 8.000 -26.000 -40.000 8.000 -26.000 -42.609 13.061 -26.000 -46.000 10.000 -26.000
4 16 -46.000 8.000 34.000 -40.000 8.000 34.000 -42.609 13.061 34.000 -46.000 10.000 34.000
4 16 -46.000 8.000 -34.000 -46.000 10.000 -34.000 -42.609 13.061 -34.000 -40.000 8.000 -34.000
4 16 -54.000 8.000 34.000 -46.000 8.000 34.000 -46.000 0.000 34.000 -54.000 0.000 34.000
4 16 -54.000 8.000 -34.000 -54.000 0.000 -34.000 -46.000 0.000 -34.000 -46.000 8.000 -34.000
4 16 -46.000 8.000 26.000 -40.000 8.000 26.000 -41.000 0.000 26.000 -46.000 0.000 26.000
4 16 -46.000 8.000 -26.000 -46.000 0.000 -26.000 -41.000 0.000 -26.000 -40.000 8.000 -26.000
4 16 -40.000 8.000 40.000 -41.000 0.000 40.000 -41.000 0.000 26.000 -40.000 8.000 26.000
4 16 -40.000 8.000 -40.000 -41.000 0.000 -40.000 -41.000 0.000 -26.000 -40.000 8.000 -26.000
4 16 -60.000 0.000 26.000 -54.000 0.000 26.000 -54.000 0.000 40.000 -60.000 0.000 40.000
4 16 -60.000 0.000 -26.000 -60.000 0.000 -40.000 -54.000 0.000 -40.000 -54.000 0.000 -26.000
4 16 -54.000 0.000 40.000 -54.000 0.000 34.000 -46.000 0.000 34.000 -46.000 0.000 40.000
4 16 -54.000 0.000 -40.000 -46.000 0.000 -40.000 -46.000 0.000 -34.000 -54.000 0.000 -34.000
4 16 -46.000 0.000 26.000 -41.000 0.000 26.000 -41.000 0.000 40.000 -46.000 0.000 40.000
4 16 -46.000 0.000 -26.000 -46.000 0.000 -40.000 -41.000 0.000 -40.000 -41.000 0.000 -26.000
0
2 24 76.000 4.000 56.000 -76.000 4.000 56.000
2 24 -76.000 4.000 56.000 -76.000 4.000 -56.000
2 24 -76.000 4.000 -56.000 76.000 4.000 -56.000
2 24 76.000 4.000 -56.000 76.000 4.000 56.000
2 24 76.000 8.000 56.000 -76.000 8.000 56.000
2 24 -76.000 8.000 56.000 -76.000 8.000 -56.000
2 24 -76.000 8.000 -56.000 76.000 8.000 -56.000
2 24 76.000 8.000 -56.000 76.000 8.000 56.000
2 24 76.000 8.000 56.000 76.000 4.000 56.000
2 24 -76.000 8.000 56.000 -76.000 4.000 56.000
2 24 76.000 8.000 -56.000 76.000 4.000 -56.000
2 24 -76.000 8.000 -56.000 -76.000 4.000 -56.000
2 24 64.000 4.000 44.000 -44.000 4.000 44.000
2 24 64.000 4.000 -44.000 64.000 4.000 44.000
2 24 -64.000 4.000 32.000 -64.000 4.000 -32.000
2 24 -44.000 4.000 -44.000 64.000 4.000 -44.000
2 24 64.000 8.000 44.000 -44.000 8.000 44.000
2 24 -64.000 8.000 32.000 -64.000 8.000 -32.000
2 24 -44.000 8.000 -44.000 64.000 8.000 -44.000
2 24 64.000 8.000 -44.000 64.000 8.000 44.000
2 24 64.000 8.000 44.000 64.000 4.000 44.000
2 24 -64.000 8.000 32.000 -64.000 4.000 32.000
2 24 -44.000 8.000 44.000 -44.000 4.000 44.000
2 24 64.000 8.000 -44.000 64.000 4.000 -44.000
2 24 -64.000 8.000 -32.000 -64.000 4.000 -32.000
2 24 -44.000 8.000 -44.000 -44.000 4.000 -44.000
2 24 60.000 0.000 40.000 -41.000 0.000 40.000
2 24 -60.000 0.000 26.000 -60.000 0.000 -26.000
2 24 -41.000 0.000 -40.000 60.000 0.000 -40.000
2 24 60.000 0.000 -40.000 60.000 0.000 40.000
2 24 60.000 8.000 40.000 -40.000 8.000 40.000
2 24 -60.000 8.000 26.000 -60.000 8.000 -26.000
2 24 -40.000 8.000 -40.000 60.000 8.000 -40.000
2 24 60.000 8.000 -40.000 60.000 8.000 40.000
2 24 60.000 8.000 40.000 60.000 0.000 40.000
2 24 -60.000 8.000 26.000 -60.000 0.000 26.000
2 24 -40.000 8.000 40.000 -41.000 0.000 40.000
2 24 60.000 8.000 -40.000 60.000 0.000 -40.000
2 24 -60.000 8.000 -26.000 -60.000 0.000 -26.000
2 24 -40.000 8.000 -40.000 -41.000 0.000 -40.000
2 24 80.000 0.000 60.000 -80.000 0.000 60.000
2 24 -80.000 0.000 60.000 -80.000 0.000 -60.000
2 24 -80.000 0.000 -60.000 80.000 0.000 -60.000
2 24 80.000 0.000 -60.000 80.000 0.000 60.000
2 24 80.000 8.000 60.000 -80.000 8.000 60.000
2 24 -80.000 8.000 60.000 -80.000 8.000 -60.000
2 24 -80.000 8.000 -60.000 80.000 8.000 -60.000
2 24 80.000 8.000 -60.000 80.000 8.000 60.000
2 24 80.000 8.000 60.000 80.000 0.000 60.000
2 24 -80.000 8.000 60.000 -80.000 0.000 60.000
2 24 80.000 8.000 -60.000 80.000 0.000 -60.000
2 24 -80.000 8.000 -60.000 -80.000 0.000 -60.000
2 24 -64.000 4.000 32.000 -58.000 4.000 32.000
2 24 -64.000 4.000 -32.000 -58.000 4.000 -32.000
2 24 -58.000 4.000 32.000 -58.000 4.000 35.240
2 24 -58.000 4.000 -32.000 -58.000 4.000 -35.240
2 24 -55.240 4.000 38.000 -52.000 4.000 38.000
2 24 -55.240 4.000 -38.000 -52.000 4.000 -38.000
2 24 -48.000 4.000 38.000 -44.000 4.000 38.000
2 24 -48.000 4.000 -38.000 -44.000 4.000 -38.000
2 24 -44.000 4.000 38.000 -44.000 4.000 44.000
2 24 -44.000 4.000 -38.000 -44.000 4.000 -44.000
2 24 -64.000 8.000 32.000 -58.000 8.000 32.000
2 24 -64.000 8.000 -32.000 -58.000 8.000 -32.000
2 24 -58.000 8.000 34.000 -58.000 8.000 35.240
2 24 -58.000 8.000 -34.000 -58.000 8.000 -35.240
2 24 -55.240 8.000 38.000 -52.000 8.000 38.000
2 24 -55.240 8.000 -38.000 -52.000 8.000 -38.000
2 24 -48.000 8.000 38.000 -44.000 8.000 38.000
2 24 -48.000 8.000 -38.000 -44.000 8.000 -38.000
2 24 -58.000 8.000 32.000 -58.000 4.000 32.000
2 24 -58.000 8.000 -32.000 -58.000 4.000 -32.000
2 24 -58.000 8.000 35.240 -58.000 4.000 35.240
2 24 -58.000 8.000 -35.240 -58.000 4.000 -35.240
2 24 -55.240 4.000 38.000 -55.240 8.000 38.000
2 24 -55.240 4.000 -38.000 -55.240 8.000 -38.000
2 24 -52.000 4.000 38.000 -52.000 8.000 38.000
2 24 -52.000 4.000 -38.000 -52.000 8.000 -38.000
2 24 -48.000 4.000 38.000 -48.000 8.000 38.000
2 24 -48.000 4.000 -38.000 -48.000 8.000 -38.000
2 24 -44.000 8.000 38.000 -44.000 4.000 38.000
2 24 -44.000 8.000 -38.000 -44.000 4.000 -38.000
2 24 -44.000 8.000 38.000 -44.000 8.000 44.000
2 24 -44.000 8.000 -38.000 -44.000 8.000 -44.000
2 24 -60.000 8.000 26.000 -58.000 8.000 26.000
2 24 -60.000 8.000 -26.000 -58.000 8.000 -26.000
2 24 -58.000 8.000 26.000 -58.000 8.000 32.000
2 24 -58.000 8.000 -26.000 -58.000 8.000 -32.000
2 24 -58.000 8.000 34.000 -40.000 8.000 34.000
2 24 -58.000 8.000 -34.000 -40.000 8.000 -34.000
2 24 -40.000 8.000 26.000 -40.000 8.000 40.000
2 24 -40.000 8.000 -26.000 -40.000 8.000 -40.000
2 24 -60.000 0.000 26.000 -54.000 0.000 26.000
2 24 -60.000 0.000 -26.000 -54.000 0.000 -26.000
2 24 -54.000 0.000 34.000 -46.000 0.000 34.000
2 24 -54.000 0.000 -34.000 -46.000 0.000 -34.000
2 24 -54.000 0.000 26.000 -54.000 0.000 34.000
2 24 -54.000 0.000 -26.000 -54.000 0.000 -34.000
2 24 -46.000 0.000 26.000 -46.000 0.000 34.000
2 24 -46.000 0.000 -26.000 -46.000 0.000 -34.000
2 24 -46.000 0.000 26.000 -41.000 0.000 26.000
2 24 -46.000 0.000 -26.000 -41.000 0.000 -26.000
2 24 -41.000 0.000 26.000 -41.000 0.000 40.000
2 24 -41.000 0.000 -26.000 -41.000 0.000 -40.000
2 24 -54.000 0.000 26.000 -54.000 10.000 26.000
2 24 -46.000 0.000 26.000 -46.000 10.000 26.000
2 24 -54.000 0.000 34.000 -54.000 10.000 34.000
2 24 -46.000 0.000 34.000 -46.000 10.000 34.000
2 24 -41.000 0.000 26.000 -40.000 8.000 26.000
2 24 -58.000 8.000 26.000 -58.000 10.000 26.000
2 24 -58.000 8.000 34.000 -58.000 10.000 34.000
2 24 -40.000 8.000 26.000 -42.609 13.061 26.000
2 24 -40.000 8.000 34.000 -42.609 13.061 34.000
2 24 -54.000 0.000 -26.000 -54.000 10.000 -26.000
2 24 -46.000 0.000 -26.000 -46.000 10.000 -26.000
2 24 -54.000 0.000 -34.000 -54.000 10.000 -34.000
2 24 -46.000 0.000 -34.000 -46.000 10.000 -34.000
2 24 -41.000 0.000 -26.000 -40.000 8.000 -26.000
2 24 -58.000 8.000 -26.000 -58.000 10.000 -26.000
2 24 -58.000 8.000 -34.000 -58.000 10.000 -34.000
2 24 -40.000 8.000 -26.000 -42.609 13.061 -26.000
2 24 -40.000 8.000 -34.000 -42.609 13.061 -34.000
0
1 16 -50.000 10.000 26.000 4.000 0.000 0.000 0.000 0.000 4.000 0.000 1.000 0.000 2-4edge.dat
1 16 -50.000 10.000 26.000 -8.000 0.000 0.000 0.000 0.000 8.000 0.000 1.000 0.000 1-4edge.dat
1 16 -50.000 10.000 26.000 7.391 0.000 -3.061 3.061 0.000 7.391 0.000 1.000 0.000 1-4edge.dat
1 16 -50.000 10.000 34.000 4.000 0.000 0.000 0.000 0.000 4.000 0.000 1.000 0.000 2-4edge.dat
1 16 -50.000 10.000 34.000 -8.000 0.000 0.000 0.000 0.000 8.000 0.000 1.000 0.000 1-4edge.dat
1 16 -50.000 10.000 34.000 7.391 0.000 -3.061 3.061 0.000 7.391 0.000 1.000 0.000 1-4edge.dat
1 16 -50.000 10.000 26.000 4.000 0.000 0.000 0.000 0.000 4.000 0.000 8.000 0.000 2-4cyli.dat
1 16 -50.000 10.000 26.000 -8.000 0.000 0.000 0.000 0.000 8.000 0.000 8.000 0.000 1-4cyli.dat
1 16 -50.000 10.000 34.000 7.391 0.000 -3.061 3.061 0.000 7.391 0.000 -8.000 0.000 1-4cyli.dat
1 16 -50.000 10.000 26.000 4.000 0.000 0.000 0.000 0.000 4.000 0.000 1.000 0.000 1-4ring1.dat
1 16 -50.000 10.000 26.000 -4.000 0.000 0.000 0.000 0.000 4.000 0.000 1.000 0.000 1-4ring1.dat
1 16 -50.000 10.000 34.000 4.000 0.000 0.000 0.000 0.000 4.000 0.000 1.000 0.000 1-4ring1.dat
1 16 -50.000 10.000 34.000 -4.000 0.000 0.000 0.000 0.000 4.000 0.000 1.000 0.000 1-4ring1.dat
1 16 -50.000 10.000 -26.000 4.000 0.000 0.000 0.000 0.000 4.000 0.000 1.000 0.000 2-4edge.dat
1 16 -50.000 10.000 -26.000 -8.000 0.000 0.000 0.000 0.000 8.000 0.000 1.000 0.000 1-4edge.dat
1 16 -50.000 10.000 -26.000 7.391 0.000 -3.061 3.061 0.000 7.391 0.000 1.000 0.000 1-4edge.dat
1 16 -50.000 10.000 -34.000 4.000 0.000 0.000 0.000 0.000 4.000 0.000 1.000 0.000 2-4edge.dat
1 16 -50.000 10.000 -34.000 7.391 0.000 -3.061 3.061 0.000 7.391 0.000 1.000 0.000 1-4edge.dat
1 16 -50.000 10.000 -34.000 -8.000 0.000 0.000 0.000 0.000 8.000 0.000 1.000 0.000 1-4edge.dat
1 16 -50.000 10.000 -26.000 4.000 0.000 0.000 0.000 0.000 4.000 0.000 -8.000 0.000 2-4cyli.dat
1 16 -50.000 10.000 -26.000 -8.000 0.000 0.000 0.000 0.000 8.000 0.000 -8.000 0.000 1-4cyli.dat
1 16 -50.000 10.000 -34.000 7.391 0.000 -3.061 3.061 0.000 7.391 0.000 8.000 0.000 1-4cyli.dat
1 16 -50.000 10.000 -26.000 4.000 0.000 0.000 0.000 0.000 4.000 0.000 1.000 0.000 1-4ring1.dat
1 16 -50.000 10.000 -26.000 -4.000 0.000 0.000 0.000 0.000 4.000 0.000 1.000 0.000 1-4ring1.dat
1 16 -50.000 10.000 -34.000 4.000 0.000 0.000 0.000 0.000 4.000 0.000 1.000 0.000 1-4ring1.dat
1 16 -50.000 10.000 -34.000 -4.000 0.000 0.000 0.000 0.000 4.000 0.000 1.000 0.000 1-4ring1.dat
1 16 -50.000 4.000 41.000 2.000 0.000 0.000 0.000 4.000 0.000 0.000 0.000 3.000 box4-4a.dat
1 16 -50.000 4.000 -41.000 2.000 0.000 0.000 0.000 4.000 0.000 0.000 0.000 -3.000 box4-4a.dat
1 16 -61.250 4.000 -41.250 -1.414 0.000 -4.596 0.000 4.000 0.000 1.414 0.000 -4.596 box4-4a.dat
1 16 -61.250 4.000 41.250 1.414 0.000 -4.596 0.000 4.000 0.000 1.414 0.000 4.596 box4-4a.dat
0
1 16 60.000 4.000 50.000 1.000 0.000 0.000 0.000 -1.000 0.000 0.000 0.000 1.000 stud3.dat
1 16 40.000 4.000 50.000 1.000 0.000 0.000 0.000 -1.000 0.000 0.000 0.000 1.000 stud3.dat
1 16 20.000 4.000 50.000 1.000 0.000 0.000 0.000 -1.000 0.000 0.000 0.000 1.000 stud3.dat
1 16 0.000 4.000 50.000 1.000 0.000 0.000 0.000 -1.000 0.000 0.000 0.000 1.000 stud3.dat
1 16 -20.000 4.000 50.000 1.000 0.000 0.000 0.000 -1.000 0.000 0.000 0.000 1.000 stud3.dat
1 16 -40.000 4.000 50.000 1.000 0.000 0.000 0.000 -1.000 0.000 0.000 0.000 1.000 stud3.dat
1 16 -60.000 4.000 50.000 1.000 0.000 0.000 0.000 -1.000 0.000 0.000 0.000 1.000 stud3.dat
1 16 70.000 4.000 40.000 1.000 0.000 0.000 0.000 -1.000 0.000 0.000 0.000 1.000 stud3.dat
1 16 -70.000 4.000 40.000 1.000 0.000 0.000 0.000 -1.000 0.000 0.000 0.000 1.000 stud3.dat
1 16 70.000 4.000 20.000 1.000 0.000 0.000 0.000 -1.000 0.000 0.000 0.000 1.000 stud3.dat
1 16 -70.000 4.000 20.000 1.000 0.000 0.000 0.000 -1.000 0.000 0.000 0.000 1.000 stud3.dat
1 16 70.000 4.000 0.000 1.000 0.000 0.000 0.000 -1.000 0.000 0.000 0.000 1.000 stud3.dat
1 16 -70.000 4.000 0.000 1.000 0.000 0.000 0.000 -1.000 0.000 0.000 0.000 1.000 stud3.dat
1 16 70.000 4.000 -20.000 1.000 0.000 0.000 0.000 -1.000 0.000 0.000 0.000 1.000 stud3.dat
1 16 -70.000 4.000 -20.000 1.000 0.000 0.000 0.000 -1.000 0.000 0.000 0.000 1.000 stud3.dat
1 16 70.000 4.000 -40.000 1.000 0.000 0.000 0.000 -1.000 0.000 0.000 0.000 1.000 stud3.dat
1 16 -70.000 4.000 -40.000 1.000 0.000 0.000 0.000 -1.000 0.000 0.000 0.000 1.000 stud3.dat
1 16 60.000 4.000 -50.000 1.000 0.000 0.000 0.000 -1.000 0.000 0.000 0.000 1.000 stud3.dat
1 16 40.000 4.000 -50.000 1.000 0.000 0.000 0.000 -1.000 0.000 0.000 0.000 1.000 stud3.dat
1 16 20.000 4.000 -50.000 1.000 0.000 0.000 0.000 -1.000 0.000 0.000 0.000 1.000 stud3.dat
1 16 0.000 4.000 -50.000 1.000 0.000 0.000 0.000 -1.000 0.000 0.000 0.000 1.000 stud3.dat
1 16 -20.000 4.000 -50.000 1.000 0.000 0.000 0.000 -1.000 0.000 0.000 0.000 1.000 stud3.dat
1 16 -40.000 4.000 -50.000 1.000 0.000 0.000 0.000 -1.000 0.000 0.000 0.000 1.000 stud3.dat
1 16 -60.000 4.000 -50.000 1.000 0.000 0.000 0.000 -1.000 0.000 0.000 0.000 1.000 stud3.dat
0
1 16 70.000 0.000 50.000 1.000 0.000 0.000 0.000 1.000 0.000 0.000 0.000 1.000 stud.dat
1 16 50.000 0.000 50.000 1.000 0.000 0.000 0.000 1.000 0.000 0.000 0.000 1.000 stud.dat
1 16 30.000 0.000 50.000 1.000 0.000 0.000 0.000 1.000 0.000 0.000 0.000 1.000 stud.dat
1 16 10.000 0.000 50.000 1.000 0.000 0.000 0.000 1.000 0.000 0.000 0.000 1.000 stud.dat
1 16 -10.000 0.000 50.000 1.000 0.000 0.000 0.000 1.000 0.000 0.000 0.000 1.000 stud.dat
1 16 -30.000 0.000 50.000 1.000 0.000 0.000 0.000 1.000 0.000 0.000 0.000 1.000 stud.dat
1 16 -50.000 0.000 50.000 1.000 0.000 0.000 0.000 1.000 0.000 0.000 0.000 1.000 stud.dat
1 16 -70.000 0.000 50.000 1.000 0.000 0.000 0.000 1.000 0.000 0.000 0.000 1.000 stud.dat
1 16 70.000 0.000 30.000 1.000 0.000 0.000 0.000 1.000 0.000 0.000 0.000 1.000 stud.dat
1 16 -70.000 0.000 30.000 1.000 0.000 0.000 0.000 1.000 0.000 0.000 0.000 1.000 stud.dat
1 16 70.000 0.000 10.000 1.000 0.000 0.000 0.000 1.000 0.000 0.000 0.000 1.000 stud.dat
1 16 -70.000 0.000 10.000 1.000 0.000 0.000 0.000 1.000 0.000 0.000 0.000 1.000 stud.dat
1 16 70.000 0.000 -10.000 1.000 0.000 0.000 0.000 1.000 0.000 0.000 0.000 1.000 stud.dat
1 16 -70.000 0.000 -10.000 1.000 0.000 0.000 0.000 1.000 0.000 0.000 0.000 1.000 stud.dat
1 16 70.000 0.000 -30.000 1.000 0.000 0.000 0.000 1.000 0.000 0.000 0.000 1.000 stud.dat
1 16 -70.000 0.000 -30.000 1.000 0.000 0.000 0.000 1.000 0.000 0.000 0.000 1.000 stud.dat
1 16 70.000 0.000 -50.000 1.000 0.000 0.000 0.000 1.000 0.000 0.000 0.000 1.000 stud.dat
1 16 50.000 0.000 -50.000 1.000 0.000 0.000 0.000 1.000 0.000 0.000 0.000 1.000 stud.dat
1 16 30.000 0.000 -50.000 1.000 0.000 0.000 0.000 1.000 0.000 0.000 0.000 1.000 stud.dat
1 16 10.000 0.000 -50.000 1.000 0.000 0.000 0.000 1.000 0.000 0.000 0.000 1.000 stud.dat
1 16 -10.000 0.000 -50.000 1.000 0.000 0.000 0.000 1.000 0.000 0.000 0.000 1.000 stud.dat
1 16 -30.000 0.000 -50.000 1.000 0.000 0.000 0.000 1.000 0.000 0.000 0.000 1.000 stud.dat
1 16 -50.000 0.000 -50.000 1.000 0.000 0.000 0.000 1.000 0.000 0.000 0.000 1.000 stud.dat
1 16 -70.000 0.000 -50.000 1.000 0.000 0.000 0.000 1.000 0.000 0.000 0.000 1.000 stud.dat
0