0 Brick 1 x 1 with Lightblue "3" Pattern
0 Name: 3005pv3.dat
0 Author: Tore Eriksson [Tore_Eriksson]
0 !LDRAW_ORG Part UPDATE 2004-02
0 !LICENSE Redistributable under CCAL version 2.0 : see CAreadme.txt
0 BFC CERTIFY  CW
0 !KEYWORDS letters, numbers
0 !HISTORY 2004-04-22 [PTadmin] Official Update 2004-02
0 !HISTORY 2007-05-11 [PTadmin] Header formatted for Contributor Agreement
0 !HISTORY 2008-07-01 [PTadmin] Official Update 2008-01
1 16 0.000 0.000 0.000 1.000 0.000 0.000 0.000 1.000 0.000 0.000 0.000 1.000 s\3005s01.dat
1 16 0.000 16.000 -10.000 2.000 0.000 0.000 0.000 0.000 2.000 0.000 1.000 0.000 2-4disc.dat
1 9 0.000 16.000 -10.000 2.000 0.000 0.000 0.000 0.000 2.000 0.000 1.000 0.000 2-4ring1.dat
1 9 0.000 16.000 -10.000 2.500 0.000 0.000 0.000 0.000 2.000 0.000 1.000 0.000 2-4ring1.dat
1 16 0.000 16.000 -10.000 5.000 0.000 0.000 0.000 0.000 4.000 0.000 1.000 0.000 2-4ndis.dat
1 16 0.000 9.500 -10.000 2.000 0.000 0.000 0.000 0.000 -1.750 0.000 1.000 0.000 2-4disc.dat
1 9 0.000 9.500 -10.000 2.000 0.000 0.000 0.000 0.000 -1.750 0.000 1.000 0.000 2-4ring1.dat
1 9 0.000 9.500 -10.000 2.250 0.000 0.000 0.000 0.000 -1.750 0.000 1.000 0.000 2-4ring1.dat
1 16 0.000 9.500 -10.000 4.500 0.000 0.000 0.000 0.000 -3.500 0.000 1.000 0.000 2-4ndis.dat
4 16 10.000 24.000 -10.000 -10.000 24.000 -10.000 -5.000 20.000 -10.000 5.000 20.000 -10.000
4 16 -4.500 6.000 -10.000 -10.000 0.000 -10.000 10.000 0.000 -10.000 4.500 6.000 -10.000
4 16 1.414 14.586 -10.000 0.000 16.000 -10.000 0.000 14.000 -10.000 0.765 14.152 -10.000
4 16 2.000 16.000 -10.000 0.000 16.000 -10.000 1.414 14.586 -10.000 1.848 15.235 -10.000
4 16 1.414 10.737 -10.000 0.000 9.500 -10.000 2.000 9.500 -10.000 1.848 10.170 -10.000
4 16 0.000 11.250 -10.000 0.000 9.500 -10.000 1.414 10.737 -10.000 0.765 11.117 -10.000
4 9 0.765 14.152 -10.000 0.000 14.000 -10.000 0.000 12.500 -10.000 1.800 12.500 -10.000
4 9 1.414 14.586 -10.000 0.765 14.152 -10.000 1.800 12.500 -10.000 3.535 13.172 -10.000
4 9 1.848 15.235 -10.000 1.414 14.586 -10.000 3.535 13.172 -10.000 4.620 14.469 -10.000
4 9 2.000 16.000 -10.000 1.848 15.235 -10.000 4.620 14.469 -10.000 5.000 16.000 -10.000
4 9 1.848 10.170 -10.000 2.000 9.500 -10.000 4.500 9.500 -10.000 4.157 10.839 -10.000
4 9 1.414 10.737 -10.000 1.848 10.170 -10.000 4.157 10.839 -10.000 3.182 11.975 -10.000
4 9 0.765 11.117 -10.000 1.414 10.737 -10.000 3.182 11.975 -10.000 1.800 12.500 -10.000
4 9 0.000 11.250 -10.000 0.765 11.117 -10.000 1.800 12.500 -10.000 0.000 12.500 -10.000
3 16 5.000 12.500 -10.000 3.535 13.172 -10.000 1.800 12.500 -10.000
3 16 5.000 12.500 -10.000 4.620 14.469 -10.000 3.535 13.172 -10.000
3 16 5.000 12.500 -10.000 5.000 16.000 -10.000 4.620 14.469 -10.000
3 16 -5.000 12.500 -10.000 -4.500 6.000 -10.000 -4.500 9.500 -10.000
3 16 -5.000 12.500 -10.000 -4.500 9.500 -10.000 0.000 9.500 -10.000
4 16 -5.000 16.000 -10.000 -5.000 12.500 -10.000 0.000 9.500 -10.000 0.000 16.000 -10.000
4 16 -10.000 24.000 -10.000 -10.000 0.000 -10.000 -5.000 12.500 -10.000 -5.000 20.000 -10.000
4 16 10.000 0.000 -10.000 10.000 24.000 -10.000 5.000 20.000 -10.000 5.000 12.500 -10.000
3 16 -10.000 0.000 -10.000 -4.500 6.000 -10.000 -5.000 12.500 -10.000
3 16 5.000 12.500 -10.000 4.500 6.000 -10.000 10.000 0.000 -10.000
3 16 5.000 12.500 -10.000 1.800 12.500 -10.000 3.182 11.975 -10.000
3 16 5.000 12.500 -10.000 3.182 11.975 -10.000 4.157 10.839 -10.000
3 16 5.000 12.500 -10.000 4.157 10.839 -10.000 4.500 9.500 -10.000
3 16 5.000 12.500 -10.000 4.500 9.500 -10.000 4.500 6.000 -10.000
0