0 Slope Brick 45  2 x  1 Double with Hollow Bottom
0 Name: 3044b.dat
0 Author: James Mastros [theorbtwo]
0 !LDRAW_ORG Part UPDATE 2009-02
0 !LICENSE Redistributable under CCAL version 2.0 : see CAreadme.txt
0 BFC CERTIFY CCW
0 !HISTORY 2009-09-03 [PTadmin] Official Update 2009-02
2 24 6 24 16 -6 24 16
2 24 -6 24 16 -6 24 -16
2 24 -6 24 -16 6 24 -16
2 24 6 24 -16 6 24 16
2 24 10 24 20 -10 24 20
2 24 -10 24 20 -10 24 -20
2 24 -10 24 -20 10 24 -20
2 24 10 24 -20 10 24 20
2 24 6 24 16 6 20 16
2 24 -6 24 16 -6 20 16
2 24 6 24 -16 6 20 -16
2 24 -6 24 -16 -6 20 -16
2 24 6 20 16 -6 20 16
2 24 6 4 0 -6 4 0
2 24 6 20 -16 -6 20 -16
2 24 6 20 16 6 4 0
2 24 -6 20 16 -6 4 0
2 24 6 20 -16 6 4 0
2 24 -6 20 -16 -6 4 0
2 24 10 24 20 10 20 20
2 24 -10 24 20 -10 20 20
2 24 10 24 -20 10 20 -20
2 24 -10 24 -20 -10 20 -20
2 24 10 20 20 -10 20 20
2 24 10 0 0 -10 0 0
2 24 10 20 -20 -10 20 -20
2 24 10 20 20 10 0 0
2 24 -10 20 20 -10 0 0
2 24 10 20 -20 10 0 0
2 24 -10 20 -20 -10 0 0
4 16 10 24 20 6 24 16 -6 24 16 -10 24 20
4 16 -10 24 20 -6 24 16 -6 24 -16 -10 24 -20
4 16 -10 24 -20 -6 24 -16 6 24 -16 10 24 -20
4 16 10 24 -20 6 24 -16 6 24 16 10 24 20
4 16 10 24 20 -10 24 20 -10 20 20 10 20 20
4 16 6 24 16 6 20 16 -6 20 16 -6 24 16
4 16 6 24 -16 -6 24 -16 -6 20 -16 6 20 -16
4 16 10 24 -20 10 20 -20 -10 20 -20 -10 24 -20
4 16 10 24 20 10 20 20 10 20 -20 10 24 -20
3 16 10 20 20 10 0 0 10 20 -20
4 16 6 24 16 6 24 -16 6 20 -16 6 20 16
3 16 6 20 16 6 20 -16 6 4 0
4 16 -6 24 16 -6 20 16 -6 20 -16 -6 24 -16
3 16 -6 20 16 -6 4 0 -6 20 -16
4 16 -10 24 20 -10 24 -20 -10 20 -20 -10 20 20
3 16 -10 20 20 -10 20 -20 -10 0 0
4 16 6 20 16 6 4 0 -6 4 0 -6 20 16
4 16 6 20 -16 -6 20 -16 -6 4 0 6 4 0
4 16 10 20 20 -10 20 20 -10 0 0 10 0 0
4 16 10 20 -20 10 0 0 -10 0 0 -10 20 -20
0 
1 16 -0.000001 24 2.499999 -1.5 0 0 0 -19.5 0 0 0.000002 1.5 2-4cyli.dat
1 16 -0.000001 24 2.499999 -1.5 0 0 0 -1 0 0 0 1.5 2-4chrd.dat
1 16 -0.000001 24 -2.500001 1.5 0 0 0 -19.5 0 0 0.000003 -1.5 2-4cyli.dat
1 16 -0.000001 24 -2.500001 1.5 0 0 0 -1 0 0 0 -1.5 2-4chrd.dat
1 16 -0.000001 14.75 -0.000001 0 0 1.5 0 9.25 0 -2.5 0 0 box2-9p.dat
1 16 -1.500001 14.75 -0.000001 0 1 0 -9.25 0 0 0 0 2.5 rect1.dat