0 FEEDING BOTTLE (Needs Work)
0 Name: 6206.dat
0 Author: <AuthorRealName> [<AuthorLDrawName>]
0 !LDRAW_ORG Unofficial_Part
0 !LICENSE Redistributable under CCAL version 2.0 : see CAreadme.txt

0 BFC CERTIFY CCW

0 !HISTORY 2013-08-14 {LEGO Digital Designer} Original part shape
0 !HISTORY 2013-08-14 [<AuthorLDrawName>] File preparation for LDraw Parts Tracker

0 // Needs Work: Clean necessary

0 // Outside
3 16 -1.077 -45.649 -8.559 -1.077 -41.263 -8.559 -0.53 -45.649 -7.907 
3 16 -1.077 -41.263 -8.559 -0.53 -42.258 -7.907 -0.53 -45.649 -7.907 
3 16 -1.915 -45.649 -8.411 -1.915 -41.263 -8.411 -1.077 -45.649 -8.559 
3 16 -1.915 -41.263 -8.411 -1.077 -41.263 -8.559 -1.077 -45.649 -8.559 
3 16 -1.915 -41.263 -8.411 -1.915 -45.649 -8.411 -2.206 -42.258 -7.611 
3 16 -2.206 -42.258 -7.611 -1.915 -45.649 -8.411 -2.206 -45.649 -7.611 
3 16 -1.222 -46.386 -8.159 -0.949 -46.386 -7.833 -1.368 -46.5 -7.759 
3 16 -1.642 -46.386 -8.085 -1.222 -46.386 -8.159 -1.368 -46.5 -7.759 
3 16 -1.787 -46.386 -7.685 -1.642 -46.386 -8.085 -1.368 -46.5 -7.759 
3 16 -1.116 -46.074 -8.452 -0.642 -46.074 -7.887 -0.949 -46.386 -7.833 
3 16 -1.222 -46.386 -8.159 -1.116 -46.074 -8.452 -0.949 -46.386 -7.833 
3 16 -1.842 -46.074 -8.324 -1.116 -46.074 -8.452 -1.222 -46.386 -8.159 
3 16 -1.642 -46.386 -8.085 -1.842 -46.074 -8.324 -1.222 -46.386 -8.159 
3 16 -2.094 -46.074 -7.631 -1.842 -46.074 -8.324 -1.642 -46.386 -8.085 
3 16 -1.787 -46.386 -7.685 -2.094 -46.074 -7.631 -1.642 -46.386 -8.085 
3 16 -1.077 -45.649 -8.559 -0.53 -45.649 -7.907 -0.642 -46.074 -7.887 
3 16 -1.116 -46.074 -8.452 -1.077 -45.649 -8.559 -0.642 -46.074 -7.887 
3 16 -1.915 -45.649 -8.411 -1.077 -45.649 -8.559 -1.116 -46.074 -8.452 
3 16 -1.842 -46.074 -8.324 -1.915 -45.649 -8.411 -1.116 -46.074 -8.452 
3 16 -2.206 -45.649 -7.611 -1.915 -45.649 -8.411 -1.842 -46.074 -8.324 
3 16 -2.094 -46.074 -7.631 -2.206 -45.649 -7.611 -1.842 -46.074 -8.324 
3 16 1.915 -45.649 -8.411 1.915 -41.263 -8.411 2.206 -45.649 -7.611 
3 16 1.915 -41.263 -8.411 2.206 -42.258 -7.611 2.206 -45.649 -7.611 
3 16 1.077 -45.649 -8.559 1.077 -41.263 -8.559 1.915 -45.649 -8.411 
3 16 1.077 -41.263 -8.559 1.915 -41.263 -8.411 1.915 -45.649 -8.411 
3 16 1.077 -41.263 -8.559 1.077 -45.649 -8.559 0.53 -42.258 -7.907 
3 16 0.53 -42.258 -7.907 1.077 -45.649 -8.559 0.53 -45.649 -7.907 
3 16 1.642 -46.386 -8.085 1.787 -46.386 -7.685 1.368 -46.5 -7.759 
3 16 1.222 -46.386 -8.159 1.642 -46.386 -8.085 1.368 -46.5 -7.759 
3 16 0.949 -46.386 -7.833 1.222 -46.386 -8.159 1.368 -46.5 -7.759 
3 16 1.842 -46.074 -8.324 2.094 -46.074 -7.631 1.787 -46.386 -7.685 
3 16 1.642 -46.386 -8.085 1.842 -46.074 -8.324 1.787 -46.386 -7.685 
3 16 1.116 -46.074 -8.452 1.842 -46.074 -8.324 1.642 -46.386 -8.085 
3 16 1.222 -46.386 -8.159 1.116 -46.074 -8.452 1.642 -46.386 -8.085 
3 16 0.642 -46.074 -7.887 1.116 -46.074 -8.452 1.222 -46.386 -8.159 
3 16 0.949 -46.386 -7.833 0.642 -46.074 -7.887 1.222 -46.386 -8.159 
3 16 1.915 -45.649 -8.411 2.206 -45.649 -7.611 2.094 -46.074 -7.631 
3 16 1.842 -46.074 -8.324 1.915 -45.649 -8.411 2.094 -46.074 -7.631 
3 16 1.077 -45.649 -8.559 1.915 -45.649 -8.411 1.842 -46.074 -8.324 
3 16 1.116 -46.074 -8.452 1.077 -45.649 -8.559 1.842 -46.074 -8.324 
3 16 0.53 -45.649 -7.907 1.077 -45.649 -8.559 1.116 -46.074 -8.452 
3 16 0.642 -46.074 -7.887 0.53 -45.649 -7.907 1.116 -46.074 -8.452 
3 16 4.676 -45.649 -7.249 4.676 -41.263 -7.249 4.676 -45.649 -6.397 
3 16 4.676 -41.263 -7.249 4.676 -42.258 -6.397 4.676 -45.649 -6.397 
3 16 3.939 -45.649 -7.674 3.939 -41.263 -7.674 4.676 -45.649 -7.249 
3 16 3.939 -41.263 -7.674 4.676 -41.263 -7.249 4.676 -45.649 -7.249 
3 16 3.939 -41.263 -7.674 3.939 -45.649 -7.674 3.202 -42.258 -7.249 
3 16 3.202 -42.258 -7.249 3.939 -45.649 -7.674 3.202 -45.649 -7.249 
3 16 4.308 -46.386 -7.036 4.308 -46.386 -6.61 3.939 -46.5 -6.823 
3 16 3.939 -46.386 -7.249 4.308 -46.386 -7.036 3.939 -46.5 -6.823 
3 16 3.571 -46.386 -7.036 3.939 -46.386 -7.249 3.939 -46.5 -6.823 
3 16 4.578 -46.074 -7.192 4.578 -46.074 -6.454 4.308 -46.386 -6.61 
3 16 4.308 -46.386 -7.036 4.578 -46.074 -7.192 4.308 -46.386 -6.61 
3 16 3.939 -46.074 -7.56 4.578 -46.074 -7.192 4.308 -46.386 -7.036 
3 16 3.939 -46.386 -7.249 3.939 -46.074 -7.56 4.308 -46.386 -7.036 
3 16 3.301 -46.074 -7.192 3.939 -46.074 -7.56 3.939 -46.386 -7.249 
3 16 3.571 -46.386 -7.036 3.301 -46.074 -7.192 3.939 -46.386 -7.249 
3 16 4.676 -45.649 -7.249 4.676 -45.649 -6.397 4.578 -46.074 -6.454 
3 16 4.578 -46.074 -7.192 4.676 -45.649 -7.249 4.578 -46.074 -6.454 
3 16 3.939 -45.649 -7.674 4.676 -45.649 -7.249 4.578 -46.074 -7.192 
3 16 3.939 -46.074 -7.56 3.939 -45.649 -7.674 4.578 -46.074 -7.192 
3 16 3.202 -45.649 -7.249 3.939 -45.649 -7.674 3.939 -46.074 -7.56 
3 16 3.301 -46.074 -7.192 3.202 -45.649 -7.249 3.939 -46.074 -7.56 
3 16 6.874 -45.649 -5.212 6.874 -41.263 -5.212 6.582 -45.649 -4.412 
3 16 6.874 -41.263 -5.212 6.582 -42.258 -4.412 6.582 -45.649 -4.412 
3 16 6.326 -45.649 -5.864 6.326 -41.263 -5.864 6.874 -45.649 -5.212 
3 16 6.326 -41.263 -5.864 6.874 -41.263 -5.212 6.874 -45.649 -5.212 
3 16 6.326 -41.263 -5.864 6.326 -45.649 -5.864 5.488 -42.258 -5.716 
3 16 5.488 -42.258 -5.716 6.326 -45.649 -5.864 5.488 -45.649 -5.716 
3 16 6.454 -46.386 -5.138 6.309 -46.386 -4.738 6.035 -46.5 -5.064 
3 16 6.181 -46.386 -5.464 6.454 -46.386 -5.138 6.035 -46.5 -5.064 
3 16 5.762 -46.386 -5.39 6.181 -46.386 -5.464 6.035 -46.5 -5.064 
3 16 6.761 -46.074 -5.192 6.509 -46.074 -4.499 6.309 -46.386 -4.738 
3 16 6.454 -46.386 -5.138 6.761 -46.074 -5.192 6.309 -46.386 -4.738 
3 16 6.287 -46.074 -5.757 6.761 -46.074 -5.192 6.454 -46.386 -5.138 
3 16 6.181 -46.386 -5.464 6.287 -46.074 -5.757 6.454 -46.386 -5.138 
3 16 5.561 -46.074 -5.629 6.287 -46.074 -5.757 6.181 -46.386 -5.464 
3 16 5.762 -46.386 -5.39 5.561 -46.074 -5.629 6.181 -46.386 -5.464 
3 16 6.874 -45.649 -5.212 6.582 -45.649 -4.412 6.509 -46.074 -4.499 
3 16 6.761 -46.074 -5.192 6.874 -45.649 -5.212 6.509 -46.074 -4.499 
3 16 6.326 -45.649 -5.864 6.874 -45.649 -5.212 6.761 -46.074 -5.192 
3 16 6.287 -46.074 -5.757 6.326 -45.649 -5.864 6.761 -46.074 -5.192 
3 16 5.488 -45.649 -5.716 6.326 -45.649 -5.864 6.287 -46.074 -5.757 
3 16 5.561 -46.074 -5.629 5.488 -45.649 -5.716 6.287 -46.074 -5.757 
3 16 8.242 -45.649 -2.547 8.242 -41.263 -2.547 7.694 -45.649 -1.895 
3 16 8.242 -41.263 -2.547 7.694 -42.258 -1.895 7.694 -45.649 -1.895 
3 16 7.951 -45.649 -3.347 7.951 -41.263 -3.347 8.242 -45.649 -2.547 
3 16 7.951 -41.263 -3.347 8.242 -41.263 -2.547 8.242 -45.649 -2.547 
3 16 7.951 -41.263 -3.347 7.951 -45.649 -3.347 7.112 -42.258 -3.495 
3 16 7.112 -42.258 -3.495 7.951 -45.649 -3.347 7.112 -45.649 -3.495 
3 16 7.823 -46.386 -2.621 7.549 -46.386 -2.295 7.403 -46.5 -2.695 
3 16 7.677 -46.386 -3.021 7.823 -46.386 -2.621 7.403 -46.5 -2.695 
3 16 7.258 -46.386 -3.095 7.677 -46.386 -3.021 7.403 -46.5 -2.695 
3 16 8.129 -46.074 -2.567 7.655 -46.074 -2.002 7.549 -46.386 -2.295 
3 16 7.823 -46.386 -2.621 8.129 -46.074 -2.567 7.549 -46.386 -2.295 
3 16 7.877 -46.074 -3.259 8.129 -46.074 -2.567 7.823 -46.386 -2.621 
3 16 7.677 -46.386 -3.021 7.877 -46.074 -3.259 7.823 -46.386 -2.621 
3 16 7.151 -46.074 -3.387 7.877 -46.074 -3.259 7.677 -46.386 -3.021 
3 16 7.258 -46.386 -3.095 7.151 -46.074 -3.387 7.677 -46.386 -3.021 
3 16 8.242 -45.649 -2.547 7.694 -45.649 -1.895 7.655 -46.074 -2.002 
3 16 8.129 -46.074 -2.567 8.242 -45.649 -2.547 7.655 -46.074 -2.002 
3 16 7.951 -45.649 -3.347 8.242 -45.649 -2.547 8.129 -46.074 -2.567 
3 16 7.877 -46.074 -3.259 7.951 -45.649 -3.347 8.129 -46.074 -2.567 
3 16 7.112 -45.649 -3.495 7.951 -45.649 -3.347 7.877 -46.074 -3.259 
3 16 7.151 -46.074 -3.387 7.112 -45.649 -3.495 7.877 -46.074 -3.259 
3 16 8.616 -45.649 0.426 8.616 -41.263 0.426 7.878 -45.649 0.851 
3 16 8.616 -41.263 0.426 7.878 -42.258 0.851 7.878 -45.649 0.851 
3 16 8.616 -45.649 -0.426 8.616 -41.263 -0.426 8.616 -45.649 0.426 
3 16 8.616 -41.263 -0.426 8.616 -41.263 0.426 8.616 -45.649 0.426 
3 16 8.616 -41.263 -0.426 8.616 -45.649 -0.426 7.878 -42.258 -0.851 
3 16 7.878 -42.258 -0.851 8.616 -45.649 -0.426 7.878 -45.649 -0.851 
3 16 8.247 -46.386 0.213 7.878 -46.386 0.426 7.878 -46.5 0 
3 16 8.247 -46.386 -0.213 8.247 -46.386 0.213 7.878 -46.5 0 
3 16 7.878 -46.386 -0.426 8.247 -46.386 -0.213 7.878 -46.5 0 
3 16 8.517 -46.074 0.369 7.878 -46.074 0.737 7.878 -46.386 0.426 
3 16 8.247 -46.386 0.213 8.517 -46.074 0.369 7.878 -46.386 0.426 
3 16 8.517 -46.074 -0.369 8.517 -46.074 0.369 8.247 -46.386 0.213 
3 16 8.247 -46.386 -0.213 8.517 -46.074 -0.369 8.247 -46.386 0.213 
3 16 7.878 -46.074 -0.737 8.517 -46.074 -0.369 8.247 -46.386 -0.213 
3 16 7.878 -46.386 -0.426 7.878 -46.074 -0.737 8.247 -46.386 -0.213 
3 16 8.616 -45.649 0.426 7.878 -45.649 0.851 7.878 -46.074 0.737 
3 16 8.517 -46.074 0.369 8.616 -45.649 0.426 7.878 -46.074 0.737 
3 16 8.616 -45.649 -0.426 8.616 -45.649 0.426 8.517 -46.074 0.369 
3 16 8.517 -46.074 -0.369 8.616 -45.649 -0.426 8.517 -46.074 0.369 
3 16 7.878 -45.649 -0.851 8.616 -45.649 -0.426 8.517 -46.074 -0.369 
3 16 7.878 -46.074 -0.737 7.878 -45.649 -0.851 8.517 -46.074 -0.369 
3 16 7.951 -45.649 3.347 7.951 -41.263 3.347 7.112 -45.649 3.495 
3 16 7.951 -41.263 3.347 7.112 -42.258 3.495 7.112 -45.649 3.495 
3 16 8.242 -45.649 2.547 8.242 -41.263 2.547 7.951 -45.649 3.347 
3 16 8.242 -41.263 2.547 7.951 -41.263 3.347 7.951 -45.649 3.347 
3 16 8.242 -41.263 2.547 8.242 -45.649 2.547 7.694 -42.258 1.895 
3 16 7.694 -42.258 1.895 8.242 -45.649 2.547 7.694 -45.649 1.895 
3 16 7.677 -46.386 3.021 7.258 -46.386 3.095 7.403 -46.5 2.695 
3 16 7.823 -46.386 2.621 7.677 -46.386 3.021 7.403 -46.5 2.695 
3 16 7.549 -46.386 2.295 7.823 -46.386 2.621 7.403 -46.5 2.695 
3 16 7.877 -46.074 3.259 7.151 -46.074 3.387 7.258 -46.386 3.095 
3 16 7.677 -46.386 3.021 7.877 -46.074 3.259 7.258 -46.386 3.095 
3 16 8.129 -46.074 2.567 7.877 -46.074 3.259 7.677 -46.386 3.021 
3 16 7.823 -46.386 2.621 8.129 -46.074 2.567 7.677 -46.386 3.021 
3 16 7.655 -46.074 2.002 8.129 -46.074 2.567 7.823 -46.386 2.621 
3 16 7.549 -46.386 2.295 7.655 -46.074 2.002 7.823 -46.386 2.621 
3 16 7.951 -45.649 3.347 7.112 -45.649 3.495 7.151 -46.074 3.387 
3 16 7.877 -46.074 3.259 7.951 -45.649 3.347 7.151 -46.074 3.387 
3 16 8.242 -45.649 2.547 7.951 -45.649 3.347 7.877 -46.074 3.259 
3 16 8.129 -46.074 2.567 8.242 -45.649 2.547 7.877 -46.074 3.259 
3 16 7.694 -45.649 1.895 8.242 -45.649 2.547 8.129 -46.074 2.567 
3 16 7.655 -46.074 2.002 7.694 -45.649 1.895 8.129 -46.074 2.567 
3 16 6.326 -45.649 5.864 6.326 -41.263 5.864 5.488 -45.649 5.716 
3 16 6.326 -41.263 5.864 5.488 -42.258 5.716 5.488 -45.649 5.716 
3 16 6.874 -45.649 5.212 6.874 -41.263 5.212 6.326 -45.649 5.864 
3 16 6.874 -41.263 5.212 6.326 -41.263 5.864 6.326 -45.649 5.864 
3 16 6.874 -41.263 5.212 6.874 -45.649 5.212 6.582 -42.258 4.412 
3 16 6.582 -42.258 4.412 6.874 -45.649 5.212 6.582 -45.649 4.412 
3 16 6.181 -46.386 5.464 5.762 -46.386 5.39 6.035 -46.5 5.064 
3 16 6.454 -46.386 5.138 6.181 -46.386 5.464 6.035 -46.5 5.064 
3 16 6.309 -46.386 4.738 6.454 -46.386 5.138 6.035 -46.5 5.064 
3 16 6.287 -46.074 5.757 5.561 -46.074 5.629 5.762 -46.386 5.39 
3 16 6.181 -46.386 5.464 6.287 -46.074 5.757 5.762 -46.386 5.39 
3 16 6.761 -46.074 5.192 6.287 -46.074 5.757 6.181 -46.386 5.464 
3 16 6.454 -46.386 5.138 6.761 -46.074 5.192 6.181 -46.386 5.464 
3 16 6.509 -46.074 4.499 6.761 -46.074 5.192 6.454 -46.386 5.138 
3 16 6.309 -46.386 4.738 6.509 -46.074 4.499 6.454 -46.386 5.138 
3 16 6.326 -45.649 5.864 5.488 -45.649 5.716 5.561 -46.074 5.629 
3 16 6.287 -46.074 5.757 6.326 -45.649 5.864 5.561 -46.074 5.629 
3 16 6.874 -45.649 5.212 6.326 -45.649 5.864 6.287 -46.074 5.757 
3 16 6.761 -46.074 5.192 6.874 -45.649 5.212 6.287 -46.074 5.757 
3 16 6.582 -45.649 4.412 6.874 -45.649 5.212 6.761 -46.074 5.192 
3 16 6.509 -46.074 4.499 6.582 -45.649 4.412 6.761 -46.074 5.192 
3 16 3.939 -45.649 7.674 3.939 -41.263 7.674 3.202 -45.649 7.249 
3 16 3.939 -41.263 7.674 3.202 -42.258 7.249 3.202 -45.649 7.249 
3 16 4.676 -45.649 7.249 4.676 -41.263 7.249 3.939 -45.649 7.674 
3 16 4.676 -41.263 7.249 3.939 -41.263 7.674 3.939 -45.649 7.674 
3 16 4.676 -41.263 7.249 4.676 -45.649 7.249 4.676 -42.258 6.397 
3 16 4.676 -42.258 6.397 4.676 -45.649 7.249 4.676 -45.649 6.397 
3 16 3.939 -46.386 7.249 3.571 -46.386 7.036 3.939 -46.5 6.823 
3 16 4.308 -46.386 7.036 3.939 -46.386 7.249 3.939 -46.5 6.823 
3 16 4.308 -46.386 6.61 4.308 -46.386 7.036 3.939 -46.5 6.823 
3 16 3.939 -46.074 7.56 3.301 -46.074 7.192 3.571 -46.386 7.036 
3 16 3.939 -46.386 7.249 3.939 -46.074 7.56 3.571 -46.386 7.036 
3 16 4.578 -46.074 7.192 3.939 -46.074 7.56 3.939 -46.386 7.249 
3 16 4.308 -46.386 7.036 4.578 -46.074 7.192 3.939 -46.386 7.249 
3 16 4.578 -46.074 6.454 4.578 -46.074 7.192 4.308 -46.386 7.036 
3 16 4.308 -46.386 6.61 4.578 -46.074 6.454 4.308 -46.386 7.036 
3 16 3.939 -45.649 7.674 3.202 -45.649 7.249 3.301 -46.074 7.192 
3 16 3.939 -46.074 7.56 3.939 -45.649 7.674 3.301 -46.074 7.192 
3 16 4.676 -45.649 7.249 3.939 -45.649 7.674 3.939 -46.074 7.56 
3 16 4.578 -46.074 7.192 4.676 -45.649 7.249 3.939 -46.074 7.56 
3 16 4.676 -45.649 6.397 4.676 -45.649 7.249 4.578 -46.074 7.192 
3 16 4.578 -46.074 6.454 4.676 -45.649 6.397 4.578 -46.074 7.192 
3 16 1.077 -45.649 8.559 1.077 -41.263 8.559 0.53 -45.649 7.907 
3 16 1.077 -41.263 8.559 0.53 -42.258 7.907 0.53 -45.649 7.907 
3 16 1.915 -45.649 8.411 1.915 -41.263 8.411 1.077 -45.649 8.559 
3 16 1.915 -41.263 8.411 1.077 -41.263 8.559 1.077 -45.649 8.559 
3 16 1.915 -41.263 8.411 1.915 -45.649 8.411 2.206 -42.258 7.611 
3 16 2.206 -42.258 7.611 1.915 -45.649 8.411 2.206 -45.649 7.611 
3 16 1.222 -46.386 8.159 0.949 -46.386 7.833 1.368 -46.5 7.759 
3 16 1.642 -46.386 8.085 1.222 -46.386 8.159 1.368 -46.5 7.759 
3 16 1.787 -46.386 7.685 1.642 -46.386 8.085 1.368 -46.5 7.759 
3 16 1.116 -46.074 8.452 0.642 -46.074 7.887 0.949 -46.386 7.833 
3 16 1.222 -46.386 8.159 1.116 -46.074 8.452 0.949 -46.386 7.833 
3 16 1.842 -46.074 8.324 1.116 -46.074 8.452 1.222 -46.386 8.159 
3 16 1.642 -46.386 8.085 1.842 -46.074 8.324 1.222 -46.386 8.159 
3 16 2.094 -46.074 7.631 1.842 -46.074 8.324 1.642 -46.386 8.085 
3 16 1.787 -46.386 7.685 2.094 -46.074 7.631 1.642 -46.386 8.085 
3 16 1.077 -45.649 8.559 0.53 -45.649 7.907 0.642 -46.074 7.887 
3 16 1.116 -46.074 8.452 1.077 -45.649 8.559 0.642 -46.074 7.887 
3 16 1.915 -45.649 8.411 1.077 -45.649 8.559 1.116 -46.074 8.452 
3 16 1.842 -46.074 8.324 1.915 -45.649 8.411 1.116 -46.074 8.452 
3 16 2.206 -45.649 7.611 1.915 -45.649 8.411 1.842 -46.074 8.324 
3 16 2.094 -46.074 7.631 2.206 -45.649 7.611 1.842 -46.074 8.324 
3 16 -1.915 -45.649 8.411 -1.915 -41.263 8.411 -2.206 -45.649 7.611 
3 16 -1.915 -41.263 8.411 -2.206 -42.258 7.611 -2.206 -45.649 7.611 
3 16 -1.077 -45.649 8.559 -1.077 -41.263 8.559 -1.915 -45.649 8.411 
3 16 -1.077 -41.263 8.559 -1.915 -41.263 8.411 -1.915 -45.649 8.411 
3 16 -1.077 -41.263 8.559 -1.077 -45.649 8.559 -0.53 -42.258 7.907 
3 16 -0.53 -42.258 7.907 -1.077 -45.649 8.559 -0.53 -45.649 7.907 
3 16 -1.642 -46.386 8.085 -1.787 -46.386 7.685 -1.368 -46.5 7.759 
3 16 -1.222 -46.386 8.159 -1.642 -46.386 8.085 -1.368 -46.5 7.759 
3 16 -0.949 -46.386 7.833 -1.222 -46.386 8.159 -1.368 -46.5 7.759 
3 16 -1.842 -46.074 8.324 -2.094 -46.074 7.631 -1.787 -46.386 7.685 
3 16 -1.642 -46.386 8.085 -1.842 -46.074 8.324 -1.787 -46.386 7.685 
3 16 -1.116 -46.074 8.452 -1.842 -46.074 8.324 -1.642 -46.386 8.085 
3 16 -1.222 -46.386 8.159 -1.116 -46.074 8.452 -1.642 -46.386 8.085 
3 16 -0.642 -46.074 7.887 -1.116 -46.074 8.452 -1.222 -46.386 8.159 
3 16 -0.949 -46.386 7.833 -0.642 -46.074 7.887 -1.222 -46.386 8.159 
3 16 -1.915 -45.649 8.411 -2.206 -45.649 7.611 -2.094 -46.074 7.631 
3 16 -1.842 -46.074 8.324 -1.915 -45.649 8.411 -2.094 -46.074 7.631 
3 16 -1.077 -45.649 8.559 -1.915 -45.649 8.411 -1.842 -46.074 8.324 
3 16 -1.116 -46.074 8.452 -1.077 -45.649 8.559 -1.842 -46.074 8.324 
3 16 -0.53 -45.649 7.907 -1.077 -45.649 8.559 -1.116 -46.074 8.452 
3 16 -0.642 -46.074 7.887 -0.53 -45.649 7.907 -1.116 -46.074 8.452 
3 16 -4.676 -45.649 7.249 -4.676 -41.263 7.249 -4.676 -45.649 6.397 
3 16 -4.676 -41.263 7.249 -4.676 -42.258 6.397 -4.676 -45.649 6.397 
3 16 -3.939 -45.649 7.674 -3.939 -41.263 7.674 -4.676 -45.649 7.249 
3 16 -3.939 -41.263 7.674 -4.676 -41.263 7.249 -4.676 -45.649 7.249 
3 16 -3.939 -41.263 7.674 -3.939 -45.649 7.674 -3.202 -42.258 7.249 
3 16 -3.202 -42.258 7.249 -3.939 -45.649 7.674 -3.202 -45.649 7.249 
3 16 -4.308 -46.386 7.036 -4.308 -46.386 6.61 -3.939 -46.5 6.823 
3 16 -3.939 -46.386 7.249 -4.308 -46.386 7.036 -3.939 -46.5 6.823 
3 16 -3.571 -46.386 7.036 -3.939 -46.386 7.249 -3.939 -46.5 6.823 
3 16 -4.578 -46.074 7.192 -4.578 -46.074 6.454 -4.308 -46.386 6.61 
3 16 -4.308 -46.386 7.036 -4.578 -46.074 7.192 -4.308 -46.386 6.61 
3 16 -3.939 -46.074 7.56 -4.578 -46.074 7.192 -4.308 -46.386 7.036 
3 16 -3.939 -46.386 7.249 -3.939 -46.074 7.56 -4.308 -46.386 7.036 
3 16 -3.301 -46.074 7.192 -3.939 -46.074 7.56 -3.939 -46.386 7.249 
3 16 -3.571 -46.386 7.036 -3.301 -46.074 7.192 -3.939 -46.386 7.249 
3 16 -4.676 -45.649 7.249 -4.676 -45.649 6.397 -4.578 -46.074 6.454 
3 16 -4.578 -46.074 7.192 -4.676 -45.649 7.249 -4.578 -46.074 6.454 
3 16 -3.939 -45.649 7.674 -4.676 -45.649 7.249 -4.578 -46.074 7.192 
3 16 -3.939 -46.074 7.56 -3.939 -45.649 7.674 -4.578 -46.074 7.192 
3 16 -3.202 -45.649 7.249 -3.939 -45.649 7.674 -3.939 -46.074 7.56 
3 16 -3.301 -46.074 7.192 -3.202 -45.649 7.249 -3.939 -46.074 7.56 
3 16 -6.874 -45.649 5.212 -6.874 -41.263 5.212 -6.582 -45.649 4.412 
3 16 -6.874 -41.263 5.212 -6.582 -42.258 4.412 -6.582 -45.649 4.412 
3 16 -6.326 -45.649 5.864 -6.326 -41.263 5.864 -6.874 -45.649 5.212 
3 16 -6.326 -41.263 5.864 -6.874 -41.263 5.212 -6.874 -45.649 5.212 
3 16 -6.326 -41.263 5.864 -6.326 -45.649 5.864 -5.488 -42.258 5.716 
3 16 -5.488 -42.258 5.716 -6.326 -45.649 5.864 -5.488 -45.649 5.716 
3 16 -6.454 -46.386 5.138 -6.309 -46.386 4.738 -6.035 -46.5 5.064 
3 16 -6.181 -46.386 5.464 -6.454 -46.386 5.138 -6.035 -46.5 5.064 
3 16 -5.762 -46.386 5.39 -6.181 -46.386 5.464 -6.035 -46.5 5.064 
3 16 -6.761 -46.074 5.192 -6.509 -46.074 4.499 -6.309 -46.386 4.738 
3 16 -6.454 -46.386 5.138 -6.761 -46.074 5.192 -6.309 -46.386 4.738 
3 16 -6.287 -46.074 5.757 -6.761 -46.074 5.192 -6.454 -46.386 5.138 
3 16 -6.181 -46.386 5.464 -6.287 -46.074 5.757 -6.454 -46.386 5.138 
3 16 -5.561 -46.074 5.629 -6.287 -46.074 5.757 -6.181 -46.386 5.464 
3 16 -5.762 -46.386 5.39 -5.561 -46.074 5.629 -6.181 -46.386 5.464 
3 16 -6.874 -45.649 5.212 -6.582 -45.649 4.412 -6.509 -46.074 4.499 
3 16 -6.761 -46.074 5.192 -6.874 -45.649 5.212 -6.509 -46.074 4.499 
3 16 -6.326 -45.649 5.864 -6.874 -45.649 5.212 -6.761 -46.074 5.192 
3 16 -6.287 -46.074 5.757 -6.326 -45.649 5.864 -6.761 -46.074 5.192 
3 16 -5.488 -45.649 5.716 -6.326 -45.649 5.864 -6.287 -46.074 5.757 
3 16 -5.561 -46.074 5.629 -5.488 -45.649 5.716 -6.287 -46.074 5.757 
3 16 -8.242 -45.649 2.547 -8.242 -41.263 2.547 -7.694 -45.649 1.895 
3 16 -8.242 -41.263 2.547 -7.694 -42.258 1.895 -7.694 -45.649 1.895 
3 16 -7.951 -45.649 3.347 -7.951 -41.263 3.347 -8.242 -45.649 2.547 
3 16 -7.951 -41.263 3.347 -8.242 -41.263 2.547 -8.242 -45.649 2.547 
3 16 -7.951 -41.263 3.347 -7.951 -45.649 3.347 -7.112 -42.258 3.495 
3 16 -7.112 -42.258 3.495 -7.951 -45.649 3.347 -7.112 -45.649 3.495 
3 16 -7.823 -46.386 2.621 -7.549 -46.386 2.295 -7.403 -46.5 2.695 
3 16 -7.677 -46.386 3.021 -7.823 -46.386 2.621 -7.403 -46.5 2.695 
3 16 -7.258 -46.386 3.095 -7.677 -46.386 3.021 -7.403 -46.5 2.695 
3 16 -8.129 -46.074 2.567 -7.655 -46.074 2.002 -7.549 -46.386 2.295 
3 16 -7.823 -46.386 2.621 -8.129 -46.074 2.567 -7.549 -46.386 2.295 
3 16 -7.877 -46.074 3.259 -8.129 -46.074 2.567 -7.823 -46.386 2.621 
3 16 -7.677 -46.386 3.021 -7.877 -46.074 3.259 -7.823 -46.386 2.621 
3 16 -7.151 -46.074 3.387 -7.877 -46.074 3.259 -7.677 -46.386 3.021 
3 16 -7.258 -46.386 3.095 -7.151 -46.074 3.387 -7.677 -46.386 3.021 
3 16 -8.242 -45.649 2.547 -7.694 -45.649 1.895 -7.655 -46.074 2.002 
3 16 -8.129 -46.074 2.567 -8.242 -45.649 2.547 -7.655 -46.074 2.002 
3 16 -7.951 -45.649 3.347 -8.242 -45.649 2.547 -8.129 -46.074 2.567 
3 16 -7.877 -46.074 3.259 -7.951 -45.649 3.347 -8.129 -46.074 2.567 
3 16 -7.112 -45.649 3.495 -7.951 -45.649 3.347 -7.877 -46.074 3.259 
3 16 -7.151 -46.074 3.387 -7.112 -45.649 3.495 -7.877 -46.074 3.259 
3 16 -8.616 -45.649 -0.426 -8.616 -41.263 -0.426 -7.878 -45.649 -0.851 
3 16 -8.616 -41.263 -0.426 -7.878 -42.258 -0.851 -7.878 -45.649 -0.851 
3 16 -8.616 -45.649 0.426 -8.616 -41.263 0.426 -8.616 -45.649 -0.426 
3 16 -8.616 -41.263 0.426 -8.616 -41.263 -0.426 -8.616 -45.649 -0.426 
3 16 -8.616 -41.263 0.426 -8.616 -45.649 0.426 -7.878 -42.258 0.851 
3 16 -7.878 -42.258 0.851 -8.616 -45.649 0.426 -7.878 -45.649 0.851 
3 16 -8.247 -46.386 -0.213 -7.878 -46.386 -0.426 -7.878 -46.5 0 
3 16 -8.247 -46.386 0.213 -8.247 -46.386 -0.213 -7.878 -46.5 0 
3 16 -7.878 -46.386 0.426 -8.247 -46.386 0.213 -7.878 -46.5 0 
3 16 -8.517 -46.074 -0.369 -7.878 -46.074 -0.737 -7.878 -46.386 -0.426 
3 16 -8.247 -46.386 -0.213 -8.517 -46.074 -0.369 -7.878 -46.386 -0.426 
3 16 -8.517 -46.074 0.369 -8.517 -46.074 -0.369 -8.247 -46.386 -0.213 
3 16 -8.247 -46.386 0.213 -8.517 -46.074 0.369 -8.247 -46.386 -0.213 
3 16 -7.878 -46.074 0.737 -8.517 -46.074 0.369 -8.247 -46.386 0.213 
3 16 -7.878 -46.386 0.426 -7.878 -46.074 0.737 -8.247 -46.386 0.213 
3 16 -8.616 -45.649 -0.426 -7.878 -45.649 -0.851 -7.878 -46.074 -0.737 
3 16 -8.517 -46.074 -0.369 -8.616 -45.649 -0.426 -7.878 -46.074 -0.737 
3 16 -8.616 -45.649 0.426 -8.616 -45.649 -0.426 -8.517 -46.074 -0.369 
3 16 -8.517 -46.074 0.369 -8.616 -45.649 0.426 -8.517 -46.074 -0.369 
3 16 -7.878 -45.649 0.851 -8.616 -45.649 0.426 -8.517 -46.074 0.369 
3 16 -7.878 -46.074 0.737 -7.878 -45.649 0.851 -8.517 -46.074 0.369 
3 16 -7.951 -45.649 -3.347 -7.951 -41.263 -3.347 -7.112 -45.649 -3.495 
3 16 -7.951 -41.263 -3.347 -7.112 -42.258 -3.495 -7.112 -45.649 -3.495 
3 16 -8.242 -45.649 -2.547 -8.242 -41.263 -2.547 -7.951 -45.649 -3.347 
3 16 -8.242 -41.263 -2.547 -7.951 -41.263 -3.347 -7.951 -45.649 -3.347 
3 16 -8.242 -41.263 -2.547 -8.242 -45.649 -2.547 -7.694 -42.258 -1.895 
3 16 -7.694 -42.258 -1.895 -8.242 -45.649 -2.547 -7.694 -45.649 -1.895 
3 16 -7.677 -46.386 -3.021 -7.258 -46.386 -3.095 -7.403 -46.5 -2.695 
3 16 -7.823 -46.386 -2.621 -7.677 -46.386 -3.021 -7.403 -46.5 -2.695 
3 16 -7.549 -46.386 -2.295 -7.823 -46.386 -2.621 -7.403 -46.5 -2.695 
3 16 -7.877 -46.074 -3.259 -7.151 -46.074 -3.387 -7.258 -46.386 -3.095 
3 16 -7.677 -46.386 -3.021 -7.877 -46.074 -3.259 -7.258 -46.386 -3.095 
3 16 -8.129 -46.074 -2.567 -7.877 -46.074 -3.259 -7.677 -46.386 -3.021 
3 16 -7.823 -46.386 -2.621 -8.129 -46.074 -2.567 -7.677 -46.386 -3.021 
3 16 -7.655 -46.074 -2.002 -8.129 -46.074 -2.567 -7.823 -46.386 -2.621 
3 16 -7.549 -46.386 -2.295 -7.655 -46.074 -2.002 -7.823 -46.386 -2.621 
3 16 -7.951 -45.649 -3.347 -7.112 -45.649 -3.495 -7.151 -46.074 -3.387 
3 16 -7.877 -46.074 -3.259 -7.951 -45.649 -3.347 -7.151 -46.074 -3.387 
3 16 -8.242 -45.649 -2.547 -7.951 -45.649 -3.347 -7.877 -46.074 -3.259 
3 16 -8.129 -46.074 -2.567 -8.242 -45.649 -2.547 -7.877 -46.074 -3.259 
3 16 -7.694 -45.649 -1.895 -8.242 -45.649 -2.547 -8.129 -46.074 -2.567 
3 16 -7.655 -46.074 -2.002 -7.694 -45.649 -1.895 -8.129 -46.074 -2.567 
3 16 -6.326 -45.649 -5.864 -6.326 -41.263 -5.864 -5.488 -45.649 -5.716 
3 16 -6.326 -41.263 -5.864 -5.488 -42.258 -5.716 -5.488 -45.649 -5.716 
3 16 -6.874 -45.649 -5.212 -6.874 -41.263 -5.212 -6.326 -45.649 -5.864 
3 16 -6.874 -41.263 -5.212 -6.326 -41.263 -5.864 -6.326 -45.649 -5.864 
3 16 -6.874 -41.263 -5.212 -6.874 -45.649 -5.212 -6.582 -42.258 -4.412 
3 16 -6.582 -42.258 -4.412 -6.874 -45.649 -5.212 -6.582 -45.649 -4.412 
3 16 -6.181 -46.386 -5.464 -5.762 -46.386 -5.39 -6.035 -46.5 -5.064 
3 16 -6.454 -46.386 -5.138 -6.181 -46.386 -5.464 -6.035 -46.5 -5.064 
3 16 -6.309 -46.386 -4.738 -6.454 -46.386 -5.138 -6.035 -46.5 -5.064 
3 16 -6.287 -46.074 -5.757 -5.561 -46.074 -5.629 -5.762 -46.386 -5.39 
3 16 -6.181 -46.386 -5.464 -6.287 -46.074 -5.757 -5.762 -46.386 -5.39 
3 16 -6.761 -46.074 -5.192 -6.287 -46.074 -5.757 -6.181 -46.386 -5.464 
3 16 -6.454 -46.386 -5.138 -6.761 -46.074 -5.192 -6.181 -46.386 -5.464 
3 16 -6.509 -46.074 -4.499 -6.761 -46.074 -5.192 -6.454 -46.386 -5.138 
3 16 -6.309 -46.386 -4.738 -6.509 -46.074 -4.499 -6.454 -46.386 -5.138 
3 16 -6.326 -45.649 -5.864 -5.488 -45.649 -5.716 -5.561 -46.074 -5.629 
3 16 -6.287 -46.074 -5.757 -6.326 -45.649 -5.864 -5.561 -46.074 -5.629 
3 16 -6.874 -45.649 -5.212 -6.326 -45.649 -5.864 -6.287 -46.074 -5.757 
3 16 -6.761 -46.074 -5.192 -6.874 -45.649 -5.212 -6.287 -46.074 -5.757 
3 16 -6.582 -45.649 -4.412 -6.874 -45.649 -5.212 -6.761 -46.074 -5.192 
3 16 -6.509 -46.074 -4.499 -6.582 -45.649 -4.412 -6.761 -46.074 -5.192 
3 16 -3.939 -45.649 -7.674 -3.939 -41.263 -7.674 -3.202 -45.649 -7.249 
3 16 -3.939 -41.263 -7.674 -3.202 -42.258 -7.249 -3.202 -45.649 -7.249 
3 16 -4.676 -45.649 -7.249 -4.676 -41.263 -7.249 -3.939 -45.649 -7.674 
3 16 -4.676 -41.263 -7.249 -3.939 -41.263 -7.674 -3.939 -45.649 -7.674 
3 16 -4.676 -41.263 -7.249 -4.676 -45.649 -7.249 -4.676 -42.258 -6.397 
3 16 -4.676 -42.258 -6.397 -4.676 -45.649 -7.249 -4.676 -45.649 -6.397 
3 16 -3.939 -46.386 -7.249 -3.571 -46.386 -7.036 -3.939 -46.5 -6.823 
3 16 -4.308 -46.386 -7.036 -3.939 -46.386 -7.249 -3.939 -46.5 -6.823 
3 16 -4.308 -46.386 -6.61 -4.308 -46.386 -7.036 -3.939 -46.5 -6.823 
3 16 -3.939 -46.074 -7.56 -3.301 -46.074 -7.192 -3.571 -46.386 -7.036 
3 16 -3.939 -46.386 -7.249 -3.939 -46.074 -7.56 -3.571 -46.386 -7.036 
3 16 -4.578 -46.074 -7.192 -3.939 -46.074 -7.56 -3.939 -46.386 -7.249 
3 16 -4.308 -46.386 -7.036 -4.578 -46.074 -7.192 -3.939 -46.386 -7.249 
3 16 -4.578 -46.074 -6.454 -4.578 -46.074 -7.192 -4.308 -46.386 -7.036 
3 16 -4.308 -46.386 -6.61 -4.578 -46.074 -6.454 -4.308 -46.386 -7.036 
3 16 -3.939 -45.649 -7.674 -3.202 -45.649 -7.249 -3.301 -46.074 -7.192 
3 16 -3.939 -46.074 -7.56 -3.939 -45.649 -7.674 -3.301 -46.074 -7.192 
3 16 -4.676 -45.649 -7.249 -3.939 -45.649 -7.674 -3.939 -46.074 -7.56 
3 16 -4.578 -46.074 -7.192 -4.676 -45.649 -7.249 -3.939 -46.074 -7.56 
3 16 -4.676 -45.649 -6.397 -4.676 -45.649 -7.249 -4.578 -46.074 -7.192 
3 16 -4.578 -46.074 -6.454 -4.676 -45.649 -6.397 -4.578 -46.074 -7.192 
3 16 0 -50.67 2.5 0 -47 4.619 -1.25 -50.67 2.165 
3 16 -1.25 -50.67 2.165 0 -47 4.619 -2.309 -47 3.999 
3 16 1.25 -50.67 2.165 2.309 -47 3.999 0 -50.67 2.5 
3 16 0 -50.67 2.5 2.309 -47 3.999 0 -47 4.619 
3 16 -1.25 -50.67 2.165 -2.309 -47 3.999 -2.165 -50.67 1.25 
3 16 -2.165 -50.67 1.25 -3.999 -47 2.309 -2.5 -50.67 0 
3 16 -2.5 -50.67 0 -3.999 -47 2.309 -4.617 -47 -0.002 
3 16 -2.5 -50.67 0 -4.617 -47 -0.002 -2.165 -50.67 -1.25 
3 16 -2.165 -50.67 -1.25 -4.617 -47 -0.002 -3.999 -47 -2.309 
3 16 -2.165 -50.67 -1.25 -3.999 -47 -2.309 -1.25 -50.67 -2.165 
3 16 -1.25 -50.67 -2.165 -3.999 -47 -2.309 -2.309 -47 -3.999 
3 16 -1.25 -50.67 -2.165 -2.309 -47 -3.999 0 -50.67 -2.5 
3 16 0 -50.67 -2.5 -2.309 -47 -3.999 0 -47 -4.617 
3 16 0 -50.67 -2.5 0 -47 -4.617 1.25 -50.67 -2.165 
3 16 1.25 -50.67 -2.165 0 -47 -4.617 2.309 -47 -3.999 
3 16 1.25 -50.67 -2.165 2.309 -47 -3.999 2.165 -50.67 -1.25 
3 16 2.165 -50.67 -1.25 2.309 -47 -3.999 3.999 -47 -2.309 
3 16 2.165 -50.67 -1.25 3.999 -47 -2.309 2.5 -50.67 0 
3 16 2.5 -50.67 0 3.999 -47 -2.309 4.617 -47 0 
3 16 2.5 -50.67 0 4.617 -47 0 2.165 -50.67 1.25 
3 16 4.617 -47 0 3.999 -47 2.309 2.165 -50.67 1.25 
3 16 2.165 -50.67 1.25 3.999 -47 2.309 1.25 -50.67 2.165 
3 16 1.25 -50.67 2.165 3.999 -47 2.309 2.309 -47 3.999 
3 16 0 -52.5 -2.5 0 -50.67 -2.5 1.25 -52.5 -2.165 
3 16 0 -50.67 -2.5 1.25 -50.67 -2.165 1.25 -52.5 -2.165 
3 16 -1.25 -52.5 -2.165 -1.25 -50.67 -2.165 0 -52.5 -2.5 
3 16 -1.25 -50.67 -2.165 0 -50.67 -2.5 0 -52.5 -2.5 
3 16 1.25 -52.5 -2.165 1.25 -50.67 -2.165 2.165 -52.5 -1.25 
3 16 1.25 -50.67 -2.165 2.165 -50.67 -1.25 2.165 -52.5 -1.25 
3 16 2.165 -52.5 -1.25 2.165 -50.67 -1.25 2.5 -52.5 0 
3 16 2.165 -50.67 -1.25 2.5 -50.67 0 2.5 -52.5 0 
3 16 2.5 -52.5 0 2.5 -50.67 0 2.165 -52.5 1.25 
3 16 2.5 -50.67 0 2.165 -50.67 1.25 2.165 -52.5 1.25 
3 16 2.165 -52.5 1.25 2.165 -50.67 1.25 1.25 -52.5 2.165 
3 16 2.165 -50.67 1.25 1.25 -50.67 2.165 1.25 -52.5 2.165 
3 16 1.25 -52.5 2.165 1.25 -50.67 2.165 0 -52.5 2.5 
3 16 1.25 -50.67 2.165 0 -50.67 2.5 0 -52.5 2.5 
3 16 0 -52.5 2.5 0 -50.67 2.5 -1.25 -52.5 2.165 
3 16 0 -50.67 2.5 -1.25 -50.67 2.165 -1.25 -52.5 2.165 
3 16 -1.25 -52.5 2.165 -1.25 -50.67 2.165 -2.165 -52.5 1.25 
3 16 -1.25 -50.67 2.165 -2.165 -50.67 1.25 -2.165 -52.5 1.25 
3 16 -2.165 -52.5 1.25 -2.165 -50.67 1.25 -2.5 -52.5 0 
3 16 -2.5 -52.5 0 -2.165 -50.67 1.25 -2.5 -50.67 0 
3 16 -2.5 -52.5 0 -2.5 -50.67 0 -2.165 -52.5 -1.25 
3 16 -2.165 -52.5 -1.25 -2.5 -50.67 0 -2.165 -50.67 -1.25 
3 16 -2.165 -52.5 -1.25 -2.165 -50.67 -1.25 -1.25 -52.5 -2.165 
3 16 -2.165 -50.67 -1.25 -1.25 -50.67 -2.165 -1.25 -52.5 -2.165 
3 16 -2.31 -53.455 0 -2.5 -52.5 0 -2.001 -53.455 -1.155 
3 16 -2.5 -52.5 0 -2.31 -53.455 0 -2.165 -52.5 1.25 
3 16 -2.001 -53.455 1.155 -2.165 -52.5 1.25 -2.31 -53.455 0 
3 16 -2.001 -53.455 -1.155 -2.5 -52.5 0 -2.165 -52.5 -1.25 
3 16 -1.25 -52.5 -2.165 -1.155 -53.455 -2.001 -2.165 -52.5 -1.25 
3 16 -2.001 -53.455 -1.155 -2.165 -52.5 -1.25 -1.155 -53.455 -2.001 
3 16 -1.155 -53.455 -2.001 -1.25 -52.5 -2.165 0 -53.455 -2.31 
3 16 0 -53.455 -2.31 -1.25 -52.5 -2.165 0 -52.5 -2.5 
3 16 0 -53.455 -2.31 0 -52.5 -2.5 1.155 -53.455 -2.001 
3 16 1.155 -53.455 -2.001 0 -52.5 -2.5 1.25 -52.5 -2.165 
3 16 -1.25 -52.5 2.165 -1.155 -53.455 2.001 0 -52.5 2.5 
3 16 0 -53.455 2.31 0 -52.5 2.5 -1.155 -53.455 2.001 
3 16 1.155 -53.455 2.001 1.25 -52.5 2.165 0 -53.455 2.31 
3 16 0 -53.455 2.31 1.25 -52.5 2.165 0 -52.5 2.5 
3 16 -2.165 -52.5 1.25 -2.001 -53.455 1.155 -1.25 -52.5 2.165 
3 16 -1.155 -53.455 2.001 -1.25 -52.5 2.165 -2.001 -53.455 1.155 
3 16 -1.767 -54.267 0 -2.31 -53.455 0 -1.531 -54.267 -0.884 
3 16 -1.531 -54.267 -0.884 -2.31 -53.455 0 -2.001 -53.455 -1.155 
3 16 -2.31 -53.455 0 -1.767 -54.267 0 -2.001 -53.455 1.155 
3 16 -1.767 -54.267 0 -1.531 -54.267 0.884 -2.001 -53.455 1.155 
3 16 -1.531 -54.267 -0.884 -2.001 -53.455 -1.155 -0.884 -54.267 -1.531 
3 16 -0.884 -54.267 -1.531 -2.001 -53.455 -1.155 -1.155 -53.455 -2.001 
3 16 -0.884 -54.267 -1.531 -1.155 -53.455 -2.001 0 -54.267 -1.768 
3 16 0 -54.267 -1.768 -1.155 -53.455 -2.001 0 -53.455 -2.31 
3 16 0 -54.267 -1.768 0 -53.455 -2.31 0.884 -54.267 -1.531 
3 16 0.884 -54.267 -1.531 0 -53.455 -2.31 1.155 -53.455 -2.001 
3 16 2.165 -52.5 -1.25 2.001 -53.455 -1.155 1.25 -52.5 -2.165 
3 16 2.001 -53.455 -1.155 1.155 -53.455 -2.001 1.25 -52.5 -2.165 
3 16 0.884 -54.267 -1.531 1.155 -53.455 -2.001 1.531 -54.267 -0.884 
3 16 1.531 -54.267 -0.884 1.155 -53.455 -2.001 2.001 -53.455 -1.155 
3 16 2.5 -52.5 0 2.31 -53.455 0 2.165 -52.5 -1.25 
3 16 2.31 -53.455 0 2.001 -53.455 -1.155 2.165 -52.5 -1.25 
3 16 1.531 -54.267 -0.884 2.001 -53.455 -1.155 1.767 -54.267 0 
3 16 1.767 -54.267 0 2.001 -53.455 -1.155 2.31 -53.455 0 
3 16 2.31 -53.455 0 2.5 -52.5 0 2.001 -53.455 1.155 
3 16 2.001 -53.455 1.155 2.5 -52.5 0 2.165 -52.5 1.25 
3 16 1.767 -54.267 0 2.31 -53.455 0 1.531 -54.267 0.884 
3 16 1.531 -54.267 0.884 2.31 -53.455 0 2.001 -53.455 1.155 
3 16 0.828 -54.81 -0.478 0.956 -54.81 0 0 -55 0 
3 16 0 -55 0 0.956 -54.81 0 0.828 -54.81 0.478 
3 16 0.828 -54.81 -0.478 0 -55 0 0.478 -54.81 -0.828 
3 16 0.478 -54.81 -0.828 0 -55 0 0 -54.81 -0.956 
3 16 0 -54.81 -0.956 0 -55 0 -0.478 -54.81 -0.828 
3 16 -0.828 -54.81 -0.478 -0.478 -54.81 -0.828 0 -55 0 
3 16 -0.828 -54.81 -0.478 0 -55 0 -0.957 -54.81 0 
3 16 -0.957 -54.81 0 0 -55 0 -0.828 -54.81 0.478 
3 16 -0.828 -54.81 0.478 0 -55 0 -0.478 -54.81 0.828 
3 16 -0.478 -54.81 0.828 0 -55 0 0 -54.81 0.956 
3 16 0 -54.81 0.956 0 -55 0 0.478 -54.81 0.828 
3 16 0.478 -54.81 0.828 0 -55 0 0.828 -54.81 0.478 
3 16 1.767 -54.267 0 0.956 -54.81 0 1.531 -54.267 -0.884 
3 16 0.956 -54.81 0 0.828 -54.81 -0.478 1.531 -54.267 -0.884 
3 16 0.956 -54.81 0 1.767 -54.267 0 0.828 -54.81 0.478 
3 16 0.828 -54.81 0.478 1.767 -54.267 0 1.531 -54.267 0.884 
3 16 1.531 -54.267 -0.884 0.828 -54.81 -0.478 0.884 -54.267 -1.531 
3 16 0.884 -54.267 -1.531 0.828 -54.81 -0.478 0.478 -54.81 -0.828 
3 16 0 -54.81 -0.956 0 -54.267 -1.768 0.478 -54.81 -0.828 
3 16 0 -54.267 -1.768 0.884 -54.267 -1.531 0.478 -54.81 -0.828 
3 16 0 -54.267 -1.768 0 -54.81 -0.956 -0.884 -54.267 -1.531 
3 16 0 -54.81 -0.956 -0.478 -54.81 -0.828 -0.884 -54.267 -1.531 
3 16 -0.884 -54.267 -1.531 -0.478 -54.81 -0.828 -1.531 -54.267 -0.884 
3 16 -0.478 -54.81 -0.828 -0.828 -54.81 -0.478 -1.531 -54.267 -0.884 
3 16 -0.957 -54.81 0 -1.767 -54.267 0 -0.828 -54.81 -0.478 
3 16 -1.767 -54.267 0 -1.531 -54.267 -0.884 -0.828 -54.81 -0.478 
3 16 -1.767 -54.267 0 -0.957 -54.81 0 -1.531 -54.267 0.884 
3 16 -0.957 -54.81 0 -0.828 -54.81 0.478 -1.531 -54.267 0.884 
3 16 2.001 -53.455 1.155 2.165 -52.5 1.25 1.155 -53.455 2.001 
3 16 1.155 -53.455 2.001 2.165 -52.5 1.25 1.25 -52.5 2.165 
3 16 1.531 -54.267 0.884 2.001 -53.455 1.155 0.884 -54.267 1.531 
3 16 0.884 -54.267 1.531 2.001 -53.455 1.155 1.155 -53.455 2.001 
3 16 0.884 -54.267 1.531 1.155 -53.455 2.001 0 -54.267 1.767 
3 16 0 -54.267 1.767 1.155 -53.455 2.001 0 -53.455 2.31 
3 16 -0.884 -54.267 1.531 0 -54.267 1.767 0 -53.455 2.31 
3 16 -0.884 -54.267 1.531 0 -53.455 2.31 -1.155 -53.455 2.001 
3 16 -0.884 -54.267 1.531 -1.155 -53.455 2.001 -1.531 -54.267 0.884 
3 16 -1.531 -54.267 0.884 -1.155 -53.455 2.001 -2.001 -53.455 1.155 
3 16 -1.531 -54.267 0.884 -0.828 -54.81 0.478 -0.884 -54.267 1.531 
3 16 -0.884 -54.267 1.531 -0.828 -54.81 0.478 -0.478 -54.81 0.828 
3 16 0 -54.267 1.767 -0.478 -54.81 0.828 0 -54.81 0.956 
3 16 0 -54.267 1.767 0 -54.81 0.956 0.884 -54.267 1.531 
3 16 0 -54.81 0.956 0.478 -54.81 0.828 0.884 -54.267 1.531 
3 16 0.884 -54.267 1.531 0.478 -54.81 0.828 1.531 -54.267 0.884 
3 16 0.478 -54.81 0.828 0.828 -54.81 0.478 1.531 -54.267 0.884 
3 16 -0.884 -54.267 1.531 -0.478 -54.81 0.828 0 -54.267 1.767 
3 16 -2.165 -50.67 1.25 -2.309 -47 3.999 -3.999 -47 2.309 
3 16 9.103 -12.5 -4 9.103 -9.5 -4 20 -12.5 -4 
3 16 9.103 -9.5 -4 20 -9.5 -4 20 -12.5 -4 
3 16 9.103 -9.5 4 9.103 -12.5 4 20 -9.5 4 
3 16 9.103 -12.5 4 20 -12.5 4 20 -9.5 4 
3 16 20 -9.5 4 18 -9.5 3.464 9.103 -9.5 4 
3 16 20 -9.5 -4 9.103 -9.5 -4 18 -9.5 -3.464 
3 16 18 -9.5 3.464 16.536 -9.5 2 9.103 -9.5 4 
3 16 18 -9.5 -3.464 9.103 -9.5 -4 16.536 -9.5 -2 
3 16 9.103 -9.5 4 16.536 -9.5 2 9.922 -9.5 1.75 
3 16 9.103 -9.5 -4 9.922 -9.5 -1.75 16.536 -9.5 -2 
3 16 16.536 -9.5 2 16 -9.5 0 9.922 -9.5 1.75 
3 16 16.536 -9.5 -2 9.922 -9.5 -1.75 16 -9.5 0 
3 16 9.922 -9.5 1.75 16 -9.5 0 9.922 -9.5 -1.75 
3 16 20 -12.5 -4 18 -12.5 -3.464 9.103 -12.5 -4 
3 16 20 -12.5 4 9.103 -12.5 4 18 -12.5 3.464 
3 16 18 -12.5 -3.464 16.536 -12.5 -2 9.103 -12.5 -4 
3 16 18 -12.5 3.464 9.103 -12.5 4 16.536 -12.5 2 
3 16 9.103 -12.5 -4 16.536 -12.5 -2 9.922 -12.5 -1.75 
3 16 9.103 -12.5 4 9.922 -12.5 1.75 16.536 -12.5 2 
3 16 16.536 -12.5 -2 16 -12.5 0 9.922 -12.5 -1.75 
3 16 16.536 -12.5 2 9.922 -12.5 1.75 16 -12.5 0 
3 16 9.922 -12.5 -1.75 16 -12.5 0 9.922 -12.5 1.75 
3 16 9.103 -33 -4 9.103 -30 -4 20 -33 -4 
3 16 9.103 -30 -4 20 -30 -4 20 -33 -4 
3 16 9.103 -30 4 9.103 -33 4 20 -30 4 
3 16 9.103 -33 4 20 -33 4 20 -30 4 
3 16 20 -30 4 18 -30 3.464 9.103 -30 4 
3 16 20 -30 -4 9.103 -30 -4 18 -30 -3.464 
3 16 18 -30 3.464 16.536 -30 2 9.103 -30 4 
3 16 18 -30 -3.464 9.103 -30 -4 16.536 -30 -2 
3 16 9.103 -30 4 16.536 -30 2 9.922 -30 1.75 
3 16 9.103 -30 -4 9.922 -30 -1.75 16.536 -30 -2 
3 16 16.536 -30 2 16 -30 0 9.922 -30 1.75 
3 16 16.536 -30 -2 9.922 -30 -1.75 16 -30 0 
3 16 9.922 -30 1.75 16 -30 0 9.922 -30 -1.75 
3 16 20 -33 -4 18 -33 -3.464 9.103 -33 -4 
3 16 20 -33 4 9.103 -33 4 18 -33 3.464 
3 16 18 -33 -3.464 16.536 -33 -2 9.103 -33 -4 
3 16 18 -33 3.464 9.103 -33 4 16.536 -33 2 
3 16 9.103 -33 -4 16.536 -33 -2 9.922 -33 -1.75 
3 16 9.103 -33 4 9.922 -33 1.75 16.536 -33 2 
3 16 16.536 -33 -2 16 -33 0 9.922 -33 -1.75 
3 16 16.536 -33 2 9.922 -33 1.75 16 -33 0 
3 16 9.922 -33 -1.75 16 -33 0 9.922 -33 1.75 
3 16 23.464 -33 2 23.464 -9.5 2 22 -33 3.464 
3 16 23.464 -9.5 2 22 -9.5 3.464 22 -33 3.464 
3 16 22 -33 3.464 22 -9.5 3.464 20 -33 4 
3 16 22 -9.5 3.464 20 -9.5 4 20 -33 4 
3 16 20 -33 4 20 -9.5 4 18 -33 3.464 
3 16 20 -9.5 4 18 -9.5 3.464 18 -33 3.464 
3 16 18 -33 3.464 18 -9.5 3.464 16.536 -33 2 
3 16 18 -9.5 3.464 16.536 -9.5 2 16.536 -33 2 
3 16 16.536 -33 2 16.536 -9.5 2 16 -33 0 
3 16 16.536 -9.5 2 16 -9.5 0 16 -33 0 
3 16 16 -33 0 16 -9.5 0 16.536 -33 -2 
3 16 16 -9.5 0 16.536 -9.5 -2 16.536 -33 -2 
3 16 16.536 -33 -2 16.536 -9.5 -2 18 -33 -3.464 
3 16 16.536 -9.5 -2 18 -9.5 -3.464 18 -33 -3.464 
3 16 18 -33 -3.464 18 -9.5 -3.464 20 -33 -4 
3 16 18 -9.5 -3.464 20 -9.5 -4 20 -33 -4 
3 16 20 -33 -4 20 -9.5 -4 22 -33 -3.464 
3 16 20 -9.5 -4 22 -9.5 -3.464 22 -33 -3.464 
3 16 22 -33 -3.464 22 -9.5 -3.464 23.464 -33 -2 
3 16 22 -9.5 -3.464 23.464 -9.5 -2 23.464 -33 -2 
3 16 23.464 -33 -2 23.464 -9.5 -2 24 -33 0 
3 16 23.464 -9.5 -2 24 -9.5 0 24 -33 0 
3 16 24 -33 0 24 -9.5 0 23.464 -33 2 
3 16 24 -9.5 0 23.464 -9.5 2 23.464 -33 2 
3 16 22 -9.5 3.464 23.464 -9.5 2 20 -9.5 0 
3 16 20 -9.5 4 22 -9.5 3.464 20 -9.5 0 
3 16 18 -9.5 3.464 20 -9.5 4 20 -9.5 0 
3 16 16.536 -9.5 2 18 -9.5 3.464 20 -9.5 0 
3 16 16 -9.5 0 16.536 -9.5 2 20 -9.5 0 
3 16 16.536 -9.5 -2 16 -9.5 0 20 -9.5 0 
3 16 18 -9.5 -3.464 16.536 -9.5 -2 20 -9.5 0 
3 16 20 -9.5 -4 18 -9.5 -3.464 20 -9.5 0 
3 16 22 -9.5 -3.464 20 -9.5 -4 20 -9.5 0 
3 16 23.464 -9.5 -2 22 -9.5 -3.464 20 -9.5 0 
3 16 24 -9.5 0 23.464 -9.5 -2 20 -9.5 0 
3 16 23.464 -9.5 2 24 -9.5 0 20 -9.5 0 
3 16 23.464 -33 2 22 -33 3.464 20 -33 0 
3 16 22 -33 3.464 20 -33 4 20 -33 0 
3 16 20 -33 4 18 -33 3.464 20 -33 0 
3 16 18 -33 3.464 16.536 -33 2 20 -33 0 
3 16 16.536 -33 2 16 -33 0 20 -33 0 
3 16 16 -33 0 16.536 -33 -2 20 -33 0 
3 16 16.536 -33 -2 18 -33 -3.464 20 -33 0 
3 16 18 -33 -3.464 20 -33 -4 20 -33 0 
3 16 20 -33 -4 22 -33 -3.464 20 -33 0 
3 16 22 -33 -3.464 23.464 -33 -2 20 -33 0 
3 16 23.464 -33 -2 24 -33 0 20 -33 0 
3 16 24 -33 0 23.464 -33 2 20 -33 0 
3 16 6.928 -47 4 6.928 -42.258 4 5.142 -47 6.128 
3 16 6.928 -42.258 4 5.142 -42.258 6.128 5.142 -47 6.128 
3 16 5.142 -47 6.128 5.142 -42.258 6.128 2.736 -47 7.518 
3 16 5.142 -42.258 6.128 2.736 -42.258 7.518 2.736 -47 7.518 
3 16 2.736 -47 7.518 2.736 -42.258 7.518 0 -47 8 
3 16 2.736 -42.258 7.518 0 -42.258 8 0 -47 8 
3 16 0 -47 8 0 -42.258 8 -2.736 -47 7.518 
3 16 0 -42.258 8 -2.736 -42.258 7.518 -2.736 -47 7.518 
3 16 -2.736 -47 7.518 -2.736 -42.258 7.518 -5.142 -47 6.128 
3 16 -2.736 -42.258 7.518 -5.142 -42.258 6.128 -5.142 -47 6.128 
3 16 -5.142 -47 6.128 -5.142 -42.258 6.128 -6.928 -47 4 
3 16 -5.142 -42.258 6.128 -6.928 -42.258 4 -6.928 -47 4 
3 16 -6.928 -47 4 -6.928 -42.258 4 -7.878 -47 1.389 
3 16 -6.928 -42.258 4 -7.878 -42.258 1.389 -7.878 -47 1.389 
3 16 -7.878 -47 1.389 -7.878 -42.258 1.389 -7.878 -47 -1.389 
3 16 -7.878 -42.258 1.389 -7.878 -42.258 -1.389 -7.878 -47 -1.389 
3 16 -7.878 -47 -1.389 -7.878 -42.258 -1.389 -6.928 -47 -4 
3 16 -7.878 -42.258 -1.389 -6.928 -42.258 -4 -6.928 -47 -4 
3 16 -6.928 -47 -4 -6.928 -42.258 -4 -5.142 -47 -6.128 
3 16 -6.928 -42.258 -4 -5.142 -42.258 -6.128 -5.142 -47 -6.128 
3 16 -5.142 -47 -6.128 -5.142 -42.258 -6.128 -2.736 -47 -7.518 
3 16 -5.142 -42.258 -6.128 -2.736 -42.258 -7.518 -2.736 -47 -7.518 
3 16 -2.736 -47 -7.518 -2.736 -42.258 -7.518 0 -47 -8 
3 16 -2.736 -42.258 -7.518 0 -42.258 -8 0 -47 -8 
3 16 0 -47 -8 0 -42.258 -8 2.736 -47 -7.518 
3 16 0 -42.258 -8 2.736 -42.258 -7.518 2.736 -47 -7.518 
3 16 2.736 -47 -7.518 2.736 -42.258 -7.518 5.142 -47 -6.128 
3 16 2.736 -42.258 -7.518 5.142 -42.258 -6.128 5.142 -47 -6.128 
3 16 5.142 -47 -6.128 5.142 -42.258 -6.128 6.928 -47 -4 
3 16 5.142 -42.258 -6.128 6.928 -42.258 -4 6.928 -47 -4 
3 16 6.928 -47 -4 6.928 -42.258 -4 7.878 -47 -1.389 
3 16 6.928 -42.258 -4 7.878 -42.258 -1.389 7.878 -47 -1.389 
3 16 7.878 -42.258 -1.389 7.878 -42.258 1.389 7.878 -47 -1.389 
3 16 7.878 -42.258 1.389 7.878 -47 1.389 7.878 -47 -1.389 
3 16 7.878 -47 1.389 7.878 -42.258 1.389 6.928 -47 4 
3 16 7.878 -42.258 1.389 6.928 -42.258 4 6.928 -47 4 
3 16 8.725 -39.5 5.037 8.725 -5.25 5.037 6.476 -39.5 7.718 
3 16 8.725 -5.25 5.037 6.476 -5.25 7.718 6.476 -39.5 7.718 
3 16 6.476 -39.5 7.718 6.476 -5.25 7.718 3.446 -39.5 9.467 
3 16 6.476 -5.25 7.718 3.446 -5.25 9.467 3.446 -39.5 9.467 
3 16 3.446 -39.5 9.467 3.446 -5.25 9.467 0 -39.5 10.075 
3 16 3.446 -5.25 9.467 0 -5.25 10.075 0 -39.5 10.075 
3 16 0 -39.5 10.075 0 -5.25 10.075 -3.446 -39.5 9.467 
3 16 0 -5.25 10.075 -3.446 -5.25 9.467 -3.446 -39.5 9.467 
3 16 -3.446 -39.5 9.467 -3.446 -5.25 9.467 -6.476 -39.5 7.718 
3 16 -3.446 -5.25 9.467 -6.476 -5.25 7.718 -6.476 -39.5 7.718 
3 16 -6.476 -39.5 7.718 -6.476 -5.25 7.718 -8.725 -39.5 5.038 
3 16 -6.476 -5.25 7.718 -8.725 -5.25 5.038 -8.725 -39.5 5.038 
3 16 -8.725 -39.5 5.038 -8.725 -5.25 5.038 -9.922 -39.5 1.75 
3 16 -8.725 -5.25 5.038 -9.922 -5.25 1.75 -9.922 -39.5 1.75 
3 16 -9.922 -39.5 1.75 -9.922 -5.25 1.75 -9.922 -39.5 -1.75 
3 16 -9.922 -5.25 1.75 -9.922 -5.25 -1.75 -9.922 -39.5 -1.75 
3 16 -9.922 -39.5 -1.75 -9.922 -5.25 -1.75 -8.725 -39.5 -5.037 
3 16 -9.922 -5.25 -1.75 -8.725 -5.25 -5.037 -8.725 -39.5 -5.037 
3 16 -8.725 -39.5 -5.037 -8.725 -5.25 -5.037 -6.476 -39.5 -7.718 
3 16 -8.725 -5.25 -5.037 -6.476 -5.25 -7.718 -6.476 -39.5 -7.718 
3 16 -6.476 -39.5 -7.718 -6.476 -5.25 -7.718 -3.446 -39.5 -9.467 
3 16 -6.476 -5.25 -7.718 -3.446 -5.25 -9.467 -3.446 -39.5 -9.467 
3 16 -3.446 -39.5 -9.467 -3.446 -5.25 -9.467 0 -39.5 -10.075 
3 16 -3.446 -5.25 -9.467 0 -5.25 -10.075 0 -39.5 -10.075 
3 16 0 -39.5 -10.075 0 -5.25 -10.075 3.446 -39.5 -9.467 
3 16 0 -5.25 -10.075 3.446 -5.25 -9.467 3.446 -39.5 -9.467 
3 16 3.446 -39.5 -9.467 3.446 -5.25 -9.467 6.476 -39.5 -7.718 
3 16 3.446 -5.25 -9.467 6.476 -5.25 -7.718 6.476 -39.5 -7.718 
3 16 6.476 -39.5 -7.718 6.476 -5.25 -7.718 8.725 -39.5 -5.038 
3 16 6.476 -5.25 -7.718 8.725 -5.25 -5.038 8.725 -39.5 -5.038 
3 16 8.725 -39.5 -5.038 8.725 -5.25 -5.038 9.922 -39.5 -1.75 
3 16 8.725 -5.25 -5.038 9.922 -5.25 -1.75 9.922 -39.5 -1.75 
3 16 9.922 -39.5 -1.75 9.922 -5.25 -1.75 9.922 -39.5 1.75 
3 16 9.922 -5.25 -1.75 9.922 -5.25 1.75 9.922 -39.5 1.75 
3 16 9.922 -39.5 1.75 9.922 -5.25 1.75 8.725 -39.5 5.037 
3 16 9.922 -5.25 1.75 8.725 -5.25 5.037 8.725 -39.5 5.037 
3 16 -6.928 -42.258 -4 -8.725 -39.5 -5.037 -5.142 -42.258 -6.128 
3 16 -6.476 -39.5 -7.718 -5.142 -42.258 -6.128 -8.725 -39.5 -5.037 
3 16 -5.142 -42.258 -6.128 -6.476 -39.5 -7.718 -2.736 -42.258 -7.518 
3 16 -3.446 -39.5 -9.467 -2.736 -42.258 -7.518 -6.476 -39.5 -7.718 
3 16 -2.736 -42.258 -7.518 -3.446 -39.5 -9.467 0 -42.258 -8 
3 16 0 -39.5 -10.075 0 -42.258 -8 -3.446 -39.5 -9.467 
3 16 0 -42.258 -8 0 -39.5 -10.075 2.736 -42.258 -7.518 
3 16 3.446 -39.5 -9.467 2.736 -42.258 -7.518 0 -39.5 -10.075 
3 16 2.736 -42.258 -7.518 3.446 -39.5 -9.467 5.142 -42.258 -6.128 
3 16 6.476 -39.5 -7.718 5.142 -42.258 -6.128 3.446 -39.5 -9.467 
3 16 5.142 -42.258 -6.128 6.476 -39.5 -7.718 6.928 -42.258 -4 
3 16 8.725 -39.5 -5.038 6.928 -42.258 -4 6.476 -39.5 -7.718 
3 16 6.928 -42.258 -4 8.725 -39.5 -5.038 7.878 -42.258 -1.389 
3 16 9.922 -39.5 -1.75 7.878 -42.258 -1.389 8.725 -39.5 -5.038 
3 16 7.878 -42.258 -1.389 9.922 -39.5 -1.75 7.878 -42.258 1.389 
3 16 9.922 -39.5 1.75 7.878 -42.258 1.389 9.922 -39.5 -1.75 
3 16 7.878 -42.258 1.389 9.922 -39.5 1.75 6.928 -42.258 4 
3 16 8.725 -39.5 5.037 6.928 -42.258 4 9.922 -39.5 1.75 
3 16 6.928 -42.258 4 8.725 -39.5 5.037 5.142 -42.258 6.128 
3 16 6.476 -39.5 7.718 5.142 -42.258 6.128 8.725 -39.5 5.037 
3 16 5.142 -42.258 6.128 6.476 -39.5 7.718 2.736 -42.258 7.518 
3 16 3.446 -39.5 9.467 2.736 -42.258 7.518 6.476 -39.5 7.718 
3 16 2.736 -42.258 7.518 3.446 -39.5 9.467 0 -42.258 8 
3 16 0 -39.5 10.075 0 -42.258 8 3.446 -39.5 9.467 
3 16 0 -42.258 8 0 -39.5 10.075 -2.736 -42.258 7.518 
3 16 -3.446 -39.5 9.467 -2.736 -42.258 7.518 0 -39.5 10.075 
3 16 -2.736 -42.258 7.518 -3.446 -39.5 9.467 -5.142 -42.258 6.128 
3 16 -6.476 -39.5 7.718 -5.142 -42.258 6.128 -3.446 -39.5 9.467 
3 16 -5.142 -42.258 6.128 -6.476 -39.5 7.718 -6.928 -42.258 4 
3 16 -8.725 -39.5 5.038 -6.928 -42.258 4 -6.476 -39.5 7.718 
3 16 -6.928 -42.258 4 -8.725 -39.5 5.038 -7.878 -42.258 1.389 
3 16 -9.922 -39.5 1.75 -7.878 -42.258 1.389 -8.725 -39.5 5.038 
3 16 -7.878 -42.258 1.389 -9.922 -39.5 1.75 -7.878 -42.258 -1.389 
3 16 -9.922 -39.5 -1.75 -7.878 -42.258 -1.389 -9.922 -39.5 1.75 
3 16 -7.878 -42.258 -1.389 -9.922 -39.5 -1.75 -6.928 -42.258 -4 
3 16 -8.725 -39.5 -5.037 -6.928 -42.258 -4 -9.922 -39.5 -1.75 
3 16 -2.736 -47 7.518 2.736 -47 7.518 0 -47 8 
3 16 -2.736 -47 7.518 -5.142 -47 6.128 2.736 -47 7.518 
3 16 -5.142 -47 6.128 5.142 -47 6.128 2.736 -47 7.518 
3 16 -5.142 -47 6.128 -6.928 -47 4 5.142 -47 6.128 
3 16 -6.928 -47 4 6.928 -47 4 5.142 -47 6.128 
3 16 -6.928 -47 4 -7.878 -47 1.389 6.928 -47 4 
3 16 -7.878 -47 1.389 7.878 -47 1.389 6.928 -47 4 
3 16 -7.878 -47 1.389 -7.878 -47 -1.389 7.878 -47 1.389 
3 16 -7.878 -47 -1.389 7.878 -47 -1.389 7.878 -47 1.389 
3 16 -7.878 -47 -1.389 -6.928 -47 -4 7.878 -47 -1.389 
3 16 -6.928 -47 -4 6.928 -47 -4 7.878 -47 -1.389 
3 16 5.142 -47 -6.128 6.928 -47 -4 -5.142 -47 -6.128 
3 16 6.928 -47 -4 -6.928 -47 -4 -5.142 -47 -6.128 
3 16 2.736 -47 -7.518 5.142 -47 -6.128 -2.736 -47 -7.518 
3 16 5.142 -47 -6.128 -5.142 -47 -6.128 -2.736 -47 -7.518 
3 16 2.736 -47 -7.518 -2.736 -47 -7.518 0 -47 -8 
3 16 -6.476 -5.25 -7.718 -8.725 -5.25 -5.037 -7.145 -5.25 -4.125 
3 16 -9.922 -5.25 1.75 -8.25 -5.25 0 -9.922 -5.25 -1.75 
3 16 -8.25 -5.25 0 -7.145 -5.25 -4.125 -9.922 -5.25 -1.75 
3 16 -9.922 -5.25 -1.75 -7.145 -5.25 -4.125 -8.725 -5.25 -5.037 
3 16 -7.145 -5.25 -4.125 -4.125 -5.25 -7.145 -6.476 -5.25 -7.718 
3 16 -6.476 -5.25 -7.718 -4.125 -5.25 -7.145 -3.446 -5.25 -9.467 
3 16 -8.25 -5.25 0 -9.922 -5.25 1.75 -7.145 -5.25 4.125 
3 16 -9.922 -5.25 1.75 -8.725 -5.25 5.038 -7.145 -5.25 4.125 
3 16 -4.125 -5.25 -7.145 0 -5.25 -8.25 -3.446 -5.25 -9.467 
3 16 -3.446 -5.25 -9.467 0 -5.25 -8.25 0 -5.25 -10.075 
3 16 0 -5.25 -10.075 0 -5.25 -8.25 3.446 -5.25 -9.467 
3 16 0 -5.25 -8.25 4.125 -5.25 -7.145 3.446 -5.25 -9.467 
3 16 3.446 -5.25 -9.467 4.125 -5.25 -7.145 6.476 -5.25 -7.718 
3 16 4.125 -5.25 -7.145 7.145 -5.25 -4.125 6.476 -5.25 -7.718 
3 16 6.476 -5.25 -7.718 7.145 -5.25 -4.125 8.725 -5.25 -5.038 
3 16 8.725 -5.25 -5.038 7.145 -5.25 -4.125 9.922 -5.25 -1.75 
3 16 7.145 -5.25 -4.125 8.25 -5.25 0 9.922 -5.25 -1.75 
3 16 9.922 -5.25 -1.75 8.25 -5.25 0 9.922 -5.25 1.75 
3 16 8.25 -5.25 0 7.145 -5.25 4.125 9.922 -5.25 1.75 
3 16 9.922 -5.25 1.75 7.145 -5.25 4.125 8.725 -5.25 5.037 
3 16 8.725 -5.25 5.037 7.145 -5.25 4.125 6.476 -5.25 7.718 
3 16 7.145 -5.25 4.125 4.125 -5.25 7.145 6.476 -5.25 7.718 
3 16 6.476 -5.25 7.718 4.125 -5.25 7.145 3.446 -5.25 9.467 
3 16 4.125 -5.25 7.145 0 -5.25 8.25 3.446 -5.25 9.467 
3 16 3.446 -5.25 9.467 0 -5.25 8.25 0 -5.25 10.075 
3 16 0 -5.25 10.075 0 -5.25 8.25 -3.446 -5.25 9.467 
3 16 0 -5.25 8.25 -4.125 -5.25 7.145 -3.446 -5.25 9.467 
3 16 -3.446 -5.25 9.467 -4.125 -5.25 7.145 -6.476 -5.25 7.718 
3 16 -4.125 -5.25 7.145 -7.145 -5.25 4.125 -6.476 -5.25 7.718 
3 16 -7.145 -5.25 4.125 -8.725 -5.25 5.038 -6.476 -5.25 7.718 
3 16 4.125 -5.25 7.145 4.125 0 7.145 0 -5.25 8.25 
3 16 4.125 0 7.145 0 0 8.25 0 -5.25 8.25 
3 16 4.125 -5.25 -7.145 4.125 0 -7.145 7.145 -5.25 -4.125 
3 16 4.125 0 -7.145 7.145 0 -4.125 7.145 -5.25 -4.125 
3 16 7.145 -5.25 -4.125 7.145 0 -4.125 8.25 -5.25 0 
3 16 7.145 0 -4.125 8.25 0 0 8.25 -5.25 0 
3 16 8.25 -5.25 0 8.25 0 0 7.145 -5.25 4.125 
3 16 8.25 0 0 7.145 0 4.125 7.145 -5.25 4.125 
3 16 7.145 -5.25 4.125 7.145 0 4.125 4.125 -5.25 7.145 
3 16 7.145 0 4.125 4.125 0 7.145 4.125 -5.25 7.145 
3 16 0 -5.25 -8.25 0 0 -8.25 4.125 -5.25 -7.145 
3 16 0 0 -8.25 4.125 0 -7.145 4.125 -5.25 -7.145 
3 16 -4.125 0 7.145 -4.125 -5.25 7.145 0 0 8.25 
3 16 0 0 8.25 -4.125 -5.25 7.145 0 -5.25 8.25 
3 16 -4.125 0 -7.145 -4.125 -5.25 -7.145 -7.145 0 -4.125 
3 16 -7.145 0 -4.125 -4.125 -5.25 -7.145 -7.145 -5.25 -4.125 
3 16 -7.145 0 -4.125 -7.145 -5.25 -4.125 -8.25 0 0 
3 16 -8.25 0 0 -7.145 -5.25 -4.125 -8.25 -5.25 0 
3 16 -8.25 0 0 -8.25 -5.25 0 -7.145 0 4.125 
3 16 -7.145 0 4.125 -8.25 -5.25 0 -7.145 -5.25 4.125 
3 16 -7.145 0 4.125 -7.145 -5.25 4.125 -4.125 0 7.145 
3 16 -4.125 0 7.145 -7.145 -5.25 4.125 -4.125 -5.25 7.145 
3 16 0 0 -8.25 0 -5.25 -8.25 -4.125 0 -7.145 
3 16 -4.125 0 -7.145 0 -5.25 -8.25 -4.125 -5.25 -7.145 
2 24 -1.077 -41.263 -8.559 -0.53 -42.258 -7.907 
2 24 -0.53 -42.258 -7.907 -0.53 -45.649 -7.907 
2 24 -1.915 -41.263 -8.411 -1.077 -41.263 -8.559 
2 24 -2.206 -42.258 -7.611 -1.915 -41.263 -8.411 
2 24 -2.206 -45.649 -7.611 -2.206 -42.258 -7.611 
2 24 -0.949 -46.386 -7.833 -1.368 -46.5 -7.759 
2 24 -1.368 -46.5 -7.759 -1.787 -46.386 -7.685 
2 24 -0.642 -46.074 -7.887 -0.949 -46.386 -7.833 
2 24 -1.787 -46.386 -7.685 -2.094 -46.074 -7.631 
2 24 -0.53 -45.649 -7.907 -0.642 -46.074 -7.887 
2 24 -2.094 -46.074 -7.631 -2.206 -45.649 -7.611 
2 24 1.915 -41.263 -8.411 2.206 -42.258 -7.611 
2 24 2.206 -42.258 -7.611 2.206 -45.649 -7.611 
2 24 1.077 -41.263 -8.559 1.915 -41.263 -8.411 
2 24 0.53 -42.258 -7.907 1.077 -41.263 -8.559 
2 24 0.53 -45.649 -7.907 0.53 -42.258 -7.907 
2 24 1.787 -46.386 -7.685 1.368 -46.5 -7.759 
2 24 1.368 -46.5 -7.759 0.949 -46.386 -7.833 
2 24 2.094 -46.074 -7.631 1.787 -46.386 -7.685 
2 24 0.949 -46.386 -7.833 0.642 -46.074 -7.887 
2 24 2.206 -45.649 -7.611 2.094 -46.074 -7.631 
2 24 0.642 -46.074 -7.887 0.53 -45.649 -7.907 
2 24 4.676 -41.263 -7.249 4.676 -42.258 -6.397 
2 24 4.676 -42.258 -6.397 4.676 -45.649 -6.397 
2 24 3.939 -41.263 -7.674 4.676 -41.263 -7.249 
2 24 3.202 -42.258 -7.249 3.939 -41.263 -7.674 
2 24 3.202 -45.649 -7.249 3.202 -42.258 -7.249 
2 24 4.308 -46.386 -6.61 3.939 -46.5 -6.823 
2 24 3.939 -46.5 -6.823 3.571 -46.386 -7.036 
2 24 4.578 -46.074 -6.454 4.308 -46.386 -6.61 
2 24 3.571 -46.386 -7.036 3.301 -46.074 -7.192 
2 24 4.676 -45.649 -6.397 4.578 -46.074 -6.454 
2 24 3.301 -46.074 -7.192 3.202 -45.649 -7.249 
2 24 6.874 -41.263 -5.212 6.582 -42.258 -4.412 
2 24 6.582 -42.258 -4.412 6.582 -45.649 -4.412 
2 24 6.326 -41.263 -5.864 6.874 -41.263 -5.212 
2 24 5.488 -42.258 -5.716 6.326 -41.263 -5.864 
2 24 5.488 -45.649 -5.716 5.488 -42.258 -5.716 
2 24 6.309 -46.386 -4.738 6.035 -46.5 -5.064 
2 24 6.035 -46.5 -5.064 5.762 -46.386 -5.39 
2 24 6.509 -46.074 -4.499 6.309 -46.386 -4.738 
2 24 5.762 -46.386 -5.39 5.561 -46.074 -5.629 
2 24 6.582 -45.649 -4.412 6.509 -46.074 -4.499 
2 24 5.561 -46.074 -5.629 5.488 -45.649 -5.716 
2 24 8.242 -41.263 -2.547 7.694 -42.258 -1.895 
2 24 7.694 -42.258 -1.895 7.694 -45.649 -1.895 
2 24 7.951 -41.263 -3.347 8.242 -41.263 -2.547 
2 24 7.112 -42.258 -3.495 7.951 -41.263 -3.347 
2 24 7.112 -45.649 -3.495 7.112 -42.258 -3.495 
2 24 7.549 -46.386 -2.295 7.403 -46.5 -2.695 
2 24 7.403 -46.5 -2.695 7.258 -46.386 -3.095 
2 24 7.655 -46.074 -2.002 7.549 -46.386 -2.295 
2 24 7.258 -46.386 -3.095 7.151 -46.074 -3.387 
2 24 7.694 -45.649 -1.895 7.655 -46.074 -2.002 
2 24 7.151 -46.074 -3.387 7.112 -45.649 -3.495 
2 24 8.616 -41.263 0.426 7.878 -42.258 0.851 
2 24 7.878 -42.258 0.851 7.878 -45.649 0.851 
2 24 8.616 -41.263 -0.426 8.616 -41.263 0.426 
2 24 7.878 -42.258 -0.851 8.616 -41.263 -0.426 
2 24 7.878 -45.649 -0.851 7.878 -42.258 -0.851 
2 24 7.878 -46.386 0.426 7.878 -46.5 0 
2 24 7.878 -46.5 0 7.878 -46.386 -0.426 
2 24 7.878 -46.074 0.737 7.878 -46.386 0.426 
2 24 7.878 -46.386 -0.426 7.878 -46.074 -0.737 
2 24 7.878 -45.649 0.851 7.878 -46.074 0.737 
2 24 7.878 -46.074 -0.737 7.878 -45.649 -0.851 
2 24 7.951 -41.263 3.347 7.112 -42.258 3.495 
2 24 7.112 -42.258 3.495 7.112 -45.649 3.495 
2 24 8.242 -41.263 2.547 7.951 -41.263 3.347 
2 24 7.694 -42.258 1.895 8.242 -41.263 2.547 
2 24 7.694 -45.649 1.895 7.694 -42.258 1.895 
2 24 7.258 -46.386 3.095 7.403 -46.5 2.695 
2 24 7.403 -46.5 2.695 7.549 -46.386 2.295 
2 24 7.151 -46.074 3.387 7.258 -46.386 3.095 
2 24 7.549 -46.386 2.295 7.655 -46.074 2.002 
2 24 7.112 -45.649 3.495 7.151 -46.074 3.387 
2 24 7.655 -46.074 2.002 7.694 -45.649 1.895 
2 24 6.326 -41.263 5.864 5.488 -42.258 5.716 
2 24 5.488 -42.258 5.716 5.488 -45.649 5.716 
2 24 6.874 -41.263 5.212 6.326 -41.263 5.864 
2 24 6.582 -42.258 4.412 6.874 -41.263 5.212 
2 24 6.582 -45.649 4.412 6.582 -42.258 4.412 
2 24 5.762 -46.386 5.39 6.035 -46.5 5.064 
2 24 6.035 -46.5 5.064 6.309 -46.386 4.738 
2 24 5.561 -46.074 5.629 5.762 -46.386 5.39 
2 24 6.309 -46.386 4.738 6.509 -46.074 4.499 
2 24 5.488 -45.649 5.716 5.561 -46.074 5.629 
2 24 6.509 -46.074 4.499 6.582 -45.649 4.412 
2 24 3.939 -41.263 7.674 3.202 -42.258 7.249 
2 24 3.202 -42.258 7.249 3.202 -45.649 7.249 
2 24 4.676 -41.263 7.249 3.939 -41.263 7.674 
2 24 4.676 -42.258 6.397 4.676 -41.263 7.249 
2 24 4.676 -45.649 6.397 4.676 -42.258 6.397 
2 24 3.571 -46.386 7.036 3.939 -46.5 6.823 
2 24 3.939 -46.5 6.823 4.308 -46.386 6.61 
2 24 3.301 -46.074 7.192 3.571 -46.386 7.036 
2 24 4.308 -46.386 6.61 4.578 -46.074 6.454 
2 24 3.202 -45.649 7.249 3.301 -46.074 7.192 
2 24 4.578 -46.074 6.454 4.676 -45.649 6.397 
2 24 1.077 -41.263 8.559 0.53 -42.258 7.907 
2 24 0.53 -42.258 7.907 0.53 -45.649 7.907 
2 24 1.915 -41.263 8.411 1.077 -41.263 8.559 
2 24 2.206 -42.258 7.611 1.915 -41.263 8.411 
2 24 2.206 -45.649 7.611 2.206 -42.258 7.611 
2 24 0.949 -46.386 7.833 1.368 -46.5 7.759 
2 24 1.368 -46.5 7.759 1.787 -46.386 7.685 
2 24 0.642 -46.074 7.887 0.949 -46.386 7.833 
2 24 1.787 -46.386 7.685 2.094 -46.074 7.631 
2 24 0.53 -45.649 7.907 0.642 -46.074 7.887 
2 24 2.094 -46.074 7.631 2.206 -45.649 7.611 
2 24 -1.915 -41.263 8.411 -2.206 -42.258 7.611 
2 24 -2.206 -42.258 7.611 -2.206 -45.649 7.611 
2 24 -1.077 -41.263 8.559 -1.915 -41.263 8.411 
2 24 -0.53 -42.258 7.907 -1.077 -41.263 8.559 
2 24 -0.53 -45.649 7.907 -0.53 -42.258 7.907 
2 24 -1.787 -46.386 7.685 -1.368 -46.5 7.759 
2 24 -1.368 -46.5 7.759 -0.949 -46.386 7.833 
2 24 -2.094 -46.074 7.631 -1.787 -46.386 7.685 
2 24 -0.949 -46.386 7.833 -0.642 -46.074 7.887 
2 24 -2.206 -45.649 7.611 -2.094 -46.074 7.631 
2 24 -0.642 -46.074 7.887 -0.53 -45.649 7.907 
2 24 -4.676 -41.263 7.249 -4.676 -42.258 6.397 
2 24 -4.676 -42.258 6.397 -4.676 -45.649 6.397 
2 24 -3.939 -41.263 7.674 -4.676 -41.263 7.249 
2 24 -3.202 -42.258 7.249 -3.939 -41.263 7.674 
2 24 -3.202 -45.649 7.249 -3.202 -42.258 7.249 
2 24 -4.308 -46.386 6.61 -3.939 -46.5 6.823 
2 24 -3.939 -46.5 6.823 -3.571 -46.386 7.036 
2 24 -4.578 -46.074 6.454 -4.308 -46.386 6.61 
2 24 -3.571 -46.386 7.036 -3.301 -46.074 7.192 
2 24 -4.676 -45.649 6.397 -4.578 -46.074 6.454 
2 24 -3.301 -46.074 7.192 -3.202 -45.649 7.249 
2 24 -6.874 -41.263 5.212 -6.582 -42.258 4.412 
2 24 -6.582 -42.258 4.412 -6.582 -45.649 4.412 
2 24 -6.326 -41.263 5.864 -6.874 -41.263 5.212 
2 24 -5.488 -42.258 5.716 -6.326 -41.263 5.864 
2 24 -5.488 -45.649 5.716 -5.488 -42.258 5.716 
2 24 -6.309 -46.386 4.738 -6.035 -46.5 5.064 
2 24 -6.035 -46.5 5.064 -5.762 -46.386 5.39 
2 24 -6.509 -46.074 4.499 -6.309 -46.386 4.738 
2 24 -5.762 -46.386 5.39 -5.561 -46.074 5.629 
2 24 -6.582 -45.649 4.412 -6.509 -46.074 4.499 
2 24 -5.561 -46.074 5.629 -5.488 -45.649 5.716 
2 24 -8.242 -41.263 2.547 -7.694 -42.258 1.895 
2 24 -7.694 -42.258 1.895 -7.694 -45.649 1.895 
2 24 -7.951 -41.263 3.347 -8.242 -41.263 2.547 
2 24 -7.112 -42.258 3.495 -7.951 -41.263 3.347 
2 24 -7.112 -45.649 3.495 -7.112 -42.258 3.495 
2 24 -7.549 -46.386 2.295 -7.403 -46.5 2.695 
2 24 -7.403 -46.5 2.695 -7.258 -46.386 3.095 
2 24 -7.655 -46.074 2.002 -7.549 -46.386 2.295 
2 24 -7.258 -46.386 3.095 -7.151 -46.074 3.387 
2 24 -7.694 -45.649 1.895 -7.655 -46.074 2.002 
2 24 -7.151 -46.074 3.387 -7.112 -45.649 3.495 
2 24 -8.616 -41.263 -0.426 -7.878 -42.258 -0.851 
2 24 -7.878 -42.258 -0.851 -7.878 -45.649 -0.851 
2 24 -8.616 -41.263 0.426 -8.616 -41.263 -0.426 
2 24 -7.878 -42.258 0.851 -8.616 -41.263 0.426 
2 24 -7.878 -45.649 0.851 -7.878 -42.258 0.851 
2 24 -7.878 -46.386 -0.426 -7.878 -46.5 0 
2 24 -7.878 -46.5 0 -7.878 -46.386 0.426 
2 24 -7.878 -46.074 -0.737 -7.878 -46.386 -0.426 
2 24 -7.878 -46.386 0.426 -7.878 -46.074 0.737 
2 24 -7.878 -45.649 -0.851 -7.878 -46.074 -0.737 
2 24 -7.878 -46.074 0.737 -7.878 -45.649 0.851 
2 24 -7.951 -41.263 -3.347 -7.112 -42.258 -3.495 
2 24 -7.112 -42.258 -3.495 -7.112 -45.649 -3.495 
2 24 -8.242 -41.263 -2.547 -7.951 -41.263 -3.347 
2 24 -7.694 -42.258 -1.895 -8.242 -41.263 -2.547 
2 24 -7.694 -45.649 -1.895 -7.694 -42.258 -1.895 
2 24 -7.258 -46.386 -3.095 -7.403 -46.5 -2.695 
2 24 -7.403 -46.5 -2.695 -7.549 -46.386 -2.295 
2 24 -7.151 -46.074 -3.387 -7.258 -46.386 -3.095 
2 24 -7.549 -46.386 -2.295 -7.655 -46.074 -2.002 
2 24 -7.112 -45.649 -3.495 -7.151 -46.074 -3.387 
2 24 -7.655 -46.074 -2.002 -7.694 -45.649 -1.895 
2 24 -6.326 -41.263 -5.864 -5.488 -42.258 -5.716 
2 24 -5.488 -42.258 -5.716 -5.488 -45.649 -5.716 
2 24 -6.874 -41.263 -5.212 -6.326 -41.263 -5.864 
2 24 -6.582 -42.258 -4.412 -6.874 -41.263 -5.212 
2 24 -6.582 -45.649 -4.412 -6.582 -42.258 -4.412 
2 24 -5.762 -46.386 -5.39 -6.035 -46.5 -5.064 
2 24 -6.035 -46.5 -5.064 -6.309 -46.386 -4.738 
2 24 -5.561 -46.074 -5.629 -5.762 -46.386 -5.39 
2 24 -6.309 -46.386 -4.738 -6.509 -46.074 -4.499 
2 24 -5.488 -45.649 -5.716 -5.561 -46.074 -5.629 
2 24 -6.509 -46.074 -4.499 -6.582 -45.649 -4.412 
2 24 -3.939 -41.263 -7.674 -3.202 -42.258 -7.249 
2 24 -3.202 -42.258 -7.249 -3.202 -45.649 -7.249 
2 24 -4.676 -41.263 -7.249 -3.939 -41.263 -7.674 
2 24 -4.676 -42.258 -6.397 -4.676 -41.263 -7.249 
2 24 -4.676 -45.649 -6.397 -4.676 -42.258 -6.397 
2 24 -3.571 -46.386 -7.036 -3.939 -46.5 -6.823 
2 24 -3.939 -46.5 -6.823 -4.308 -46.386 -6.61 
2 24 -3.301 -46.074 -7.192 -3.571 -46.386 -7.036 
2 24 -4.308 -46.386 -6.61 -4.578 -46.074 -6.454 
2 24 -3.202 -45.649 -7.249 -3.301 -46.074 -7.192 
2 24 -4.578 -46.074 -6.454 -4.676 -45.649 -6.397 
2 24 -1.25 -50.67 2.165 0 -50.67 2.5 
2 24 0 -47 4.619 -2.309 -47 3.999 
2 24 0 -50.67 2.5 1.25 -50.67 2.165 
2 24 2.309 -47 3.999 0 -47 4.619 
2 24 -2.165 -50.67 1.25 -1.25 -50.67 2.165 
2 24 -2.5 -50.67 0 -2.165 -50.67 1.25 
2 24 -3.999 -47 2.309 -4.617 -47 -0.002 
2 24 -2.165 -50.67 -1.25 -2.5 -50.67 0 
2 24 -4.617 -47 -0.002 -3.999 -47 -2.309 
2 24 -1.25 -50.67 -2.165 -2.165 -50.67 -1.25 
2 24 -3.999 -47 -2.309 -2.309 -47 -3.999 
2 24 0 -50.67 -2.5 -1.25 -50.67 -2.165 
2 24 -2.309 -47 -3.999 0 -47 -4.617 
2 24 1.25 -50.67 -2.165 0 -50.67 -2.5 
2 24 0 -47 -4.617 2.309 -47 -3.999 
2 24 2.165 -50.67 -1.25 1.25 -50.67 -2.165 
2 24 2.309 -47 -3.999 3.999 -47 -2.309 
2 24 2.5 -50.67 0 2.165 -50.67 -1.25 
2 24 3.999 -47 -2.309 4.617 -47 0 
2 24 2.165 -50.67 1.25 2.5 -50.67 0 
2 24 4.617 -47 0 3.999 -47 2.309 
2 24 1.25 -50.67 2.165 2.165 -50.67 1.25 
2 24 3.999 -47 2.309 2.309 -47 3.999 
2 24 -2.309 -47 3.999 -3.999 -47 2.309 
2 24 9.103 -12.5 -4 9.103 -9.5 -4 
2 24 20 -12.5 -4 9.103 -12.5 -4 
2 24 9.103 -9.5 -4 20 -9.5 -4 
2 24 20 -9.5 -4 20 -12.5 -4 
2 24 9.103 -9.5 4 9.103 -12.5 4 
2 24 20 -9.5 4 9.103 -9.5 4 
2 24 9.103 -12.5 4 20 -12.5 4 
2 24 20 -12.5 4 20 -9.5 4 
2 24 9.922 -9.5 1.75 9.103 -9.5 4 
2 24 9.103 -9.5 -4 9.922 -9.5 -1.75 
2 24 9.922 -9.5 -1.75 9.922 -9.5 1.75 
2 24 20 -12.5 -4 18 -12.5 -3.464 
2 24 18 -12.5 3.464 20 -12.5 4 
2 24 18 -12.5 -3.464 16.536 -12.5 -2 
2 24 16.536 -12.5 2 18 -12.5 3.464 
2 24 9.922 -12.5 -1.75 9.103 -12.5 -4 
2 24 9.103 -12.5 4 9.922 -12.5 1.75 
2 24 16.536 -12.5 -2 16 -12.5 0 
2 24 16 -12.5 0 16.536 -12.5 2 
2 24 9.922 -12.5 1.75 9.922 -12.5 -1.75 
2 24 9.103 -33 -4 9.103 -30 -4 
2 24 20 -33 -4 9.103 -33 -4 
2 24 9.103 -30 -4 20 -30 -4 
2 24 20 -30 -4 20 -33 -4 
2 24 9.103 -30 4 9.103 -33 4 
2 24 20 -30 4 9.103 -30 4 
2 24 9.103 -33 4 20 -33 4 
2 24 20 -33 4 20 -30 4 
2 24 20 -30 4 18 -30 3.464 
2 24 18 -30 -3.464 20 -30 -4 
2 24 18 -30 3.464 16.536 -30 2 
2 24 16.536 -30 -2 18 -30 -3.464 
2 24 9.922 -30 1.75 9.103 -30 4 
2 24 9.103 -30 -4 9.922 -30 -1.75 
2 24 16.536 -30 2 16 -30 0 
2 24 16 -30 0 16.536 -30 -2 
2 24 9.922 -30 -1.75 9.922 -30 1.75 
2 24 9.922 -33 -1.75 9.103 -33 -4 
2 24 9.103 -33 4 9.922 -33 1.75 
2 24 9.922 -33 1.75 9.922 -33 -1.75 
2 24 22 -33 3.464 23.464 -33 2 
2 24 23.464 -9.5 2 22 -9.5 3.464 
2 24 20 -33 4 22 -33 3.464 
2 24 22 -9.5 3.464 20 -9.5 4 
2 24 22 -33 -3.464 20 -33 -4 
2 24 20 -9.5 -4 22 -9.5 -3.464 
2 24 23.464 -33 -2 22 -33 -3.464 
2 24 22 -9.5 -3.464 23.464 -9.5 -2 
2 24 24 -33 0 23.464 -33 -2 
2 24 23.464 -9.5 -2 24 -9.5 0 
2 24 23.464 -33 2 24 -33 0 
2 24 24 -9.5 0 23.464 -9.5 2 
2 24 5.142 -47 6.128 6.928 -47 4 
2 24 6.928 -42.258 4 5.142 -42.258 6.128 
2 24 2.736 -47 7.518 5.142 -47 6.128 
2 24 5.142 -42.258 6.128 2.736 -42.258 7.518 
2 24 0 -47 8 2.736 -47 7.518 
2 24 2.736 -42.258 7.518 0 -42.258 8 
2 24 -2.736 -47 7.518 0 -47 8 
2 24 0 -42.258 8 -2.736 -42.258 7.518 
2 24 -5.142 -47 6.128 -2.736 -47 7.518 
2 24 -2.736 -42.258 7.518 -5.142 -42.258 6.128 
2 24 -6.928 -47 4 -5.142 -47 6.128 
2 24 -5.142 -42.258 6.128 -6.928 -42.258 4 
2 24 -7.878 -47 1.389 -6.928 -47 4 
2 24 -6.928 -42.258 4 -7.878 -42.258 1.389 
2 24 -7.878 -47 -1.389 -7.878 -47 1.389 
2 24 -7.878 -42.258 1.389 -7.878 -42.258 -1.389 
2 24 -6.928 -47 -4 -7.878 -47 -1.389 
2 24 -7.878 -42.258 -1.389 -6.928 -42.258 -4 
2 24 -5.142 -47 -6.128 -6.928 -47 -4 
2 24 -6.928 -42.258 -4 -5.142 -42.258 -6.128 
2 24 -2.736 -47 -7.518 -5.142 -47 -6.128 
2 24 -5.142 -42.258 -6.128 -2.736 -42.258 -7.518 
2 24 0 -47 -8 -2.736 -47 -7.518 
2 24 -2.736 -42.258 -7.518 0 -42.258 -8 
2 24 2.736 -47 -7.518 0 -47 -8 
2 24 0 -42.258 -8 2.736 -42.258 -7.518 
2 24 5.142 -47 -6.128 2.736 -47 -7.518 
2 24 2.736 -42.258 -7.518 5.142 -42.258 -6.128 
2 24 6.928 -47 -4 5.142 -47 -6.128 
2 24 5.142 -42.258 -6.128 6.928 -42.258 -4 
2 24 7.878 -47 -1.389 6.928 -47 -4 
2 24 6.928 -42.258 -4 7.878 -42.258 -1.389 
2 24 7.878 -42.258 -1.389 7.878 -42.258 1.389 
2 24 7.878 -47 1.389 7.878 -47 -1.389 
2 24 6.928 -47 4 7.878 -47 1.389 
2 24 7.878 -42.258 1.389 6.928 -42.258 4 
2 24 6.476 -39.5 7.718 8.725 -39.5 5.037 
2 24 8.725 -5.25 5.037 6.476 -5.25 7.718 
2 24 3.446 -39.5 9.467 6.476 -39.5 7.718 
2 24 6.476 -5.25 7.718 3.446 -5.25 9.467 
2 24 0 -39.5 10.075 3.446 -39.5 9.467 
2 24 3.446 -5.25 9.467 0 -5.25 10.075 
2 24 -3.446 -39.5 9.467 0 -39.5 10.075 
2 24 0 -5.25 10.075 -3.446 -5.25 9.467 
2 24 -6.476 -39.5 7.718 -3.446 -39.5 9.467 
2 24 -3.446 -5.25 9.467 -6.476 -5.25 7.718 
2 24 -8.725 -39.5 5.038 -6.476 -39.5 7.718 
2 24 -6.476 -5.25 7.718 -8.725 -5.25 5.038 
2 24 -9.922 -39.5 1.75 -8.725 -39.5 5.038 
2 24 -8.725 -5.25 5.038 -9.922 -5.25 1.75 
2 24 -9.922 -39.5 -1.75 -9.922 -39.5 1.75 
2 24 -9.922 -5.25 1.75 -9.922 -5.25 -1.75 
2 24 -8.725 -39.5 -5.037 -9.922 -39.5 -1.75 
2 24 -9.922 -5.25 -1.75 -8.725 -5.25 -5.037 
2 24 -6.476 -39.5 -7.718 -8.725 -39.5 -5.037 
2 24 -8.725 -5.25 -5.037 -6.476 -5.25 -7.718 
2 24 -3.446 -39.5 -9.467 -6.476 -39.5 -7.718 
2 24 -6.476 -5.25 -7.718 -3.446 -5.25 -9.467 
2 24 0 -39.5 -10.075 -3.446 -39.5 -9.467 
2 24 -3.446 -5.25 -9.467 0 -5.25 -10.075 
2 24 3.446 -39.5 -9.467 0 -39.5 -10.075 
2 24 0 -5.25 -10.075 3.446 -5.25 -9.467 
2 24 6.476 -39.5 -7.718 3.446 -39.5 -9.467 
2 24 3.446 -5.25 -9.467 6.476 -5.25 -7.718 
2 24 8.725 -39.5 -5.038 6.476 -39.5 -7.718 
2 24 6.476 -5.25 -7.718 8.725 -5.25 -5.038 
2 24 9.922 -39.5 -1.75 8.725 -39.5 -5.038 
2 24 8.725 -5.25 -5.038 9.922 -5.25 -1.75 
2 24 9.922 -39.5 1.75 9.922 -39.5 -1.75 
2 24 9.922 -5.25 -1.75 9.922 -5.25 1.75 
2 24 8.725 -39.5 5.037 9.922 -39.5 1.75 
2 24 9.922 -5.25 1.75 8.725 -5.25 5.037 
2 24 -8.25 -5.25 0 -7.145 -5.25 -4.125 
2 24 -7.145 -5.25 -4.125 -4.125 -5.25 -7.145 
2 24 -7.145 -5.25 4.125 -8.25 -5.25 0 
2 24 -4.125 -5.25 -7.145 0 -5.25 -8.25 
2 24 0 -5.25 -8.25 4.125 -5.25 -7.145 
2 24 4.125 -5.25 -7.145 7.145 -5.25 -4.125 
2 24 7.145 -5.25 -4.125 8.25 -5.25 0 
2 24 8.25 -5.25 0 7.145 -5.25 4.125 
2 24 7.145 -5.25 4.125 4.125 -5.25 7.145 
2 24 4.125 -5.25 7.145 0 -5.25 8.25 
2 24 0 -5.25 8.25 -4.125 -5.25 7.145 
2 24 -4.125 -5.25 7.145 -7.145 -5.25 4.125 
2 24 4.125 0 7.145 0 0 8.25 
2 24 4.125 0 -7.145 7.145 0 -4.125 
2 24 7.145 0 -4.125 8.25 0 0 
2 24 8.25 0 0 7.145 0 4.125 
2 24 7.145 0 4.125 4.125 0 7.145 
2 24 0 0 -8.25 4.125 0 -7.145 
2 24 0 0 8.25 -4.125 0 7.145 
2 24 -7.145 0 -4.125 -4.125 0 -7.145 
2 24 -8.25 0 0 -7.145 0 -4.125 
2 24 -7.145 0 4.125 -8.25 0 0 
2 24 -4.125 0 7.145 -7.145 0 4.125 
2 24 -4.125 0 -7.145 0 0 -8.25 

0 // Inside
3 16 3.125 0 5.413 5.413 0 3.122 3.125 -39.5 5.413 
3 16 3.125 -39.5 5.413 5.413 0 3.122 5.413 -39.5 3.123 
3 16 5.413 0 3.122 6.25 0 0 5.413 -39.5 3.123 
3 16 5.413 -39.5 3.123 6.25 0 0 6.25 -39.5 0 
3 16 5.413 -39.5 -3.125 6.25 -39.5 0 5.413 0 -3.125 
3 16 6.25 -39.5 0 6.25 0 0 5.413 0 -3.125 
3 16 5.413 0 -3.125 3.125 0 -5.413 5.413 -39.5 -3.125 
3 16 3.125 0 -5.413 3.125 -39.5 -5.413 5.413 -39.5 -3.125 
3 16 0 -39.5 -6.25 3.125 -39.5 -5.413 0 0 -6.25 
3 16 3.125 -39.5 -5.413 3.125 0 -5.413 0 0 -6.25 
3 16 0.835 -45.773 -1.447 0 -46.25 0 1.447 -45.773 -0.835 
3 16 1.447 -45.773 0.835 0 -46.25 0 0.835 -45.773 1.447 
3 16 0 -44.622 2.959 0 -39.5 6.25 3.125 -39.5 5.413 
3 16 1.48 -44.622 -2.563 0 -44.622 -2.959 0.835 -45.773 -1.447 
3 16 0.835 -45.773 -1.447 0 -44.622 -2.959 0 -45.773 -1.671 
3 16 1.48 -44.622 2.563 0 -44.622 2.959 3.125 -39.5 5.413 
3 16 3.125 -39.5 5.413 5.413 -39.5 3.123 1.48 -44.622 2.563 
3 16 2.563 -44.622 1.48 1.48 -44.622 2.563 5.413 -39.5 3.123 
3 16 1.48 -44.622 2.563 2.563 -44.622 1.48 0.835 -45.773 1.447 
3 16 1.447 -45.773 0.835 0.835 -45.773 1.447 2.563 -44.622 1.48 
3 16 5.413 -39.5 3.123 6.25 -39.5 0 2.563 -44.622 1.48 
3 16 6.25 -39.5 0 2.959 -44.622 0 2.563 -44.622 1.48 
3 16 2.563 -44.622 1.48 2.959 -44.622 0 1.447 -45.773 0.835 
3 16 1.672 -45.773 0 1.447 -45.773 0.835 2.959 -44.622 0 
3 16 2.563 -44.622 -1.48 2.959 -44.622 0 5.413 -39.5 -3.125 
3 16 2.959 -44.622 0 6.25 -39.5 0 5.413 -39.5 -3.125 
3 16 2.959 -44.622 0 2.563 -44.622 -1.48 1.672 -45.773 0 
3 16 1.672 -45.773 0 2.563 -44.622 -1.48 1.447 -45.773 -0.835 
3 16 1.48 -44.622 -2.563 2.563 -44.622 -1.48 3.125 -39.5 -5.413 
3 16 1.447 -45.773 -0.835 2.563 -44.622 -1.48 1.48 -44.622 -2.563 
3 16 1.447 -45.773 -0.835 1.48 -44.622 -2.563 0.835 -45.773 -1.447 
3 16 3.125 -39.5 5.413 0 -39.5 6.25 3.125 0 5.413 
3 16 0 -39.5 6.25 0 0 6.25 3.125 0 5.413 
3 16 0 -45.773 -1.671 0 -46.25 0 0.835 -45.773 -1.447 
3 16 0 -46.25 0 0 -45.773 1.672 0.835 -45.773 1.447 
3 16 1.447 -45.773 0.835 1.672 -45.773 0 0 -46.25 0 
3 16 0 -46.25 0 1.672 -45.773 0 1.447 -45.773 -0.835 
3 16 0 -44.622 -2.959 1.48 -44.622 -2.563 0 -39.5 -6.25 
3 16 1.48 -44.622 -2.563 3.125 -39.5 -5.413 0 -39.5 -6.25 
3 16 0 -44.622 2.959 1.48 -44.622 2.563 0 -45.773 1.672 
3 16 0 -45.773 1.672 1.48 -44.622 2.563 0.835 -45.773 1.447 
3 16 3.125 -39.5 -5.413 2.563 -44.622 -1.48 5.413 -39.5 -3.125 
3 16 -5.413 0 3.122 -3.125 0 5.413 -5.413 -39.5 3.123 
3 16 -3.125 0 5.413 -3.125 -39.5 5.413 -5.413 -39.5 3.123 
3 16 -6.25 0 0 -5.413 0 3.122 -6.25 -39.5 0 
3 16 -5.413 0 3.122 -5.413 -39.5 3.123 -6.25 -39.5 0 
3 16 -6.25 -39.5 0 -5.413 -39.5 -3.125 -6.25 0 0 
3 16 -6.25 0 0 -5.413 -39.5 -3.125 -5.413 0 -3.125 
3 16 -3.125 0 -5.413 -5.413 0 -3.125 -3.125 -39.5 -5.413 
3 16 -3.125 -39.5 -5.413 -5.413 0 -3.125 -5.413 -39.5 -3.125 
3 16 -3.125 -39.5 -5.413 0 -39.5 -6.25 -3.125 0 -5.413 
3 16 -3.125 0 -5.413 0 -39.5 -6.25 0 0 -6.25 
3 16 -0.835 -45.773 -1.447 -1.447 -45.773 -0.835 0 -46.25 0 
3 16 -1.447 -45.773 0.835 -0.835 -45.773 1.447 0 -46.25 0 
3 16 0 -39.5 6.25 -1.48 -44.622 2.563 -3.125 -39.5 5.413 
3 16 0 -44.622 -2.959 -1.48 -44.622 -2.563 0 -45.773 -1.671 
3 16 -1.48 -44.622 -2.563 -0.835 -45.773 -1.447 0 -45.773 -1.671 
3 16 0 -44.622 2.959 -1.48 -44.622 2.563 0 -39.5 6.25 
3 16 -5.413 -39.5 3.123 -3.125 -39.5 5.413 -2.563 -44.622 1.48 
3 16 -1.48 -44.622 2.563 -2.563 -44.622 1.48 -3.125 -39.5 5.413 
3 16 -2.563 -44.622 1.48 -1.48 -44.622 2.563 -1.447 -45.773 0.835 
3 16 -0.835 -45.773 1.447 -1.447 -45.773 0.835 -1.48 -44.622 2.563 
3 16 -6.25 -39.5 0 -5.413 -39.5 3.123 -2.959 -44.622 0 
3 16 -2.959 -44.622 0 -5.413 -39.5 3.123 -2.563 -44.622 1.48 
3 16 -2.959 -44.622 0 -2.563 -44.622 1.48 -1.672 -45.773 0 
3 16 -1.447 -45.773 0.835 -1.672 -45.773 0 -2.563 -44.622 1.48 
3 16 -2.959 -44.622 0 -2.563 -44.622 -1.48 -6.25 -39.5 0 
3 16 -6.25 -39.5 0 -2.563 -44.622 -1.48 -5.413 -39.5 -3.125 
3 16 -2.563 -44.622 -1.48 -2.959 -44.622 0 -1.447 -45.773 -0.835 
3 16 -2.959 -44.622 0 -1.672 -45.773 0 -1.447 -45.773 -0.835 
3 16 -2.563 -44.622 -1.48 -1.48 -44.622 -2.563 -5.413 -39.5 -3.125 
3 16 -1.48 -44.622 -2.563 -2.563 -44.622 -1.48 -0.835 -45.773 -1.447 
3 16 0 -39.5 6.25 -3.125 -39.5 5.413 0 0 6.25 
3 16 0 0 6.25 -3.125 -39.5 5.413 -3.125 0 5.413 
3 16 0 -45.773 -1.671 -0.835 -45.773 -1.447 0 -46.25 0 
3 16 0 -46.25 0 -0.835 -45.773 1.447 0 -45.773 1.672 
3 16 -1.447 -45.773 0.835 0 -46.25 0 -1.672 -45.773 0 
3 16 0 -46.25 0 -1.447 -45.773 -0.835 -1.672 -45.773 0 
3 16 -1.48 -44.622 -2.563 0 -44.622 -2.959 -3.125 -39.5 -5.413 
3 16 -3.125 -39.5 -5.413 0 -44.622 -2.959 0 -39.5 -6.25 
3 16 -1.48 -44.622 2.563 0 -44.622 2.959 -0.835 -45.773 1.447 
3 16 0 -44.622 2.959 0 -45.773 1.672 -0.835 -45.773 1.447 
3 16 -1.48 -44.622 -2.563 -3.125 -39.5 -5.413 -5.413 -39.5 -3.125 
3 16 -0.835 -45.773 -1.447 -2.563 -44.622 -1.48 -1.447 -45.773 -0.835 
3 16 7.145 0 -4.125 5.413 0 -3.125 8.25 0 0 
3 16 5.413 0 -3.125 6.25 0 0 8.25 0 0 
3 16 8.25 0 0 6.25 0 0 7.145 0 4.125 
3 16 7.145 0 4.125 6.25 0 0 5.413 0 3.122 
3 16 0 0 6.25 0 0 8.25 3.125 0 5.413 
3 16 0 0 8.25 4.125 0 7.145 3.125 0 5.413 
3 16 7.145 0 4.125 5.413 0 3.122 4.125 0 7.145 
3 16 3.125 0 5.413 4.125 0 7.145 5.413 0 3.122 
3 16 0 0 -8.25 0 0 -6.25 4.125 0 -7.145 
3 16 4.125 0 -7.145 0 0 -6.25 3.125 0 -5.413 
3 16 7.145 0 -4.125 3.125 0 -5.413 5.413 0 -3.125 
3 16 7.145 0 -4.125 4.125 0 -7.145 3.125 0 -5.413 
3 16 -8.25 0 0 -6.25 0 0 -7.145 0 -4.125 
3 16 -7.145 0 -4.125 -6.25 0 0 -5.413 0 -3.125 
3 16 -7.145 0 4.125 -5.413 0 3.122 -8.25 0 0 
3 16 -5.413 0 3.122 -6.25 0 0 -8.25 0 0 
3 16 -3.125 0 5.413 -4.125 0 7.145 0 0 6.25 
3 16 0 0 6.25 -4.125 0 7.145 0 0 8.25 
3 16 -4.125 0 7.145 -3.125 0 5.413 -7.145 0 4.125 
3 16 -5.413 0 3.122 -7.145 0 4.125 -3.125 0 5.413 
3 16 -4.125 0 -7.145 -3.125 0 -5.413 0 0 -8.25 
3 16 -3.125 0 -5.413 0 0 -6.25 0 0 -8.25 
3 16 -5.413 0 -3.125 -3.125 0 -5.413 -4.125 0 -7.145 
3 16 -5.413 0 -3.125 -4.125 0 -7.145 -7.145 0 -4.125 
2 24 3.125 0 5.413 5.413 0 3.122 
2 24 5.413 -39.5 3.123 3.125 -39.5 5.413 
2 24 5.413 0 3.122 6.25 0 0 
2 24 6.25 -39.5 0 5.413 -39.5 3.123 
2 24 5.413 -39.5 -3.125 6.25 -39.5 0 
2 24 6.25 0 0 5.413 0 -3.125 
2 24 5.413 0 -3.125 3.125 0 -5.413 
2 24 3.125 -39.5 -5.413 5.413 -39.5 -3.125 
2 24 0 -39.5 -6.25 3.125 -39.5 -5.413 
2 24 3.125 0 -5.413 0 0 -6.25 
2 24 0 -39.5 6.25 3.125 -39.5 5.413 
2 24 0 0 6.25 3.125 0 5.413 
2 24 -5.413 0 3.122 -3.125 0 5.413 
2 24 -3.125 -39.5 5.413 -5.413 -39.5 3.123 
2 24 -6.25 0 0 -5.413 0 3.122 
2 24 -5.413 -39.5 3.123 -6.25 -39.5 0 
2 24 -6.25 -39.5 0 -5.413 -39.5 -3.125 
2 24 -5.413 0 -3.125 -6.25 0 0 
2 24 -3.125 0 -5.413 -5.413 0 -3.125 
2 24 -5.413 -39.5 -3.125 -3.125 -39.5 -5.413 
2 24 -3.125 -39.5 -5.413 0 -39.5 -6.25 
2 24 0 0 -6.25 -3.125 0 -5.413 
2 24 -3.125 -39.5 5.413 0 -39.5 6.25 
2 24 -3.125 0 5.413 0 0 6.25 
2 24 8.25 0 0 7.145 0 -4.125 
2 24 7.145 0 4.125 8.25 0 0 
2 24 0 0 8.25 4.125 0 7.145 
2 24 4.125 0 7.145 7.145 0 4.125 
2 24 4.125 0 -7.145 0 0 -8.25 
2 24 7.145 0 -4.125 4.125 0 -7.145 
2 24 -7.145 0 -4.125 -8.25 0 0 
2 24 -8.25 0 0 -7.145 0 4.125 
2 24 -4.125 0 7.145 0 0 8.25 
2 24 -7.145 0 4.125 -4.125 0 7.145 
2 24 0 0 -8.25 -4.125 0 -7.145 
2 24 -4.125 0 -7.145 -7.145 0 -4.125 

