0 Tile 1 x 3 with Groove
0 Name: 63864.dat
0 Author: Tim Gould [timgould]
0 !LDRAW_ORG Part UPDATE 2010-01
0 !LICENSE Redistributable under CCAL version 2.0 : see CAreadme.txt
0 BFC CCW
0 !HISTORY 2010-04-05 [PTadmin] Official Update 2010-01
4 16 -30.000 0.000 -10.000 30.000 0.000 -10.000 30.000 0.000 10.000 -30.000 0.000 10.000
1 16 0.000 0.000 0.000 30.000 0.000 0.000 0.000 7.000 0.000 0.000 0.000 10.000 box4.dat
1 16 0.000 7.000 0.000 29.000 0.000 0.000 0.000 1.000 0.000 0.000 0.000 9.000 box4.dat
0 BFC INVERTNEXT
1 16 0.000 8.000 0.000 -26.000 0.000 0.000 0.000 -4.000 0.000 0.000 0.000 6.000 box5.dat
4 16 -30.000 7.000 -10.000 -29.000 7.000 -9.000 29.000 7.000 -9.000 30.000 7.000 -10.000
4 16 30.000 7.000 10.000 29.000 7.000 9.000 -29.000 7.000 9.000 -30.000 7.000 10.000
4 16 -30.000 7.000 -10.000 -30.000 7.000 10.000 -29.000 7.000 9.000 -29.000 7.000 -9.000
4 16 30.000 7.000 10.000 30.000 7.000 -10.000 29.000 7.000 -9.000 29.000 7.000 9.000
4 16 -29.000 8.000 -9.000 -26.000 8.000 -6.000 26.000 8.000 -6.000 29.000 8.000 -9.000
4 16 29.000 8.000 9.000 26.000 8.000 6.000 -26.000 8.000 6.000 -29.000 8.000 9.000
4 16 -29.000 8.000 -9.000 -29.000 8.000 9.000 -26.000 8.000 6.000 -26.000 8.000 -6.000
4 16 29.000 8.000 9.000 29.000 8.000 -9.000 26.000 8.000 -6.000 26.000 8.000 6.000
1 16 10.000 4.000 0.000 1.000 0.000 0.000 0.000 -1.000 0.000 0.000 0.000 1.000 stud3.dat
1 16 -10.000 4.000 0.000 1.000 0.000 0.000 0.000 -1.000 0.000 0.000 0.000 1.000 stud3.dat
0