0 CAT W/HOLE Ø 1.5 (Needs Work)
0 Name: 93089.dat
0 Author: <AuthorRealName> [<AuthorLDrawName>]
0 !LDRAW_ORG Unofficial_Part
0 !LICENSE Redistributable under CCAL version 2.0 : see CAreadme.txt

0 BFC CERTIFY CCW

0 !HISTORY 2013-08-14 {LEGO Digital Designer} Original part shape
0 !HISTORY 2013-08-14 [<AuthorLDrawName>] File preparation for LDraw Parts Tracker

0 // Needs Work: Clean necessary

0 // Outside
3 16 1.309 -21.682 -45.314 1.385 -24.062 -46.894 -0.754 -21.986 -45.596 
3 16 -0.754 -21.986 -45.596 1.385 -24.062 -46.894 -0.337 -24.124 -47.053 
3 16 -4.285 -15.273 -33.071 0.504 -13.583 -33.763 -1.137 -18.751 -38.682 
3 16 0.504 -13.583 -33.763 1.186 -18.803 -38.687 -1.137 -18.751 -38.682 
3 16 -5.854 -23.77 -37.533 -8.866 -19.621 -29.358 -3.903 -20.105 -38.484 
3 16 -3.903 -20.105 -38.484 -8.866 -19.621 -29.358 -4.285 -15.273 -33.071 
3 16 9.372 -5.284 1.325 9.682 0.012 0.789 5.85 -4.945 3.912 
3 16 5.85 -4.945 3.912 9.682 0.012 0.789 5.714 -2.517 3.635 
3 16 7.432 0 3.141 5.714 -2.517 3.635 9.682 0.012 0.789 
3 16 6.435 -19.473 -36.795 10.589 -21.229 -32.479 6.234 -25.809 -38.29 
3 16 9.8 -26.903 -34.215 6.234 -25.809 -38.29 10.589 -21.229 -32.479 
3 16 4.677 -21.733 -11.399 4.685 -22.255 -7.987 1.731 -22.537 -10.85 
3 16 4.685 -22.255 -7.987 1.746 -23.076 -7.783 1.731 -22.537 -10.85 
3 16 -5.698 -1.101 3.572 -8.125 0 2.494 -5.732 -4.876 3.83 
3 16 -5.732 -4.876 3.83 -8.125 0 2.494 -9.492 -5.272 1.462 
3 16 -8.125 0 2.494 -9.853 0 -0.027 -9.492 -5.272 1.462 
3 16 9.682 0.012 0.789 6.125 0 0 7.432 0 3.141 
3 16 6.125 0 0 5.825 0 1.893 7.432 0 3.141 
3 16 -9.244 -13.751 -17.339 -8.646 -17.748 -12.699 -9.341 -13.434 -12.837 
3 16 -8.646 -17.748 -12.699 -4.415 -21.782 -11.29 -8.711 -19.127 -6.624 
3 16 -4.171 -22.55 -7.355 -8.711 -19.127 -6.624 -4.415 -21.782 -11.29 
3 16 -0.111 -18.571 9.709 -5.249 -19.169 8.251 0.193 -24.431 8.842 
3 16 -5.249 -19.169 8.251 -2.57 -25.254 7.656 0.193 -24.431 8.842 
3 16 5.564 -18.954 7.935 2.755 -25.196 7.658 9.346 -20.027 3.612 
3 16 2.755 -25.196 7.658 4.231 -26.227 4.913 9.346 -20.027 3.612 
3 16 6.393 -24.721 3.29 9.346 -20.027 3.612 4.231 -26.227 4.913 
3 16 -7.569 -5.562 -28.006 -6.997 0 -27.916 0.161 -5.319 -28.894 
3 16 0.211 0 -29.224 0.161 -5.319 -28.894 -6.997 0 -27.916 
3 16 -9.726 -5.421 -3.31 -9.492 -5.272 1.462 -9.461 0 -4.409 
3 16 -9.492 -5.272 1.462 -9.853 0 -0.027 -9.461 0 -4.409 
3 16 -0.188 0 -9.48 -5.039 0.078 -9.804 -3.6 0 -4.955 
3 16 -5.039 0.078 -9.804 -9.461 0 -4.409 -3.6 0 -4.955 
3 16 -9.461 0 -4.409 -5.39 0 -2.746 -3.6 0 -4.955 
3 16 8.04 0.12 -8.267 5.698 0 -9.537 9.676 0.003 -4.845 
3 16 9.728 -5.278 -5.639 8.05 -8.03 -5.147 7.801 -5.244 -9.172 
3 16 7.801 -5.244 -9.172 8.05 -8.03 -5.147 7.013 -6.648 -8.831 
3 16 9.606 0 -20.443 5.39 0 -22.746 6.125 0 -20 
3 16 -10.023 -5.507 -21.214 -9.456 -5.505 -17.783 -9.839 0 -21.386 
3 16 -9.375 0 -18.531 -9.839 0 -21.386 -9.456 -5.505 -17.783 
3 16 9.529 -19.99 0.513 5.807 -25.762 -0.202 8.509 -19.663 -3.306 
3 16 5.807 -25.762 -0.202 5.461 -24.267 -2.789 8.509 -19.663 -3.306 
3 16 2.843 -25.867 -2.636 5.461 -24.267 -2.789 3.039 -27.555 2.514 
3 16 5.461 -24.267 -2.789 5.807 -25.762 -0.202 3.039 -27.555 2.514 
3 16 3.039 -27.555 2.514 5.807 -25.762 -0.202 6.393 -24.721 3.29 
3 16 3.039 -27.555 2.514 0.6 -28.184 1.369 2.843 -25.867 -2.636 
3 16 0.6 -28.184 1.369 -0.296 -26.38 -2.764 2.843 -25.867 -2.636 
3 16 -8.505 -20.374 4.575 -8.75 -20.539 -1.8 -4.193 -26.316 5.089 
3 16 -4.193 -26.316 5.089 -8.75 -20.539 -1.8 -2.654 -27.748 2.349 
3 16 -8.75 -20.539 -1.8 -4.145 -25.505 -2.211 -2.654 -27.748 2.349 
3 16 -9.341 -13.434 -12.837 -9.46 -14.313 -6.486 -8.165 -10.384 -12.527 
3 16 -9.46 -14.313 -6.486 -8.1 -10.201 -7.42 -8.165 -10.384 -12.527 
3 16 -9.492 -5.272 1.462 -8.722 -9.899 2.116 -5.732 -4.876 3.83 
3 16 -8.722 -9.899 2.116 -5.921 -9.275 4.54 -5.732 -4.876 3.83 
3 16 9.372 -5.284 1.325 5.85 -4.945 3.912 8.837 -9.732 1.69 
3 16 5.85 -4.945 3.912 5.972 -9.302 4.681 8.837 -9.732 1.69 
3 16 -0.239 -3.771 -9.949 -0.295 -5.03 -10.003 -5.273 -4.609 -10.207 
3 16 -5.273 -4.609 -10.207 -0.295 -5.03 -10.003 -4.773 -6.65 -9.965 
3 16 5.458 -4.658 -10.162 7.801 -5.244 -9.172 7.013 -6.648 -8.831 
3 16 5.834 -32.568 -37.47 8.679 -32.699 -34.091 5.769 -35.161 -35.656 
3 16 9.381 -34.149 -30.896 5.665 -37.344 -32.779 8.679 -32.699 -34.091 
3 16 5.665 -37.344 -32.779 5.769 -35.161 -35.656 8.679 -32.699 -34.091 
3 16 -8.866 -19.621 -29.358 -7.448 -16.864 -23.668 -4.285 -15.273 -33.071 
3 16 -7.448 -16.864 -23.668 -3.925 -13.953 -26.026 -4.285 -15.273 -33.071 
3 16 -0.111 -18.571 9.709 0.193 -24.431 8.842 5.564 -18.954 7.935 
3 16 2.755 -25.196 7.658 5.564 -18.954 7.935 0.193 -24.431 8.842 
3 16 1.458 -37.133 -34.938 3.089 -35.267 -36.997 2.039 -37.903 -33.75 
3 16 6.252 0 -28.589 6.378 -5.605 -28.634 0.211 0 -29.224 
3 16 0.211 0 -29.224 6.378 -5.605 -28.634 0.161 -5.319 -28.894 
3 16 -5.38 -6.949 -12.436 -4.773 -6.65 -9.965 -0.223 -5.21 -12.805 
3 16 -4.773 -6.65 -9.965 -0.295 -5.03 -10.003 -0.223 -5.21 -12.805 
3 16 -0.295 -5.03 -10.003 4.636 -6.621 -9.86 -0.223 -5.21 -12.805 
3 16 4.636 -6.621 -9.86 4.68 -6.522 -12.492 -0.223 -5.21 -12.805 
3 16 -0.239 -3.771 -9.949 5.458 -4.658 -10.162 -0.295 -5.03 -10.003 
3 16 -0.295 -5.03 -10.003 5.458 -4.658 -10.162 4.636 -6.621 -9.86 
3 16 -5.39 0 -22.746 -9.839 0 -21.386 -6.125 0 -20 
3 16 -9.375 0 -18.531 -6.125 0 -20 -9.839 0 -21.386 
3 16 -7.169 0 -16.625 -9.375 0 -18.531 -7.933 -5.59 -15.786 
3 16 -7.933 -5.59 -15.786 -9.375 0 -18.531 -9.456 -5.505 -17.783 
3 16 -7.908 -5.273 -8.983 -7.684 0 -8.553 -5.273 -4.609 -10.207 
3 16 -5.039 0.078 -9.804 -5.273 -4.609 -10.207 -7.684 0 -8.553 
3 16 -9.461 0 -4.409 -9.853 0 -0.027 -5.39 0 -2.746 
3 16 -5.39 0 -2.746 -9.853 0 -0.027 -6.125 0.012 0 
3 16 -9.853 0 -0.027 -8.125 0 2.494 -6.125 0.012 0 
3 16 -8.125 0 2.494 -5.825 0 1.893 -6.125 0.012 0 
3 16 10.589 -21.229 -32.479 12.886 -25.466 -25.668 9.8 -26.903 -34.215 
3 16 12.886 -25.466 -25.668 11.013 -29.905 -28.527 9.8 -26.903 -34.215 
3 16 -5.854 -23.77 -37.533 -8.131 -26.963 -34.856 -8.866 -19.621 -29.358 
3 16 -4.983 -28.404 -41.885 -5.92 -24.246 -41.862 -2.791 -28.289 -45.588 
3 16 -5.92 -24.246 -41.862 -3.016 -25.899 -45.591 -2.791 -28.289 -45.588 
3 16 -5.854 -23.77 -37.533 -5.536 -29.12 -37.967 -8.131 -26.963 -34.856 
3 16 2.131 -26.446 -45.957 2.03 -28.913 -45.04 1.402 -27.081 -47.644 
3 16 2.03 -28.913 -45.04 1.408 -29.62 -46.219 1.402 -27.081 -47.644 
3 16 1.309 -21.682 -45.314 1.94 -22.507 -44.629 1.385 -24.062 -46.894 
3 16 1.385 -24.062 -46.894 1.94 -22.507 -44.629 2.143 -23.98 -45.348 
3 16 -1.286 -19.252 -41.693 1.343 -19.4 -41.727 -0.754 -21.986 -45.596 
3 16 1.343 -19.4 -41.727 1.309 -21.682 -45.314 -0.754 -21.986 -45.596 
3 16 1.309 -21.682 -45.314 1.343 -19.4 -41.727 1.94 -22.507 -44.629 
3 16 1.343 -19.4 -41.727 2.03 -20.729 -41.706 1.94 -22.507 -44.629 
3 16 1.408 -29.62 -46.219 2.03 -28.913 -45.04 1.395 -31.794 -42.51 
3 16 2.167 -29.995 -42.543 1.395 -31.794 -42.51 2.03 -28.913 -45.04 
3 16 -0.358 -29.142 -47.103 1.408 -29.62 -46.219 -1.08 -31.569 -42.55 
3 16 1.408 -29.62 -46.219 1.395 -31.794 -42.51 -1.08 -31.569 -42.55 
3 16 1.408 -29.62 -46.219 -0.358 -29.142 -47.103 1.402 -27.081 -47.644 
3 16 -0.187 -26.495 -47.414 1.402 -27.081 -47.644 -0.358 -29.142 -47.103 
3 16 -3.016 -25.899 -45.591 -0.187 -26.495 -47.414 -2.791 -28.289 -45.588 
3 16 -2.791 -28.289 -45.588 -0.187 -26.495 -47.414 -0.358 -29.142 -47.103 
3 16 -0.754 -21.986 -45.596 -0.337 -24.124 -47.053 -2.321 -23.299 -45.42 
3 16 -1.286 -19.252 -41.693 -0.754 -21.986 -45.596 -4.446 -20.79 -41.604 
3 16 -4.446 -20.79 -41.604 -0.754 -21.986 -45.596 -2.321 -23.299 -45.42 
3 16 2.143 -23.98 -45.348 1.94 -22.507 -44.629 1.67 -22.66 -42.145 
3 16 1.94 -22.507 -44.629 2.03 -20.729 -41.706 1.67 -22.66 -42.145 
3 16 1.005 -25.877 -42.717 2.167 -29.995 -42.543 2.131 -26.446 -45.957 
3 16 2.167 -29.995 -42.543 2.03 -28.913 -45.04 2.131 -26.446 -45.957 
3 16 -1.204 -32.038 -12.842 -2.164 -26.755 -12.112 -6.02 -24.281 -14.916 
3 16 -2.858 -35.29 -36.784 -1.759 -32.413 -39.463 0.434 -35.183 -37.844 
3 16 -1.759 -32.413 -39.463 1.327 -32.264 -39.524 0.434 -35.183 -37.844 
3 16 -2.858 -35.29 -36.784 0.434 -35.183 -37.844 -1.371 -37.115 -34.938 
3 16 0.434 -35.183 -37.844 0.045 -36.807 -35.431 -1.371 -37.115 -34.938 
3 16 4.356 -30.36 -12.798 4.55 -34.093 -14.935 10.651 -26.253 -16.984 
3 16 4.55 -34.093 -14.935 9.963 -30.399 -19.328 10.651 -26.253 -16.984 
3 16 0.002 -45.433 -22.24 0.299 -46.381 -18.073 -1.992 -44.799 -21.181 
3 16 0.299 -46.381 -18.073 -2.538 -44.025 -18.437 -1.992 -44.799 -21.181 
3 16 0.299 -46.381 -18.073 1.722 -45.927 -18.553 0.128 -43.079 -14.988 
3 16 1.722 -45.927 -18.553 1.663 -43.02 -15.569 0.128 -43.079 -14.988 
3 16 1.722 -45.927 -18.553 1.982 -45.1 -18.538 1.663 -43.02 -15.569 
3 16 1.663 -43.02 -15.569 1.982 -45.1 -18.538 1.928 -42.749 -16.337 
3 16 1.943 -44.099 -18.982 1.953 -43.488 -20.797 1.763 -42.717 -19.183 
3 16 0.128 -43.079 -14.988 -2.473 -41.949 -15.487 0.299 -46.381 -18.073 
3 16 -2.538 -44.025 -18.437 0.299 -46.381 -18.073 -2.473 -41.949 -15.487 
3 16 -0.002 -34.335 -14.339 -1.204 -32.038 -12.842 -4.326 -34.689 -16.417 
3 16 -1.204 -32.038 -12.842 -6.02 -24.281 -14.916 -4.326 -34.689 -16.417 
3 16 1.554 -42.856 -24.693 1.571 -40.859 -26.335 1.946 -42.307 -23.463 
3 16 1.571 -40.859 -26.335 2.164 -40.448 -24.62 1.946 -42.307 -23.463 
3 16 1.725 -39.158 -14.291 1.967 -39.433 -15.481 1.861 -35.467 -14.891 
3 16 1.537 -36.676 -16.586 1.861 -35.467 -14.891 1.967 -39.433 -15.481 
3 16 0.084 -38.761 -13.533 1.725 -39.158 -14.291 -0.002 -34.335 -14.339 
3 16 1.861 -35.467 -14.891 -0.002 -34.335 -14.339 1.725 -39.158 -14.291 
3 16 0.084 -38.761 -13.533 -0.002 -34.335 -14.339 -4.283 -38.645 -15.106 
3 16 -4.283 -38.645 -15.106 -0.002 -34.335 -14.339 -4.326 -34.689 -16.417 
3 16 -5.092 -41.084 -19.708 -4.283 -38.645 -15.106 -6.072 -36.527 -21.601 
3 16 -4.326 -34.689 -16.417 -6.072 -36.527 -21.601 -4.283 -38.645 -15.106 
3 16 -0.011 -40.866 -26.575 1.571 -40.859 -26.335 -0.181 -43.34 -24.697 
3 16 1.571 -40.859 -26.335 1.554 -42.856 -24.693 -0.181 -43.34 -24.697 
3 16 0.976 -38.777 -19.528 1.253 -40.808 -19.327 1.454 -40.033 -22.884 
3 16 1.454 -40.033 -22.884 1.253 -40.808 -19.327 1.841 -41.76 -22.214 
3 16 1.704 -45.177 -22.035 1.993 -44.343 -21.423 1.722 -45.927 -18.553 
3 16 1.722 -45.927 -18.553 1.993 -44.343 -21.423 1.982 -45.1 -18.538 
3 16 1.763 -42.717 -19.183 1.894 -42.45 -17.335 1.943 -44.099 -18.982 
3 16 1.537 -36.676 -16.586 1.814 -39.693 -16.768 0.976 -38.777 -19.528 
3 16 0.976 -38.777 -19.528 1.814 -39.693 -16.768 1.253 -40.808 -19.327 
3 16 -3.971 -39.396 -25.038 -0.011 -40.866 -26.575 -3.472 -42.479 -22.958 
3 16 -0.181 -43.34 -24.697 -3.472 -42.479 -22.958 -0.011 -40.866 -26.575 
3 16 9.159 -14.635 -14.874 8.448 -18.071 -17.858 6.885 -14.702 -20.968 
3 16 9.301 -13.822 -7.706 8.22 -18.947 -8.263 9.12 -14.245 -12.52 
3 16 8.22 -18.947 -8.263 8.123 -18.649 -13.001 9.12 -14.245 -12.52 
3 16 8.913 -13.688 -1.514 8.509 -19.663 -3.306 9.301 -13.822 -7.706 
3 16 8.509 -19.663 -3.306 8.22 -18.947 -8.263 9.301 -13.822 -7.706 
3 16 -8.75 -20.539 -1.8 -8.505 -20.374 4.575 -8.998 -14.982 -1.581 
3 16 -8.998 -14.982 -1.581 -8.505 -20.374 4.575 -9.163 -14.441 3.779 
3 16 -9.46 -14.313 -6.486 -9.341 -13.434 -12.837 -8.711 -19.127 -6.624 
3 16 -8.646 -17.748 -12.699 -8.711 -19.127 -6.624 -9.341 -13.434 -12.837 
3 16 -1.353 -22.555 -10.627 1.731 -22.537 -10.85 -1.024 -23.401 -7.714 
3 16 1.731 -22.537 -10.85 1.746 -23.076 -7.783 -1.024 -23.401 -7.714 
3 16 0.504 -13.583 -33.763 -4.285 -15.273 -33.071 -0.53 -12.993 -26.437 
3 16 -4.285 -15.273 -33.071 -3.925 -13.953 -26.026 -0.53 -12.993 -26.437 
3 16 11.299 -17.308 -28.566 5.868 -14.342 -32.592 8.504 -15.518 -22.783 
3 16 5.868 -14.342 -32.592 4.325 -13.595 -25.148 8.504 -15.518 -22.783 
3 16 -8.998 -14.982 -1.581 -7.557 -10.37 -2.626 -9.46 -14.313 -6.486 
3 16 -8.1 -10.201 -7.42 -9.46 -14.313 -6.486 -7.557 -10.37 -2.626 
3 16 -8.998 -14.982 -1.581 -9.46 -14.313 -6.486 -8.75 -20.539 -1.8 
3 16 -8.711 -19.127 -6.624 -8.75 -20.539 -1.8 -9.46 -14.313 -6.486 
3 16 -8.75 -20.539 -1.8 -8.711 -19.127 -6.624 -4.145 -25.505 -2.211 
3 16 -8.711 -19.127 -6.624 -4.171 -22.55 -7.355 -4.145 -25.505 -2.211 
3 16 9.718 -5.557 -23.424 6.378 -5.605 -28.634 9.703 0 -24.033 
3 16 6.252 0 -28.589 9.703 0 -24.033 6.378 -5.605 -28.634 
3 16 -7.569 -5.562 -28.006 -10.023 -5.507 -21.214 -6.997 0 -27.916 
3 16 -9.839 0 -21.386 -6.997 0 -27.916 -10.023 -5.507 -21.214 
3 16 -8.165 -10.384 -12.527 -9.311 -7.819 -16.311 -9.517 -10.681 -17.077 
3 16 -9.311 -7.819 -16.311 -8.165 -10.384 -12.527 -7.926 -6.768 -14.701 
3 16 -5.38 -6.949 -12.436 -0.223 -5.21 -12.805 -0.378 -5.274 -14.813 
3 16 -0.223 -5.21 -12.805 4.68 -6.522 -12.492 -0.378 -5.274 -14.813 
3 16 4.237 -6.186 -14.537 -0.378 -5.274 -14.813 4.68 -6.522 -12.492 
3 16 9.257 -9.607 -16.779 9.159 -14.635 -14.874 6.885 -14.702 -20.968 
3 16 -3.717 -13.484 -23.534 -6.274 -16.239 -20.864 -6.544 -12.888 -20.51 
3 16 -7.116 -9.543 -20.761 -7.275 -9.999 -19.768 -9.025 -8.031 -19.254 
3 16 -9.517 -10.681 -17.077 -9.025 -8.031 -19.254 -7.275 -9.999 -19.768 
3 16 -4.475 -9.777 -24.132 -4.233 -9.933 -21.596 -7.116 -9.543 -20.761 
3 16 -7.275 -9.999 -19.768 -7.116 -9.543 -20.761 -4.233 -9.933 -21.596 
3 16 4.463 -9.699 -24.464 3.886 -9.855 -22.211 -0.228 -8.667 -24.591 
3 16 3.886 -9.855 -22.211 -0.554 -9.043 -23.053 -0.228 -8.667 -24.591 
3 16 -8.866 -19.621 -29.358 -10.061 -24.735 -24.93 -7.448 -16.864 -23.668 
3 16 -8.171 -20.65 -19.346 -7.448 -16.864 -23.668 -10.061 -24.735 -24.93 
3 16 -6.951 -19.592 -17.49 -4.015 -22.995 -13.57 -8.646 -17.748 -12.699 
3 16 -4.415 -21.782 -11.29 -8.646 -17.748 -12.699 -4.015 -22.995 -13.57 
3 16 5.1 -39.487 -24.539 5.294 -39.531 -27.971 8.233 -36.802 -26.422 
3 16 9.381 -34.149 -30.896 8.233 -36.802 -26.422 5.665 -37.344 -32.779 
3 16 5.665 -37.344 -32.779 8.233 -36.802 -26.422 5.294 -39.531 -27.971 
3 16 -8.171 -20.65 -19.346 -6.951 -19.592 -17.49 -7.448 -16.864 -23.668 
3 16 -6.274 -16.239 -20.864 -7.448 -16.864 -23.668 -6.951 -19.592 -17.49 
3 16 -3.925 -13.953 -26.026 -7.448 -16.864 -23.668 -3.717 -13.484 -23.534 
3 16 -3.717 -13.484 -23.534 -7.448 -16.864 -23.668 -6.274 -16.239 -20.864 
3 16 4.325 -13.595 -25.148 3.974 -12.893 -23.163 8.504 -15.518 -22.783 
3 16 8.504 -15.518 -22.783 3.974 -12.893 -23.163 6.885 -14.702 -20.968 
3 16 11.182 -19.162 -19.314 8.504 -15.518 -22.783 8.448 -18.071 -17.858 
3 16 8.448 -18.071 -17.858 8.504 -15.518 -22.783 6.885 -14.702 -20.968 
3 16 3.64 -25.866 -12.371 8.898 -22.804 -15.365 1.667 -23.268 -12.802 
3 16 6.907 -21.129 -14.812 1.667 -23.268 -12.802 8.898 -22.804 -15.365 
3 16 -3.903 -20.105 -38.484 -4.285 -15.273 -33.071 -1.137 -18.751 -38.682 
3 16 -3.6 -8.392 -4.955 0 -7.783 -6.125 -3.6 0 -4.955 
3 16 0 -7.783 -6.125 0 0 -6.125 -3.6 0 -4.955 
3 16 6.125 -9.302 0 5.306 -8.983 2.912 6.125 0 0 
3 16 6.125 0 0 5.306 -8.983 2.912 5.825 0 1.893 
3 16 5.306 -8.983 2.912 5.306 -2.517 2.912 5.825 0 1.893 
3 16 -3.191 -8.197 4.117 -3.6 -8.392 -4.955 -5.39 -9.032 -2.746 
3 16 0 -7.783 -6.125 -0.178 -7.807 3.843 3.6 -8.391 -4.955 
3 16 -0.178 -7.807 3.843 2.795 -8.1 4.146 3.6 -8.391 -4.955 
3 16 2.795 -8.1 4.146 5.39 -9.032 -2.746 3.6 -8.391 -4.955 
3 16 3.6 -8.391 -4.955 3.6 0 -4.955 0 -7.783 -6.125 
3 16 0 -7.783 -6.125 3.6 0 -4.955 0 0 -6.125 
3 16 2.795 -8.1 4.146 5.972 -9.302 4.681 5.306 -8.983 2.912 
3 16 7.432 0 3.141 5.825 0 1.893 5.714 -2.517 3.635 
3 16 5.306 -2.517 2.912 5.714 -2.517 3.635 5.825 0 1.893 
3 16 -5.39 -5.233 -22.746 -5.39 0 -22.746 -6.125 -5.233 -20 
3 16 -5.39 0 -22.746 -6.125 0 -20 -6.125 -5.233 -20 
3 16 -6.513 -5.233 -15.512 -5.169 -5.233 -16.819 -5.812 -1.422 -16.214 
3 16 -5.812 -1.422 -16.214 -5.169 -5.233 -16.819 -5.169 -1.233 -16.819 
3 16 2.746 -5.233 -25.39 0 -5.233 -26.125 -5.39 -5.233 -22.746 
3 16 0 -5.233 -26.125 -2.676 -5.233 -25.426 -5.39 -5.233 -22.746 
3 16 -6.513 -5.233 -15.512 5.853 -4.97 -15.37 -5.169 -5.233 -16.819 
3 16 5.177 -5.233 -16.835 -5.169 -5.233 -16.819 5.853 -4.97 -15.37 
3 16 6.125 -5.233 -20 5.376 -5.233 -22.775 -5.39 -5.233 -22.746 
3 16 2.746 -5.233 -25.39 -5.39 -5.233 -22.746 5.376 -5.233 -22.775 
3 16 9.04 -13.123 0.383 9.529 -19.99 0.513 8.913 -13.688 -1.514 
3 16 9.529 -19.99 0.513 8.509 -19.663 -3.306 8.913 -13.688 -1.514 
3 16 2.843 -25.867 -2.636 -0.296 -26.38 -2.764 1.746 -23.076 -7.783 
3 16 1.746 -23.076 -7.783 -0.296 -26.38 -2.764 -1.024 -23.401 -7.714 
3 16 1.746 -23.076 -7.783 4.685 -22.255 -7.987 2.843 -25.867 -2.636 
3 16 5.461 -24.267 -2.789 2.843 -25.867 -2.636 4.685 -22.255 -7.987 
3 16 1.053 -40.252 -30.086 0.032 -38.974 -32.068 1.448 -38.665 -32.561 
3 16 3.089 -35.267 -36.997 1.458 -37.133 -34.938 0.434 -35.183 -37.844 
3 16 0.434 -35.183 -37.844 1.458 -37.133 -34.938 0.045 -36.807 -35.431 
3 16 -3.574 -37.76 -32.981 -2.858 -35.29 -36.784 -1.961 -37.878 -33.75 
3 16 -2.858 -35.29 -36.784 -1.371 -37.115 -34.938 -1.961 -37.878 -33.75 
3 16 -8.131 -26.963 -34.856 -5.536 -29.12 -37.967 -9.129 -30.558 -31.875 
3 16 -9.129 -30.558 -31.875 -5.536 -29.12 -37.967 -2.858 -35.29 -36.784 
3 16 -5.536 -29.12 -37.967 -1.759 -32.413 -39.463 -2.858 -35.29 -36.784 
3 16 -9.129 -30.558 -31.875 -2.858 -35.29 -36.784 -8.156 -35.391 -27.701 
3 16 -2.858 -35.29 -36.784 -3.574 -37.76 -32.981 -8.156 -35.391 -27.701 
3 16 -1.08 -39.919 -30.113 -3.574 -37.76 -32.981 -1.38 -38.647 -32.561 
3 16 -3.574 -37.76 -32.981 -1.961 -37.878 -33.75 -1.38 -38.647 -32.561 
3 16 -8.156 -35.391 -27.701 -1.08 -39.919 -30.113 -3.971 -39.396 -25.038 
3 16 -3.971 -39.396 -25.038 -1.08 -39.919 -30.113 -0.011 -40.866 -26.575 
3 16 -8.725 -29.792 -20.565 -8.156 -35.391 -27.701 -6.072 -36.527 -21.601 
3 16 -8.156 -35.391 -27.701 -3.971 -39.396 -25.038 -6.072 -36.527 -21.601 
3 16 -10.061 -24.735 -24.93 -9.129 -30.558 -31.875 -8.725 -29.792 -20.565 
3 16 -9.129 -30.558 -31.875 -8.156 -35.391 -27.701 -8.725 -29.792 -20.565 
3 16 -8.866 -19.621 -29.358 -8.131 -26.963 -34.856 -10.061 -24.735 -24.93 
3 16 -8.131 -26.963 -34.856 -9.129 -30.558 -31.875 -10.061 -24.735 -24.93 
3 16 6.321 -10.522 -19.831 7.624 -9.266 -21.067 9.257 -9.607 -16.779 
3 16 8.096 -10.607 -8.719 6.977 -9.199 -4.616 7.591 -10.153 -2.036 
3 16 5.807 -25.762 -0.202 9.529 -19.99 0.513 6.393 -24.721 3.29 
3 16 6.393 -24.721 3.29 9.529 -19.99 0.513 9.346 -20.027 3.612 
3 16 9.346 -20.027 3.612 9.529 -19.99 0.513 9.19 -13.013 2.744 
3 16 9.19 -13.013 2.744 9.529 -19.99 0.513 9.04 -13.123 0.383 
3 16 8.603 -10.256 -0.539 9.688 -5.475 -1.817 8.837 -9.732 1.69 
3 16 8.837 -9.732 1.69 9.688 -5.475 -1.817 9.372 -5.284 1.325 
3 16 5.39 0 -2.746 6.125 0 0 10.012 0.001 -1.891 
3 16 10.012 0.001 -1.891 6.125 0 0 9.682 0.012 0.789 
3 16 6.125 -9.302 0 6.125 0 0 5.39 -9.032 -2.746 
3 16 5.39 0 -2.746 5.39 -9.032 -2.746 6.125 0 0 
3 16 3.039 -27.555 2.514 6.393 -24.721 3.29 4.231 -26.227 4.913 
3 16 8.096 -10.607 -8.719 7.591 -10.153 -2.036 9.301 -13.822 -7.706 
3 16 7.591 -10.153 -2.036 8.913 -13.688 -1.514 9.301 -13.822 -7.706 
3 16 8.913 -13.688 -1.514 7.591 -10.153 -2.036 9.04 -13.123 0.383 
3 16 8.603 -10.256 -0.539 9.04 -13.123 0.383 7.591 -10.153 -2.036 
3 16 9.19 -13.013 2.744 9.04 -13.123 0.383 8.837 -9.732 1.69 
3 16 9.04 -13.123 0.383 8.603 -10.256 -0.539 8.837 -9.732 1.69 
3 16 5.908 -12.553 6.321 9.19 -13.013 2.744 5.972 -9.302 4.681 
3 16 8.837 -9.732 1.69 5.972 -9.302 4.681 9.19 -13.013 2.744 
3 16 -5.937 -13.381 6.584 0.339 -12.12 7.429 -3.191 -8.197 4.117 
3 16 0.339 -12.12 7.429 -0.178 -7.807 3.843 -3.191 -8.197 4.117 
3 16 -8.165 -10.384 -12.527 -9.517 -10.681 -17.077 -9.341 -13.434 -12.837 
3 16 -9.517 -10.681 -17.077 -9.244 -13.751 -17.339 -9.341 -13.434 -12.837 
3 16 5.908 -12.553 6.321 2.795 -8.1 4.146 0.339 -12.12 7.429 
3 16 0.339 -12.12 7.429 2.795 -8.1 4.146 -0.178 -7.807 3.843 
3 16 -5.536 -29.12 -37.967 -4.983 -28.404 -41.885 -1.759 -32.413 -39.463 
3 16 -4.983 -28.404 -41.885 -1.08 -31.569 -42.55 -1.759 -32.413 -39.463 
3 16 -5.854 -23.77 -37.533 -5.92 -24.246 -41.862 -5.536 -29.12 -37.967 
3 16 -5.92 -24.246 -41.862 -4.983 -28.404 -41.885 -5.536 -29.12 -37.967 
3 16 -5.92 -24.246 -41.862 -5.854 -23.77 -37.533 -4.446 -20.79 -41.604 
3 16 -4.446 -20.79 -41.604 -5.854 -23.77 -37.533 -3.903 -20.105 -38.484 
3 16 -4.446 -20.79 -41.604 -3.903 -20.105 -38.484 -1.286 -19.252 -41.693 
3 16 -1.286 -19.252 -41.693 -3.903 -20.105 -38.484 -1.137 -18.751 -38.682 
3 16 1.343 -19.4 -41.727 -1.286 -19.252 -41.693 1.186 -18.803 -38.687 
3 16 -1.286 -19.252 -41.693 -1.137 -18.751 -38.682 1.186 -18.803 -38.687 
3 16 2.03 -20.729 -41.706 1.343 -19.4 -41.727 2.389 -19.551 -38.664 
3 16 1.343 -19.4 -41.727 1.186 -18.803 -38.687 2.389 -19.551 -38.664 
3 16 2.389 -19.551 -38.664 1.336 -22.421 -40.346 2.03 -20.729 -41.706 
3 16 1.336 -22.421 -40.346 1.67 -22.66 -42.145 2.03 -20.729 -41.706 
3 16 2.167 -29.995 -42.543 1.005 -25.877 -42.717 1.904 -29.878 -40.296 
3 16 1.005 -25.877 -42.717 0.977 -25.826 -40.585 1.904 -29.878 -40.296 
3 16 1.395 -31.794 -42.51 2.167 -29.995 -42.543 1.327 -32.264 -39.524 
3 16 2.167 -29.995 -42.543 1.904 -29.878 -40.296 1.327 -32.264 -39.524 
3 16 1.327 -32.264 -39.524 -1.759 -32.413 -39.463 1.395 -31.794 -42.51 
3 16 -1.08 -31.569 -42.55 1.395 -31.794 -42.51 -1.759 -32.413 -39.463 
3 16 5.698 0 -9.537 5.39 0 -2.746 9.676 0.003 -4.845 
3 16 9.676 0.003 -4.845 5.39 0 -2.746 10.012 0.001 -1.891 
3 16 9.688 -5.475 -1.817 8.603 -10.256 -0.539 9.728 -5.278 -5.639 
3 16 8.603 -10.256 -0.539 8.05 -8.03 -5.147 9.728 -5.278 -5.639 
3 16 -5.273 -4.609 -10.207 -5.039 0.078 -9.804 -0.239 -3.771 -9.949 
3 16 -0.188 0 -9.48 -0.239 -3.771 -9.949 -5.039 0.078 -9.804 
3 16 5.458 -4.658 -10.162 -0.239 -3.771 -9.949 5.698 0 -9.537 
3 16 5.698 0 -9.537 -0.239 -3.771 -9.949 -0.188 0 -9.48 
3 16 8.04 0.12 -8.267 7.801 -5.244 -9.172 5.698 0 -9.537 
3 16 7.801 -5.244 -9.172 5.458 -4.658 -10.162 5.698 0 -9.537 
3 16 7.801 -5.244 -9.172 8.04 0.12 -8.267 9.728 -5.278 -5.639 
3 16 9.676 0.003 -4.845 9.728 -5.278 -5.639 8.04 0.12 -8.267 
3 16 9.728 -5.278 -5.639 9.676 0.003 -4.845 9.688 -5.475 -1.817 
3 16 10.012 0.001 -1.891 9.688 -5.475 -1.817 9.676 0.003 -4.845 
3 16 -5.273 -4.609 -10.207 -4.773 -6.65 -9.965 -7.908 -5.273 -8.983 
3 16 -7.908 -5.273 -8.983 -4.773 -6.65 -9.965 -6.294 -7.348 -8.545 
3 16 -9.726 -5.421 -3.31 -7.557 -10.37 -2.626 -9.492 -5.272 1.462 
3 16 -7.557 -10.37 -2.626 -8.722 -9.899 2.116 -9.492 -5.272 1.462 
3 16 -1.674 -23.563 -12.814 1.667 -23.268 -12.802 -1.353 -22.555 -10.627 
3 16 1.667 -23.268 -12.802 1.731 -22.537 -10.85 -1.353 -22.555 -10.627 
3 16 6.907 -21.129 -14.812 4.677 -21.733 -11.399 1.667 -23.268 -12.802 
3 16 4.677 -21.733 -11.399 1.731 -22.537 -10.85 1.667 -23.268 -12.802 
3 16 5.868 -14.342 -32.592 11.299 -17.308 -28.566 6.435 -19.473 -36.795 
3 16 10.589 -21.229 -32.479 6.435 -19.473 -36.795 11.299 -17.308 -28.566 
3 16 11.299 -17.308 -28.566 14.114 -21.798 -22.645 10.589 -21.229 -32.479 
3 16 14.114 -21.798 -22.645 12.886 -25.466 -25.668 10.589 -21.229 -32.479 
3 16 4.624 -37.819 -19.366 5.1 -39.487 -24.539 9.001 -34.372 -22.545 
3 16 9.001 -34.372 -22.545 5.1 -39.487 -24.539 8.233 -36.802 -26.422 
3 16 9.001 -34.372 -22.545 8.233 -36.802 -26.422 11.013 -29.905 -28.527 
3 16 11.013 -29.905 -28.527 8.233 -36.802 -26.422 9.381 -34.149 -30.896 
3 16 9.8 -26.903 -34.215 11.013 -29.905 -28.527 8.679 -32.699 -34.091 
3 16 11.013 -29.905 -28.527 9.381 -34.149 -30.896 8.679 -32.699 -34.091 
3 16 6.234 -25.809 -38.29 9.8 -26.903 -34.215 5.834 -32.568 -37.47 
3 16 8.679 -32.699 -34.091 5.834 -32.568 -37.47 9.8 -26.903 -34.215 
3 16 14.114 -21.798 -22.645 11.299 -17.308 -28.566 11.182 -19.162 -19.314 
3 16 11.182 -19.162 -19.314 11.299 -17.308 -28.566 8.504 -15.518 -22.783 
3 16 10.651 -26.253 -16.984 8.898 -22.804 -15.365 4.356 -30.36 -12.798 
3 16 3.64 -25.866 -12.371 4.356 -30.36 -12.798 8.898 -22.804 -15.365 
3 16 12.886 -25.466 -25.668 14.114 -21.798 -22.645 9.963 -30.399 -19.328 
3 16 14.114 -21.798 -22.645 10.651 -26.253 -16.984 9.963 -30.399 -19.328 
3 16 14.114 -21.798 -22.645 11.182 -19.162 -19.314 10.651 -26.253 -16.984 
3 16 8.898 -22.804 -15.365 10.651 -26.253 -16.984 11.182 -19.162 -19.314 
3 16 11.182 -19.162 -19.314 8.448 -18.071 -17.858 8.898 -22.804 -15.365 
3 16 6.907 -21.129 -14.812 8.898 -22.804 -15.365 8.448 -18.071 -17.858 
3 16 -8.171 -20.65 -19.346 -6.02 -24.281 -14.916 -6.951 -19.592 -17.49 
3 16 -6.02 -24.281 -14.916 -4.015 -22.995 -13.57 -6.951 -19.592 -17.49 
3 16 -6.02 -24.281 -14.916 -8.171 -20.65 -19.346 -8.725 -29.792 -20.565 
3 16 -8.725 -29.792 -20.565 -8.171 -20.65 -19.346 -10.061 -24.735 -24.93 
3 16 9.346 -20.027 3.612 9.19 -13.013 2.744 5.564 -18.954 7.935 
3 16 5.908 -12.553 6.321 5.564 -18.954 7.935 9.19 -13.013 2.744 
3 16 0.339 -12.12 7.429 -0.111 -18.571 9.709 5.908 -12.553 6.321 
3 16 -0.111 -18.571 9.709 5.564 -18.954 7.935 5.908 -12.553 6.321 
3 16 0.339 -12.12 7.429 -5.937 -13.381 6.584 -0.111 -18.571 9.709 
3 16 -5.249 -19.169 8.251 -0.111 -18.571 9.709 -5.937 -13.381 6.584 
3 16 -8.505 -20.374 4.575 -5.249 -19.169 8.251 -9.163 -14.441 3.779 
3 16 -5.249 -19.169 8.251 -5.937 -13.381 6.584 -9.163 -14.441 3.779 
3 16 0.002 -45.433 -22.24 1.704 -45.177 -22.035 0.299 -46.381 -18.073 
3 16 1.704 -45.177 -22.035 1.722 -45.927 -18.553 0.299 -46.381 -18.073 
3 16 9.718 -5.557 -23.424 9.703 0 -24.033 9.663 -5.51 -18.98 
3 16 9.703 0 -24.033 9.606 0 -20.443 9.663 -5.51 -18.98 
3 16 -0.228 -8.667 -24.591 -0.554 -9.043 -23.053 -4.475 -9.777 -24.132 
3 16 -4.233 -9.933 -21.596 -4.475 -9.777 -24.132 -0.554 -9.043 -23.053 
3 16 -3.717 -13.484 -23.534 -0.698 -12.289 -24.482 -3.925 -13.953 -26.026 
3 16 -3.925 -13.953 -26.026 -0.698 -12.289 -24.482 -0.53 -12.993 -26.437 
3 16 -9.311 -7.819 -16.311 -7.926 -6.768 -14.701 -9.456 -5.505 -17.783 
3 16 -7.933 -5.59 -15.786 -9.456 -5.505 -17.783 -7.926 -6.768 -14.701 
3 16 -10.023 -5.507 -21.214 -9.025 -8.031 -19.254 -9.456 -5.505 -17.783 
3 16 -9.456 -5.505 -17.783 -9.025 -8.031 -19.254 -9.311 -7.819 -16.311 
3 16 -7.569 -5.562 -28.006 -5.105 -8.706 -26.661 -8.213 -8.431 -23.392 
3 16 -7.569 -5.562 -28.006 0.161 -5.319 -28.894 -5.105 -8.706 -26.661 
3 16 0.161 -5.319 -28.894 -0.003 -7.786 -26.301 -5.105 -8.706 -26.661 
3 16 0.161 -5.319 -28.894 6.378 -5.605 -28.634 -0.003 -7.786 -26.301 
3 16 6.378 -5.605 -28.634 5.153 -8.957 -26.359 -0.003 -7.786 -26.301 
3 16 9.663 -5.51 -18.98 9.15 -7.61 -18.022 9.718 -5.557 -23.424 
3 16 4.237 -6.186 -14.537 7.34 -6.625 -14.71 5.853 -4.97 -15.37 
3 16 7.331 -5.247 -15.594 5.853 -4.97 -15.37 7.34 -6.625 -14.71 
3 16 -5.249 -19.169 8.251 -8.505 -20.374 4.575 -2.57 -25.254 7.656 
3 16 -8.505 -20.374 4.575 -4.193 -26.316 5.089 -2.57 -25.254 7.656 
3 16 0.976 -38.777 -19.528 4.624 -37.819 -19.366 1.537 -36.676 -16.586 
3 16 1.861 -35.467 -14.891 1.537 -36.676 -16.586 4.55 -34.093 -14.935 
3 16 4.624 -37.819 -19.366 4.55 -34.093 -14.935 1.537 -36.676 -16.586 
3 16 4.55 -34.093 -14.935 4.624 -37.819 -19.366 9.963 -30.399 -19.328 
3 16 4.624 -37.819 -19.366 9.001 -34.372 -22.545 9.963 -30.399 -19.328 
3 16 9.963 -30.399 -19.328 9.001 -34.372 -22.545 12.886 -25.466 -25.668 
3 16 9.001 -34.372 -22.545 11.013 -29.905 -28.527 12.886 -25.466 -25.668 
3 16 3.64 -25.866 -12.371 1.667 -23.268 -12.802 -2.164 -26.755 -12.112 
3 16 -2.164 -26.755 -12.112 1.667 -23.268 -12.802 -1.674 -23.563 -12.814 
3 16 -2.164 -26.755 -12.112 -1.204 -32.038 -12.842 3.64 -25.866 -12.371 
3 16 -1.204 -32.038 -12.842 4.356 -30.36 -12.798 3.64 -25.866 -12.371 
3 16 4.55 -34.093 -14.935 4.356 -30.36 -12.798 1.861 -35.467 -14.891 
3 16 -1.204 -32.038 -12.842 -0.002 -34.335 -14.339 4.356 -30.36 -12.798 
3 16 4.356 -30.36 -12.798 -0.002 -34.335 -14.339 1.861 -35.467 -14.891 
3 16 0.976 -38.777 -19.528 1.454 -40.033 -22.884 4.624 -37.819 -19.366 
3 16 2.164 -40.448 -24.62 5.1 -39.487 -24.539 1.454 -40.033 -22.884 
3 16 5.1 -39.487 -24.539 4.624 -37.819 -19.366 1.454 -40.033 -22.884 
3 16 1.571 -40.859 -26.335 5.294 -39.531 -27.971 2.164 -40.448 -24.62 
3 16 5.294 -39.531 -27.971 5.1 -39.487 -24.539 2.164 -40.448 -24.62 
3 16 2.039 -37.903 -33.75 5.665 -37.344 -32.779 1.448 -38.665 -32.561 
3 16 5.665 -37.344 -32.779 5.294 -39.531 -27.971 1.448 -38.665 -32.561 
3 16 1.448 -38.665 -32.561 5.294 -39.531 -27.971 1.053 -40.252 -30.086 
3 16 1.053 -40.252 -30.086 5.294 -39.531 -27.971 1.571 -40.859 -26.335 
3 16 5.665 -37.344 -32.779 2.039 -37.903 -33.75 5.769 -35.161 -35.656 
3 16 2.039 -37.903 -33.75 3.089 -35.267 -36.997 5.769 -35.161 -35.656 
3 16 0.434 -35.183 -37.844 1.327 -32.264 -39.524 3.089 -35.267 -36.997 
3 16 5.834 -32.568 -37.47 5.769 -35.161 -35.656 1.327 -32.264 -39.524 
3 16 3.089 -35.267 -36.997 1.327 -32.264 -39.524 5.769 -35.161 -35.656 
3 16 0.977 -25.826 -40.585 6.234 -25.809 -38.29 1.904 -29.878 -40.296 
3 16 6.234 -25.809 -38.29 5.834 -32.568 -37.47 1.904 -29.878 -40.296 
3 16 5.834 -32.568 -37.47 1.327 -32.264 -39.524 1.904 -29.878 -40.296 
3 16 0.977 -25.826 -40.585 1.336 -22.421 -40.346 6.234 -25.809 -38.29 
3 16 6.234 -25.809 -38.29 1.336 -22.421 -40.346 6.435 -19.473 -36.795 
3 16 6.435 -19.473 -36.795 1.336 -22.421 -40.346 2.389 -19.551 -38.664 
3 16 0.504 -13.583 -33.763 5.868 -14.342 -32.592 1.186 -18.803 -38.687 
3 16 1.186 -18.803 -38.687 5.868 -14.342 -32.592 2.389 -19.551 -38.664 
3 16 5.868 -14.342 -32.592 6.435 -19.473 -36.795 2.389 -19.551 -38.664 
3 16 5.868 -14.342 -32.592 0.504 -13.583 -33.763 4.325 -13.595 -25.148 
3 16 4.325 -13.595 -25.148 0.504 -13.583 -33.763 -0.53 -12.993 -26.437 
3 16 -0.53 -12.993 -26.437 -0.698 -12.289 -24.482 4.325 -13.595 -25.148 
3 16 3.974 -12.893 -23.163 4.325 -13.595 -25.148 -0.698 -12.289 -24.482 
3 16 5.153 -8.957 -26.359 6.378 -5.605 -28.634 8.937 -8.138 -22.293 
3 16 6.378 -5.605 -28.634 9.718 -5.557 -23.424 8.937 -8.138 -22.293 
3 16 6.252 0 -28.589 5.39 0 -22.746 9.703 0 -24.033 
3 16 5.39 0 -22.746 9.606 0 -20.443 9.703 0 -24.033 
3 16 4.463 -9.699 -24.464 7.624 -9.266 -21.067 3.886 -9.855 -22.211 
3 16 6.321 -10.522 -19.831 3.886 -9.855 -22.211 7.624 -9.266 -21.067 
3 16 1.005 -25.877 -42.717 1.67 -22.66 -42.145 0.977 -25.826 -40.585 
3 16 0.977 -25.826 -40.585 1.67 -22.66 -42.145 1.336 -22.421 -40.346 
3 16 1.67 -22.66 -42.145 1.005 -25.877 -42.717 2.143 -23.98 -45.348 
3 16 1.005 -25.877 -42.717 2.131 -26.446 -45.957 2.143 -23.98 -45.348 
3 16 1.385 -24.062 -46.894 2.143 -23.98 -45.348 1.402 -27.081 -47.644 
3 16 1.402 -27.081 -47.644 2.143 -23.98 -45.348 2.131 -26.446 -45.957 
3 16 1.402 -27.081 -47.644 -0.187 -26.495 -47.414 1.385 -24.062 -46.894 
3 16 -0.337 -24.124 -47.053 1.385 -24.062 -46.894 -0.187 -26.495 -47.414 
3 16 -0.187 -26.495 -47.414 -3.016 -25.899 -45.591 -0.337 -24.124 -47.053 
3 16 -3.016 -25.899 -45.591 -2.321 -23.299 -45.42 -0.337 -24.124 -47.053 
3 16 -4.446 -20.79 -41.604 -2.321 -23.299 -45.42 -5.92 -24.246 -41.862 
3 16 -2.321 -23.299 -45.42 -3.016 -25.899 -45.591 -5.92 -24.246 -41.862 
3 16 3.039 -27.555 2.514 3.009 -31.901 2.697 0.6 -28.184 1.369 
3 16 0.6 -28.184 1.369 3.009 -31.901 2.697 0.578 -32.212 1.474 
3 16 2.755 -25.196 7.658 2.725 -31.375 8.314 4.231 -26.227 4.913 
3 16 4.231 -26.227 4.913 2.725 -31.375 8.314 4.074 -31.587 5.29 
3 16 0.193 -24.431 8.842 -2.57 -25.254 7.656 0.187 -30.919 9.648 
3 16 -2.57 -25.254 7.656 -2.515 -31.451 8.354 0.187 -30.919 9.648 
3 16 -2.654 -27.748 2.349 0.6 -28.184 1.369 -2.626 -32.075 2.415 
3 16 0.6 -28.184 1.369 0.578 -32.212 1.474 -2.626 -32.075 2.415 
3 16 0.193 -24.431 8.842 0.187 -30.919 9.648 2.755 -25.196 7.658 
3 16 2.725 -31.375 8.314 2.755 -25.196 7.658 0.187 -30.919 9.648 
3 16 -4.193 -26.316 5.089 -2.654 -27.748 2.349 -4.01 -31.719 5.343 
3 16 -2.654 -27.748 2.349 -2.626 -32.075 2.415 -4.01 -31.719 5.343 
3 16 4.231 -26.227 4.913 4.074 -31.587 5.29 3.039 -27.555 2.514 
3 16 3.039 -27.555 2.514 4.074 -31.587 5.29 3.009 -31.901 2.697 
3 16 -2.57 -25.254 7.656 -4.193 -26.316 5.089 -2.515 -31.451 8.354 
3 16 -4.193 -26.316 5.089 -4.01 -31.719 5.343 -2.515 -31.451 8.354 
3 16 0.595 -47.162 5.417 0.574 -40.819 -0.094 3.137 -45.988 6.11 
3 16 0.574 -40.819 -0.094 3.173 -40.222 1.206 3.137 -45.988 6.11 
3 16 4.199 -43.883 7.061 4.04 -39.056 3.599 2.734 -41.706 8.582 
3 16 4.04 -39.056 3.599 2.631 -38.108 6.423 2.734 -41.706 8.582 
3 16 -2.55 -41.751 8.61 0.191 -40.057 9.126 -2.452 -38.167 6.418 
3 16 0.185 -37.717 7.611 -2.452 -38.167 6.418 0.191 -40.057 9.126 
3 16 0.595 -47.162 5.417 -2.677 -46.281 5.986 0.574 -40.819 -0.094 
3 16 -2.573 -40.432 1.011 0.574 -40.819 -0.094 -2.677 -46.281 5.986 
3 16 2.734 -41.706 8.582 2.631 -38.108 6.423 0.191 -40.057 9.126 
3 16 2.631 -38.108 6.423 0.185 -37.717 7.611 0.191 -40.057 9.126 
3 16 -2.677 -46.281 5.986 -4.135 -43.918 7.185 -2.573 -40.432 1.011 
3 16 -3.977 -39.171 3.685 -2.573 -40.432 1.011 -4.135 -43.918 7.185 
3 16 3.137 -45.988 6.11 3.173 -40.222 1.206 4.199 -43.883 7.061 
3 16 3.173 -40.222 1.206 4.04 -39.056 3.599 4.199 -43.883 7.061 
3 16 -4.135 -43.918 7.185 -2.55 -41.751 8.61 -3.977 -39.171 3.685 
3 16 -2.452 -38.167 6.418 -3.977 -39.171 3.685 -2.55 -41.751 8.61 
3 16 0.187 -30.919 9.648 0.185 -37.717 7.611 2.725 -31.375 8.314 
3 16 2.725 -31.375 8.314 0.185 -37.717 7.611 2.631 -38.108 6.423 
3 16 4.04 -39.056 3.599 4.074 -31.587 5.29 2.631 -38.108 6.423 
3 16 4.074 -31.587 5.29 2.725 -31.375 8.314 2.631 -38.108 6.423 
3 16 3.009 -31.901 2.697 4.074 -31.587 5.29 3.173 -40.222 1.206 
3 16 4.074 -31.587 5.29 4.04 -39.056 3.599 3.173 -40.222 1.206 
3 16 0.578 -32.212 1.474 3.009 -31.901 2.697 0.574 -40.819 -0.094 
3 16 3.009 -31.901 2.697 3.173 -40.222 1.206 0.574 -40.819 -0.094 
3 16 0.578 -32.212 1.474 0.574 -40.819 -0.094 -2.626 -32.075 2.415 
3 16 -2.626 -32.075 2.415 0.574 -40.819 -0.094 -2.573 -40.432 1.011 
3 16 -2.626 -32.075 2.415 -2.573 -40.432 1.011 -4.01 -31.719 5.343 
3 16 -4.01 -31.719 5.343 -2.573 -40.432 1.011 -3.977 -39.171 3.685 
3 16 -3.977 -39.171 3.685 -2.452 -38.167 6.418 -4.01 -31.719 5.343 
3 16 -2.515 -31.451 8.354 -4.01 -31.719 5.343 -2.452 -38.167 6.418 
3 16 0.187 -30.919 9.648 -2.515 -31.451 8.354 0.185 -37.717 7.611 
3 16 -2.515 -31.451 8.354 -2.452 -38.167 6.418 0.185 -37.717 7.611 
3 16 2.734 -41.706 8.582 0.191 -40.057 9.126 2.696 -41.14 12.383 
3 16 0.191 -40.057 9.126 0.189 -39.923 12.021 2.696 -41.14 12.383 
3 16 4.199 -43.883 7.061 2.734 -41.706 8.582 4.14 -44.066 12.47 
3 16 2.734 -41.706 8.582 2.696 -41.14 12.383 4.14 -44.066 12.47 
3 16 3.137 -45.988 6.11 4.199 -43.883 7.061 3.14 -46.633 12.927 
3 16 4.199 -43.883 7.061 4.14 -44.066 12.47 3.14 -46.633 12.927 
3 16 0.595 -47.162 5.417 3.137 -45.988 6.11 0.587 -48.046 13.172 
3 16 3.137 -45.988 6.11 3.14 -46.633 12.927 0.587 -48.046 13.172 
3 16 0.587 -48.046 13.172 -2.638 -46.892 13.096 0.595 -47.162 5.417 
3 16 -2.677 -46.281 5.986 0.595 -47.162 5.417 -2.638 -46.892 13.096 
3 16 -2.638 -46.892 13.096 -4.076 -44.014 12.603 -2.677 -46.281 5.986 
3 16 -4.135 -43.918 7.185 -2.677 -46.281 5.986 -4.076 -44.014 12.603 
3 16 -4.135 -43.918 7.185 -4.076 -44.014 12.603 -2.55 -41.751 8.61 
3 16 -2.55 -41.751 8.61 -4.076 -44.014 12.603 -2.514 -41.161 12.438 
3 16 -2.55 -41.751 8.61 -2.514 -41.161 12.438 0.191 -40.057 9.126 
3 16 0.191 -40.057 9.126 -2.514 -41.161 12.438 0.189 -39.923 12.021 
3 16 3.14 -46.633 12.927 4.14 -44.066 12.47 2.968 -44.61 18.354 
3 16 2.968 -44.61 18.354 4.14 -44.066 12.47 3.951 -42.406 17.247 
3 16 0.587 -48.046 13.172 3.14 -46.633 12.927 0.562 -45.767 18.949 
3 16 3.14 -46.633 12.927 2.968 -44.61 18.354 0.562 -45.767 18.949 
3 16 0.587 -48.046 13.172 0.562 -45.767 18.949 -2.638 -46.892 13.096 
3 16 -2.638 -46.892 13.096 0.562 -45.767 18.949 -2.516 -44.758 18.569 
3 16 -2.638 -46.892 13.096 -2.516 -44.758 18.569 -4.076 -44.014 12.603 
3 16 -4.076 -44.014 12.603 -2.516 -44.758 18.569 -3.888 -42.324 17.351 
3 16 -4.076 -44.014 12.603 -3.888 -42.324 17.351 -2.514 -41.161 12.438 
3 16 -2.514 -41.161 12.438 -3.888 -42.324 17.351 -2.397 -39.823 16.433 
3 16 -2.514 -41.161 12.438 -2.397 -39.823 16.433 0.189 -39.923 12.021 
3 16 0.189 -39.923 12.021 -2.397 -39.823 16.433 0.182 -38.675 15.532 
3 16 2.696 -41.14 12.383 0.189 -39.923 12.021 2.574 -39.819 16.378 
3 16 0.189 -39.923 12.021 0.182 -38.675 15.532 2.574 -39.819 16.378 
3 16 4.14 -44.066 12.47 2.696 -41.14 12.383 3.951 -42.406 17.247 
3 16 2.696 -41.14 12.383 2.574 -39.819 16.378 3.951 -42.406 17.247 
3 16 -1.716 -42.421 19.748 0.395 -43.056 20.131 0 -40.551 19.503 
3 16 0.395 -43.056 20.131 1.959 -42.339 19.611 0 -40.551 19.503 
3 16 0 -40.551 19.503 2.72 -40.995 18.559 1.775 -39.355 17.648 
3 16 -1.634 -39.35 17.685 0 -40.551 19.503 0.135 -38.687 16.932 
3 16 0.135 -38.687 16.932 0 -40.551 19.503 1.775 -39.355 17.648 
3 16 0 -40.551 19.503 1.959 -42.339 19.611 2.72 -40.995 18.559 
3 16 -1.634 -39.35 17.685 -2.657 -40.927 18.62 0 -40.551 19.503 
3 16 -2.657 -40.927 18.62 -1.716 -42.421 19.748 0 -40.551 19.503 
3 16 0.562 -45.767 18.949 2.968 -44.61 18.354 0.395 -43.056 20.131 
3 16 2.968 -44.61 18.354 1.959 -42.339 19.611 0.395 -43.056 20.131 
3 16 0.562 -45.767 18.949 0.395 -43.056 20.131 -2.516 -44.758 18.569 
3 16 -2.516 -44.758 18.569 0.395 -43.056 20.131 -1.716 -42.421 19.748 
3 16 -2.516 -44.758 18.569 -1.716 -42.421 19.748 -3.888 -42.324 17.351 
3 16 -3.888 -42.324 17.351 -1.716 -42.421 19.748 -2.657 -40.927 18.62 
3 16 -3.888 -42.324 17.351 -2.657 -40.927 18.62 -2.397 -39.823 16.433 
3 16 -2.397 -39.823 16.433 -2.657 -40.927 18.62 -1.634 -39.35 17.685 
3 16 0.182 -38.675 15.532 -2.397 -39.823 16.433 0.135 -38.687 16.932 
3 16 -2.397 -39.823 16.433 -1.634 -39.35 17.685 0.135 -38.687 16.932 
3 16 2.574 -39.819 16.378 0.182 -38.675 15.532 1.775 -39.355 17.648 
3 16 0.182 -38.675 15.532 0.135 -38.687 16.932 1.775 -39.355 17.648 
3 16 3.951 -42.406 17.247 2.574 -39.819 16.378 2.72 -40.995 18.559 
3 16 2.574 -39.819 16.378 1.775 -39.355 17.648 2.72 -40.995 18.559 
3 16 2.968 -44.61 18.354 3.951 -42.406 17.247 1.959 -42.339 19.611 
3 16 3.951 -42.406 17.247 2.72 -40.995 18.559 1.959 -42.339 19.611 
3 16 5.39 -9.032 -2.746 2.795 -8.1 4.146 6.125 -9.302 0 
3 16 2.795 -8.1 4.146 5.306 -8.983 2.912 6.125 -9.302 0 
3 16 0 -7.783 -6.125 -3.6 -8.392 -4.955 -0.178 -7.807 3.843 
3 16 -0.178 -7.807 3.843 -3.6 -8.392 -4.955 -3.191 -8.197 4.117 
3 16 0 0 -6.125 -0.188 0 -9.48 -3.6 0 -4.955 
3 16 5.698 0 -9.537 -0.188 0 -9.48 3.6 0 -4.955 
3 16 3.6 0 -4.955 -0.188 0 -9.48 0 0 -6.125 
3 16 -8.1 -10.201 -7.42 -6.294 -7.348 -8.545 -8.165 -10.384 -12.527 
3 16 -5.937 -13.381 6.584 -5.921 -9.275 4.54 -9.163 -14.441 3.779 
3 16 -5.921 -9.275 4.54 -8.722 -9.899 2.116 -9.163 -14.441 3.779 
3 16 -9.163 -14.441 3.779 -8.722 -9.899 2.116 -8.998 -14.982 -1.581 
3 16 -8.722 -9.899 2.116 -7.557 -10.37 -2.626 -8.998 -14.982 -1.581 
3 16 7.34 -6.625 -14.71 4.237 -6.186 -14.537 6.764 -8.472 -13.009 
3 16 4.237 -6.186 -14.537 4.68 -6.522 -12.492 6.764 -8.472 -13.009 
3 16 4.68 -6.522 -12.492 6.497 -8.317 -10.401 6.764 -8.472 -13.009 
3 16 6.497 -8.317 -10.401 4.68 -6.522 -12.492 6.128 -7.88 -8.183 
3 16 4.68 -6.522 -12.492 4.636 -6.621 -9.86 6.128 -7.88 -8.183 
3 16 -6.274 -16.239 -20.864 -9.244 -13.751 -17.339 -6.544 -12.888 -20.51 
3 16 6.907 -21.129 -14.812 8.123 -18.649 -13.001 4.677 -21.733 -11.399 
3 16 8.123 -18.649 -13.001 8.22 -18.947 -8.263 4.677 -21.733 -11.399 
3 16 8.22 -18.947 -8.263 4.685 -22.255 -7.987 4.677 -21.733 -11.399 
3 16 8.509 -19.663 -3.306 5.461 -24.267 -2.789 8.22 -18.947 -8.263 
3 16 5.461 -24.267 -2.789 4.685 -22.255 -7.987 8.22 -18.947 -8.263 
3 16 -1.38 -33.368 -29.133 0.032 -33.69 -28.637 -1.38 -38.647 -32.561 
3 16 0.032 -33.69 -28.637 0.032 -38.974 -32.068 -1.38 -38.647 -32.561 
3 16 -1.371 -31.828 -31.505 -1.961 -32.597 -30.32 -1.371 -37.115 -34.938 
3 16 -1.961 -32.597 -30.32 -1.961 -37.878 -33.75 -1.371 -37.115 -34.938 
3 16 1.458 -31.833 -31.496 0.045 -31.511 -31.992 1.458 -37.133 -34.938 
3 16 0.045 -31.511 -31.992 0.045 -36.807 -35.431 1.458 -37.133 -34.938 
3 16 1.448 -33.374 -29.124 2.039 -32.604 -30.309 1.448 -38.665 -32.561 
3 16 2.039 -32.604 -30.309 2.039 -37.903 -33.75 1.448 -38.665 -32.561 
3 16 -1.961 -32.597 -30.32 -1.38 -33.368 -29.133 -1.961 -37.878 -33.75 
3 16 -1.38 -33.368 -29.133 -1.38 -38.647 -32.561 -1.961 -37.878 -33.75 
3 16 0.045 -31.511 -31.992 -1.371 -31.828 -31.505 0.045 -36.807 -35.431 
3 16 -1.371 -31.828 -31.505 -1.371 -37.115 -34.938 0.045 -36.807 -35.431 
3 16 0.032 -33.69 -28.637 1.448 -33.374 -29.124 0.032 -38.974 -32.068 
3 16 1.448 -33.374 -29.124 1.448 -38.665 -32.561 0.032 -38.974 -32.068 
3 16 2.039 -32.604 -30.309 1.458 -31.833 -31.496 2.039 -37.903 -33.75 
3 16 1.458 -31.833 -31.496 1.458 -37.133 -34.938 2.039 -37.903 -33.75 
3 16 -1.38 -33.368 -29.133 -1.961 -32.597 -30.32 0.032 -33.69 -28.637 
3 16 -1.961 -32.597 -30.32 -1.371 -31.828 -31.505 0.032 -33.69 -28.637 
3 16 -1.371 -31.828 -31.505 0.045 -31.511 -31.992 0.032 -33.69 -28.637 
3 16 0.045 -31.511 -31.992 1.458 -31.833 -31.496 0.032 -33.69 -28.637 
3 16 1.458 -31.833 -31.496 2.039 -32.604 -30.309 0.032 -33.69 -28.637 
3 16 2.039 -32.604 -30.309 1.448 -33.374 -29.124 0.032 -33.69 -28.637 
3 16 8.603 -10.256 -0.539 7.591 -10.153 -2.036 8.05 -8.03 -5.147 
3 16 6.977 -9.199 -4.616 8.05 -8.03 -5.147 7.591 -10.153 -2.036 
3 16 8.05 -8.03 -5.147 6.977 -9.199 -4.616 7.013 -6.648 -8.831 
3 16 6.128 -7.88 -8.183 7.013 -6.648 -8.831 6.977 -9.199 -4.616 
3 16 5.458 -4.658 -10.162 7.013 -6.648 -8.831 4.636 -6.621 -9.86 
3 16 7.013 -6.648 -8.831 6.128 -7.88 -8.183 4.636 -6.621 -9.86 
3 16 -5.39 -9.032 -2.746 -3.6 -8.392 -4.955 -5.39 0 -2.746 
3 16 -3.6 -8.392 -4.955 -3.6 0 -4.955 -5.39 0 -2.746 
3 16 -6.125 -9.232 0 -5.39 -9.032 -2.746 -6.125 0.012 0 
3 16 -5.39 0 -2.746 -6.125 0.012 0 -5.39 -9.032 -2.746 
3 16 -6.125 -9.232 0 -6.125 0.012 0 -5.306 -8.983 2.911 
3 16 -6.125 0.012 0 -5.825 0 1.893 -5.306 -8.983 2.911 
3 16 -5.825 0 1.893 -5.306 -0.83 2.911 -5.306 -8.983 2.911 
3 16 -4.983 -28.404 -41.885 -2.791 -28.289 -45.588 -1.08 -31.569 -42.55 
3 16 -2.791 -28.289 -45.588 -0.358 -29.142 -47.103 -1.08 -31.569 -42.55 
3 16 -5.306 -0.83 2.911 -5.698 -1.101 3.572 -5.306 -8.983 2.911 
3 16 -5.698 -1.101 3.572 -5.732 -4.876 3.83 -5.306 -8.983 2.911 
3 16 -5.306 -8.983 2.911 -5.732 -4.876 3.83 -5.921 -9.275 4.54 
3 16 5.972 -9.302 4.681 5.85 -4.945 3.912 5.306 -8.983 2.912 
3 16 5.306 -2.517 2.912 5.306 -8.983 2.912 5.714 -2.517 3.635 
3 16 5.306 -8.983 2.912 5.85 -4.945 3.912 5.714 -2.517 3.635 
3 16 7.212 0 -16.629 5.849 -1.233 -16.224 7.331 -5.247 -15.594 
3 16 7.331 -5.247 -15.594 5.849 -1.233 -16.224 5.853 -4.97 -15.37 
3 16 -7.169 0 -16.625 -5.812 -1.422 -16.214 -5.825 0 -18.107 
3 16 -5.812 -1.422 -16.214 -5.169 -1.233 -16.819 -5.825 0 -18.107 
3 16 7.212 0 -16.629 5.825 0 -18.107 5.849 -1.233 -16.224 
3 16 5.825 0 -18.107 5.177 -1.233 -16.835 5.849 -1.233 -16.224 
3 16 8.096 -10.607 -8.719 6.497 -8.317 -10.401 6.977 -9.199 -4.616 
3 16 6.128 -7.88 -8.183 6.977 -9.199 -4.616 6.497 -8.317 -10.401 
3 16 6.497 -8.317 -10.401 8.096 -10.607 -8.719 8.109 -10.774 -11.344 
3 16 6.497 -8.317 -10.401 8.109 -10.774 -11.344 6.764 -8.472 -13.009 
3 16 7.34 -6.625 -14.71 8.692 -8.824 -13.804 8.54 -6.99 -15.372 
3 16 8.54 -6.99 -15.372 8.583 -5.505 -16.537 7.34 -6.625 -14.71 
3 16 8.583 -5.505 -16.537 7.331 -5.247 -15.594 7.34 -6.625 -14.71 
3 16 8.583 -5.505 -16.537 8.821 0 -17.582 7.331 -5.247 -15.594 
3 16 8.821 0 -17.582 7.212 0 -16.629 7.331 -5.247 -15.594 
3 16 -4.773 -6.65 -9.965 -5.38 -6.949 -12.436 -6.294 -7.348 -8.545 
3 16 -6.294 -7.348 -8.545 -5.38 -6.949 -12.436 -8.165 -10.384 -12.527 
3 16 -8.165 -10.384 -12.527 -5.38 -6.949 -12.436 -7.926 -6.768 -14.701 
3 16 -7.933 -5.59 -15.786 -7.926 -6.768 -14.701 -6.513 -5.233 -15.512 
3 16 -6.513 -5.233 -15.512 -7.926 -6.768 -14.701 -5.38 -6.949 -12.436 
3 16 -7.169 0 -16.625 -7.933 -5.59 -15.786 -5.812 -1.422 -16.214 
3 16 -5.812 -1.422 -16.214 -7.933 -5.59 -15.786 -6.513 -5.233 -15.512 
3 16 1.982 -45.1 -18.538 1.993 -44.343 -21.423 1.943 -44.099 -18.982 
3 16 1.993 -44.343 -21.423 1.953 -43.488 -20.797 1.943 -44.099 -18.982 
3 16 1.928 -42.749 -16.337 1.982 -45.1 -18.538 1.894 -42.45 -17.335 
3 16 1.982 -45.1 -18.538 1.943 -44.099 -18.982 1.894 -42.45 -17.335 
3 16 1.967 -39.433 -15.481 1.814 -39.693 -16.768 1.537 -36.676 -16.586 
3 16 1.454 -40.033 -22.884 1.841 -41.76 -22.214 2.164 -40.448 -24.62 
3 16 1.946 -42.307 -23.463 2.164 -40.448 -24.62 1.841 -41.76 -22.214 
3 16 5.908 -12.553 6.321 5.972 -9.302 4.681 2.795 -8.1 4.146 
3 16 -5.921 -9.275 4.54 -5.937 -13.381 6.584 -3.191 -8.197 4.117 
3 16 -8.725 -29.792 -20.565 -6.072 -36.527 -21.601 -4.326 -34.689 -16.417 
3 16 -6.02 -24.281 -14.916 -8.725 -29.792 -20.565 -4.326 -34.689 -16.417 
3 16 -7.116 -9.543 -20.761 -9.025 -8.031 -19.254 -8.213 -8.431 -23.392 
3 16 -8.213 -8.431 -23.392 -5.105 -8.706 -26.661 -7.116 -9.543 -20.761 
3 16 -4.475 -9.777 -24.132 -7.116 -9.543 -20.761 -5.105 -8.706 -26.661 
3 16 -0.003 -7.786 -26.301 -0.228 -8.667 -24.591 -5.105 -8.706 -26.661 
3 16 -0.228 -8.667 -24.591 -4.475 -9.777 -24.132 -5.105 -8.706 -26.661 
3 16 -0.003 -7.786 -26.301 5.153 -8.957 -26.359 -0.228 -8.667 -24.591 
3 16 4.463 -9.699 -24.464 -0.228 -8.667 -24.591 5.153 -8.957 -26.359 
3 16 8.937 -8.138 -22.293 7.624 -9.266 -21.067 5.153 -8.957 -26.359 
3 16 4.463 -9.699 -24.464 5.153 -8.957 -26.359 7.624 -9.266 -21.067 
3 16 -4.145 -25.505 -2.211 -0.296 -26.38 -2.764 -2.654 -27.748 2.349 
3 16 -2.654 -27.748 2.349 -0.296 -26.38 -2.764 0.6 -28.184 1.369 
3 16 -0.296 -26.38 -2.764 -4.145 -25.505 -2.211 -1.024 -23.401 -7.714 
3 16 -4.145 -25.505 -2.211 -4.171 -22.55 -7.355 -1.024 -23.401 -7.714 
3 16 -4.415 -21.782 -11.29 -1.353 -22.555 -10.627 -4.171 -22.55 -7.355 
3 16 -1.353 -22.555 -10.627 -1.024 -23.401 -7.714 -4.171 -22.55 -7.355 
3 16 -1.353 -22.555 -10.627 -4.415 -21.782 -11.29 -1.674 -23.563 -12.814 
3 16 -4.415 -21.782 -11.29 -4.015 -22.995 -13.57 -1.674 -23.563 -12.814 
3 16 -6.02 -24.281 -14.916 -2.164 -26.755 -12.112 -4.015 -22.995 -13.57 
3 16 -2.164 -26.755 -12.112 -1.674 -23.563 -12.814 -4.015 -22.995 -13.57 
3 16 -7.684 0 -8.553 -9.461 0 -4.409 -5.039 0.078 -9.804 
3 16 -7.908 -5.273 -8.983 -9.726 -5.421 -3.31 -7.684 0 -8.553 
3 16 -7.684 0 -8.553 -9.726 -5.421 -3.31 -9.461 0 -4.409 
3 16 -7.557 -10.37 -2.626 -9.726 -5.421 -3.31 -6.294 -7.348 -8.545 
3 16 -9.726 -5.421 -3.31 -7.908 -5.273 -8.983 -6.294 -7.348 -8.545 
3 16 -8.1 -10.201 -7.42 -7.557 -10.37 -2.626 -6.294 -7.348 -8.545 
3 16 1.841 -41.76 -22.214 1.253 -40.808 -19.327 1.953 -43.488 -20.797 
3 16 1.953 -43.488 -20.797 1.253 -40.808 -19.327 1.763 -42.717 -19.183 
3 16 1.993 -44.343 -21.423 1.946 -42.307 -23.463 1.953 -43.488 -20.797 
3 16 1.946 -42.307 -23.463 1.841 -41.76 -22.214 1.953 -43.488 -20.797 
3 16 1.554 -42.856 -24.693 1.946 -42.307 -23.463 1.704 -45.177 -22.035 
3 16 1.704 -45.177 -22.035 1.946 -42.307 -23.463 1.993 -44.343 -21.423 
3 16 1.554 -42.856 -24.693 1.704 -45.177 -22.035 -0.181 -43.34 -24.697 
3 16 -0.181 -43.34 -24.697 1.704 -45.177 -22.035 0.002 -45.433 -22.24 
3 16 -0.181 -43.34 -24.697 0.002 -45.433 -22.24 -3.472 -42.479 -22.958 
3 16 0.002 -45.433 -22.24 -1.992 -44.799 -21.181 -3.472 -42.479 -22.958 
3 16 -4.283 -38.645 -15.106 -5.092 -41.084 -19.708 -2.473 -41.949 -15.487 
3 16 -5.092 -41.084 -19.708 -2.538 -44.025 -18.437 -2.473 -41.949 -15.487 
3 16 0.084 -38.761 -13.533 -4.283 -38.645 -15.106 0.128 -43.079 -14.988 
3 16 -2.473 -41.949 -15.487 0.128 -43.079 -14.988 -4.283 -38.645 -15.106 
3 16 0.128 -43.079 -14.988 1.663 -43.02 -15.569 0.084 -38.761 -13.533 
3 16 1.725 -39.158 -14.291 0.084 -38.761 -13.533 1.663 -43.02 -15.569 
3 16 1.663 -43.02 -15.569 1.928 -42.749 -16.337 1.725 -39.158 -14.291 
3 16 1.928 -42.749 -16.337 1.967 -39.433 -15.481 1.725 -39.158 -14.291 
3 16 1.928 -42.749 -16.337 1.894 -42.45 -17.335 1.967 -39.433 -15.481 
3 16 1.894 -42.45 -17.335 1.814 -39.693 -16.768 1.967 -39.433 -15.481 
3 16 1.814 -39.693 -16.768 1.894 -42.45 -17.335 1.253 -40.808 -19.327 
3 16 1.763 -42.717 -19.183 1.253 -40.808 -19.327 1.894 -42.45 -17.335 
3 16 -9.517 -10.681 -17.077 -9.311 -7.819 -16.311 -9.025 -8.031 -19.254 
3 16 -6.274 -16.239 -20.864 -8.646 -17.748 -12.699 -9.244 -13.751 -17.339 
3 16 -6.951 -19.592 -17.49 -8.646 -17.748 -12.699 -6.274 -16.239 -20.864 
3 16 -6.544 -12.888 -20.51 -9.244 -13.751 -17.339 -7.275 -9.999 -19.768 
3 16 -9.244 -13.751 -17.339 -9.517 -10.681 -17.077 -7.275 -9.999 -19.768 
3 16 -3.717 -13.484 -23.534 -6.544 -12.888 -20.51 -4.233 -9.933 -21.596 
3 16 -6.544 -12.888 -20.51 -7.275 -9.999 -19.768 -4.233 -9.933 -21.596 
3 16 -4.233 -9.933 -21.596 -0.554 -9.043 -23.053 -3.717 -13.484 -23.534 
3 16 -3.717 -13.484 -23.534 -0.554 -9.043 -23.053 -0.698 -12.289 -24.482 
3 16 -0.698 -12.289 -24.482 -0.554 -9.043 -23.053 3.974 -12.893 -23.163 
3 16 3.974 -12.893 -23.163 -0.554 -9.043 -23.053 3.886 -9.855 -22.211 
3 16 6.321 -10.522 -19.831 6.885 -14.702 -20.968 3.886 -9.855 -22.211 
3 16 3.974 -12.893 -23.163 3.886 -9.855 -22.211 6.885 -14.702 -20.968 
3 16 9.257 -9.607 -16.779 6.885 -14.702 -20.968 6.321 -10.522 -19.831 
3 16 9.606 0 -20.443 6.125 0 -20 8.821 0 -17.582 
3 16 6.125 0 -20 5.825 0 -18.107 8.821 0 -17.582 
3 16 5.825 0 -18.107 7.212 0 -16.629 8.821 0 -17.582 
3 16 8.821 0 -17.582 8.583 -5.505 -16.537 9.606 0 -20.443 
3 16 9.606 0 -20.443 8.583 -5.505 -16.537 9.663 -5.51 -18.98 
3 16 9.15 -7.61 -18.022 9.663 -5.51 -18.98 8.54 -6.99 -15.372 
3 16 9.663 -5.51 -18.98 8.583 -5.505 -16.537 8.54 -6.99 -15.372 
3 16 9.257 -9.607 -16.779 9.15 -7.61 -18.022 8.692 -8.824 -13.804 
3 16 8.692 -8.824 -13.804 9.15 -7.61 -18.022 8.54 -6.99 -15.372 
3 16 8.109 -10.774 -11.344 9.257 -9.607 -16.779 8.692 -8.824 -13.804 
3 16 8.109 -10.774 -11.344 9.159 -14.635 -14.874 9.257 -9.607 -16.779 
3 16 9.159 -14.635 -14.874 8.109 -10.774 -11.344 9.12 -14.245 -12.52 
3 16 9.159 -14.635 -14.874 9.12 -14.245 -12.52 8.123 -18.649 -13.001 
3 16 -1.08 -39.919 -30.113 -1.38 -38.647 -32.561 1.053 -40.252 -30.086 
3 16 -1.38 -38.647 -32.561 0.032 -38.974 -32.068 1.053 -40.252 -30.086 
3 16 -1.08 -39.919 -30.113 1.053 -40.252 -30.086 -0.011 -40.866 -26.575 
3 16 1.053 -40.252 -30.086 1.571 -40.859 -26.335 -0.011 -40.866 -26.575 
3 16 -3.472 -42.479 -22.958 -1.992 -44.799 -21.181 -5.092 -41.084 -19.708 
3 16 -5.092 -41.084 -19.708 -1.992 -44.799 -21.181 -2.538 -44.025 -18.437 
3 16 -6.072 -36.527 -21.601 -3.971 -39.396 -25.038 -5.092 -41.084 -19.708 
3 16 -5.092 -41.084 -19.708 -3.971 -39.396 -25.038 -3.472 -42.479 -22.958 
3 16 -3.574 -37.76 -32.981 -1.08 -39.919 -30.113 -8.156 -35.391 -27.701 
3 16 -5.38 -6.949 -12.436 -0.378 -5.274 -14.813 -6.513 -5.233 -15.512 
3 16 -6.513 -5.233 -15.512 -0.378 -5.274 -14.813 5.853 -4.97 -15.37 
3 16 -0.378 -5.274 -14.813 4.237 -6.186 -14.537 5.853 -4.97 -15.37 
3 16 9.718 -5.557 -23.424 9.15 -7.61 -18.022 8.937 -8.138 -22.293 
3 16 -10.023 -5.507 -21.214 -7.569 -5.562 -28.006 -9.025 -8.031 -19.254 
3 16 -8.213 -8.431 -23.392 -9.025 -8.031 -19.254 -7.569 -5.562 -28.006 
3 16 5.177 -5.233 -16.835 5.853 -4.97 -15.37 5.177 -1.233 -16.835 
3 16 5.853 -4.97 -15.37 5.849 -1.233 -16.224 5.177 -1.233 -16.835 
3 16 5.825 0 -18.107 5.825 -5.233 -18.107 5.177 -1.233 -16.835 
3 16 5.177 -5.233 -16.835 5.177 -1.233 -16.835 5.825 -5.233 -18.107 
3 16 6.125 -5.233 -20 6.125 0 -20 5.39 0 -22.746 
3 16 0 -5.233 -26.125 0 0 -26.125 -2.676 -5.233 -25.426 
3 16 0 0 -26.125 -2.721 0 -25.403 -2.676 -5.233 -25.426 
3 16 9.688 -5.475 -1.817 10.012 0.001 -1.891 9.372 -5.284 1.325 
3 16 9.682 0.012 0.789 9.372 -5.284 1.325 10.012 0.001 -1.891 
3 16 9.159 -14.635 -14.874 8.123 -18.649 -13.001 8.448 -18.071 -17.858 
3 16 8.123 -18.649 -13.001 6.907 -21.129 -14.812 8.448 -18.071 -17.858 
3 16 9.12 -14.245 -12.52 8.109 -10.774 -11.344 9.301 -13.822 -7.706 
3 16 8.109 -10.774 -11.344 8.096 -10.607 -8.719 9.301 -13.822 -7.706 
3 16 8.109 -10.774 -11.344 8.692 -8.824 -13.804 6.764 -8.472 -13.009 
3 16 7.34 -6.625 -14.71 6.764 -8.472 -13.009 8.692 -8.824 -13.804 
3 16 7.624 -9.266 -21.067 8.937 -8.138 -22.293 9.257 -9.607 -16.779 
3 16 9.257 -9.607 -16.779 8.937 -8.138 -22.293 9.15 -7.61 -18.022 
3 16 -9.839 0 -21.386 -5.39 0 -22.746 -6.997 0 -27.916 
3 16 -5.39 0 -22.746 -2.721 0 -25.403 -6.997 0 -27.916 
3 16 -6.997 0 -27.916 -2.721 0 -25.403 0.211 0 -29.224 
3 16 -2.721 0 -25.403 0 0 -26.125 0.211 0 -29.224 
3 16 6.252 0 -28.589 0.211 0 -29.224 0 0 -26.125 
3 16 -5.698 -1.101 3.572 -5.306 -0.83 2.911 -8.125 0 2.494 
3 16 -8.125 0 2.494 -5.306 -0.83 2.911 -5.825 0 1.893 
3 16 5.39 0 -2.746 5.698 0 -9.537 3.6 0 -4.955 
3 16 5.39 -9.032 -2.746 5.39 0 -2.746 3.6 -8.391 -4.955 
3 16 3.6 -8.391 -4.955 5.39 0 -2.746 3.6 0 -4.955 
3 16 -5.39 -9.032 -2.746 -6.125 -9.232 0 -3.191 -8.197 4.117 
3 16 -6.125 -9.232 0 -5.306 -8.983 2.911 -3.191 -8.197 4.117 
3 16 -3.191 -8.197 4.117 -5.306 -8.983 2.911 -5.921 -9.275 4.54 
3 16 -6.125 0 -20 -9.375 0 -18.531 -5.825 0 -18.107 
3 16 -9.375 0 -18.531 -7.169 0 -16.625 -5.825 0 -18.107 
3 16 -6.125 -5.233 -20 -6.125 0 -20 -5.825 -5.233 -18.107 
3 16 -6.125 0 -20 -5.825 0 -18.107 -5.825 -5.233 -18.107 
3 16 -5.39 -5.233 -22.746 -6.125 -5.233 -20 6.125 -5.233 -20 
3 16 6.125 -5.233 -20 -6.125 -5.233 -20 5.825 -5.233 -18.107 
3 16 5.825 -5.233 -18.107 -6.125 -5.233 -20 5.177 -5.233 -16.835 
3 16 -6.125 -5.233 -20 -5.825 -5.233 -18.107 5.177 -5.233 -16.835 
3 16 5.177 -5.233 -16.835 -5.825 -5.233 -18.107 -5.169 -5.233 -16.819 
3 16 -5.825 0 -18.107 -5.169 -1.233 -16.819 -5.825 -5.233 -18.107 
3 16 -5.169 -1.233 -16.819 -5.169 -5.233 -16.819 -5.825 -5.233 -18.107 
3 16 5.825 0 -18.107 6.125 0 -20 5.825 -5.233 -18.107 
3 16 6.125 0 -20 6.125 -5.233 -20 5.825 -5.233 -18.107 
3 16 6.125 -5.233 -20 5.39 0 -22.746 5.376 -5.233 -22.775 
3 16 5.39 0 -22.746 2.746 0 -25.39 5.376 -5.233 -22.775 
3 16 2.746 -5.233 -25.39 5.376 -5.233 -22.775 2.746 0 -25.39 
3 16 0 -5.233 -26.125 2.746 -5.233 -25.39 0 0 -26.125 
3 16 2.746 -5.233 -25.39 2.746 0 -25.39 0 0 -26.125 
3 16 2.746 0 -25.39 5.39 0 -22.746 6.252 0 -28.589 
3 16 0 0 -26.125 2.746 0 -25.39 6.252 0 -28.589 
3 16 -2.676 -5.233 -25.426 -2.721 0 -25.403 -5.39 -5.233 -22.746 
3 16 -2.721 0 -25.403 -5.39 0 -22.746 -5.39 -5.233 -22.746 
2 24 1.186 -18.803 -38.687 -1.137 -18.751 -38.682 
2 24 -3.903 -20.105 -38.484 -5.854 -23.77 -37.533 
2 24 5.714 -2.517 3.635 5.85 -4.945 3.912 
2 24 7.432 0 3.141 5.714 -2.517 3.635 
2 24 9.682 0.012 0.789 7.432 0 3.141 
2 24 -5.698 -1.101 3.572 -8.125 0 2.494 
2 24 -5.732 -4.876 3.83 -5.698 -1.101 3.572 
2 24 -8.125 0 2.494 -9.853 0 -0.027 
2 24 6.125 0 0 5.825 0 1.893 
2 24 5.825 0 1.893 7.432 0 3.141 
2 24 -6.997 0 -27.916 0.211 0 -29.224 
2 24 -9.853 0 -0.027 -9.461 0 -4.409 
2 24 -0.188 0 -9.48 -5.039 0.078 -9.804 
2 24 -5.39 0 -2.746 -3.6 0 -4.955 
2 24 8.04 0.12 -8.267 5.698 0 -9.537 
2 24 9.676 0.003 -4.845 8.04 0.12 -8.267 
2 24 5.39 0 -22.746 6.125 0 -20 
2 24 -9.375 0 -18.531 -9.839 0 -21.386 
2 24 -5.921 -9.275 4.54 -5.732 -4.876 3.83 
2 24 5.85 -4.945 3.912 5.972 -9.302 4.681 
2 24 -0.295 -5.03 -10.003 -4.773 -6.65 -9.965 
2 24 2.039 -37.903 -33.75 1.458 -37.133 -34.938 
2 24 0.211 0 -29.224 6.252 0 -28.589 
2 24 -0.295 -5.03 -10.003 4.636 -6.621 -9.86 
2 24 -6.125 0 -20 -5.39 0 -22.746 
2 24 -7.169 0 -16.625 -9.375 0 -18.531 
2 24 -7.684 0 -8.553 -5.039 0.078 -9.804 
2 24 -6.125 0.012 0 -5.39 0 -2.746 
2 24 -8.125 0 2.494 -5.825 0 1.893 
2 24 -5.825 0 1.893 -6.125 0.012 0 
2 24 -5.854 -23.77 -37.533 -5.536 -29.12 -37.967 
2 24 -1.759 -32.413 -39.463 1.327 -32.264 -39.524 
2 24 0.045 -36.807 -35.431 -1.371 -37.115 -34.938 
2 24 -4.326 -34.689 -16.417 -0.002 -34.335 -14.339 
2 24 1.571 -40.859 -26.335 2.164 -40.448 -24.62 
2 24 1.537 -36.676 -16.586 1.861 -35.467 -14.891 
2 24 1.861 -35.467 -14.891 -0.002 -34.335 -14.339 
2 24 -4.326 -34.689 -16.417 -6.072 -36.527 -21.601 
2 24 -0.011 -40.866 -26.575 1.571 -40.859 -26.335 
2 24 1.454 -40.033 -22.884 0.976 -38.777 -19.528 
2 24 0.976 -38.777 -19.528 1.537 -36.676 -16.586 
2 24 -3.971 -39.396 -25.038 -0.011 -40.866 -26.575 
2 24 6.252 0 -28.589 9.703 0 -24.033 
2 24 -9.839 0 -21.386 -6.997 0 -27.916 
2 24 3.886 -9.855 -22.211 -0.554 -9.043 -23.053 
2 24 -1.137 -18.751 -38.682 -3.903 -20.105 -38.484 
2 24 -3.6 -8.392 -4.955 0 -7.783 -6.125 
2 24 0 0 -6.125 -3.6 0 -4.955 
2 24 6.125 -9.302 0 5.306 -8.983 2.912 
2 24 5.306 -8.983 2.912 5.306 -2.517 2.912 
2 24 5.306 -2.517 2.912 5.825 0 1.893 
2 24 -3.6 -8.392 -4.955 -5.39 -9.032 -2.746 
2 24 3.6 -8.391 -4.955 0 -7.783 -6.125 
2 24 -0.178 -7.807 3.843 2.795 -8.1 4.146 
2 24 5.39 -9.032 -2.746 3.6 -8.391 -4.955 
2 24 3.6 0 -4.955 0 0 -6.125 
2 24 2.795 -8.1 4.146 5.972 -9.302 4.681 
2 24 5.972 -9.302 4.681 5.306 -8.983 2.912 
2 24 5.306 -2.517 2.912 5.714 -2.517 3.635 
2 24 -6.125 -5.233 -20 -5.39 -5.233 -22.746 
2 24 -6.513 -5.233 -15.512 -5.169 -5.233 -16.819 
2 24 -5.812 -1.422 -16.214 -6.513 -5.233 -15.512 
2 24 -5.169 -5.233 -16.819 -5.169 -1.233 -16.819 
2 24 -5.169 -1.233 -16.819 -5.812 -1.422 -16.214 
2 24 2.746 -5.233 -25.39 0 -5.233 -26.125 
2 24 0 -5.233 -26.125 -2.676 -5.233 -25.426 
2 24 -2.676 -5.233 -25.426 -5.39 -5.233 -22.746 
2 24 -6.513 -5.233 -15.512 5.853 -4.97 -15.37 
2 24 5.853 -4.97 -15.37 5.177 -5.233 -16.835 
2 24 6.125 -5.233 -20 5.376 -5.233 -22.775 
2 24 5.376 -5.233 -22.775 2.746 -5.233 -25.39 
2 24 0.032 -38.974 -32.068 1.448 -38.665 -32.561 
2 24 1.458 -37.133 -34.938 0.045 -36.807 -35.431 
2 24 -1.371 -37.115 -34.938 -1.961 -37.878 -33.75 
2 24 -5.536 -29.12 -37.967 -1.759 -32.413 -39.463 
2 24 -1.961 -37.878 -33.75 -1.38 -38.647 -32.561 
2 24 -3.971 -39.396 -25.038 -6.072 -36.527 -21.601 
2 24 6.977 -9.199 -4.616 7.591 -10.153 -2.036 
2 24 5.39 0 -2.746 6.125 0 0 
2 24 9.682 0.012 0.789 10.012 0.001 -1.891 
2 24 5.39 -9.032 -2.746 6.125 -9.302 0 
2 24 -0.178 -7.807 3.843 -3.191 -8.197 4.117 
2 24 1.186 -18.803 -38.687 2.389 -19.551 -38.664 
2 24 2.389 -19.551 -38.664 1.336 -22.421 -40.346 
2 24 0.977 -25.826 -40.585 1.904 -29.878 -40.296 
2 24 1.904 -29.878 -40.296 1.327 -32.264 -39.524 
2 24 10.012 0.001 -1.891 9.676 0.003 -4.845 
2 24 -0.188 0 -9.48 5.698 0 -9.537 
2 24 -4.773 -6.65 -9.965 -6.294 -7.348 -8.545 
2 24 9.703 0 -24.033 9.606 0 -20.443 
2 24 -0.554 -9.043 -23.053 -4.233 -9.933 -21.596 
2 24 1.454 -40.033 -22.884 2.164 -40.448 -24.62 
2 24 1.448 -38.665 -32.561 2.039 -37.903 -33.75 
2 24 0.977 -25.826 -40.585 1.336 -22.421 -40.346 
2 24 6.321 -10.522 -19.831 3.886 -9.855 -22.211 
2 24 4.636 -6.621 -9.86 6.128 -7.88 -8.183 
2 24 -1.38 -33.368 -29.133 0.032 -33.69 -28.637 
2 24 0.032 -38.974 -32.068 -1.38 -38.647 -32.561 
2 24 -1.371 -31.828 -31.505 -1.961 -32.597 -30.32 
2 24 1.458 -31.833 -31.496 0.045 -31.511 -31.992 
2 24 1.448 -33.374 -29.124 2.039 -32.604 -30.309 
2 24 -1.961 -32.597 -30.32 -1.38 -33.368 -29.133 
2 24 0.045 -31.511 -31.992 -1.371 -31.828 -31.505 
2 24 0.032 -33.69 -28.637 1.448 -33.374 -29.124 
2 24 2.039 -32.604 -30.309 1.458 -31.833 -31.496 
2 24 6.977 -9.199 -4.616 6.128 -7.88 -8.183 
2 24 -6.125 -9.232 0 -5.39 -9.032 -2.746 
2 24 -5.306 -8.983 2.911 -6.125 -9.232 0 
2 24 -5.825 0 1.893 -5.306 -0.83 2.911 
2 24 -5.306 -0.83 2.911 -5.306 -8.983 2.911 
2 24 -5.306 -0.83 2.911 -5.698 -1.101 3.572 
2 24 -5.921 -9.275 4.54 -5.306 -8.983 2.911 
2 24 7.212 0 -16.629 5.849 -1.233 -16.224 
2 24 5.849 -1.233 -16.224 5.853 -4.97 -15.37 
2 24 -7.169 0 -16.625 -5.812 -1.422 -16.214 
2 24 -5.825 0 -18.107 -7.169 0 -16.625 
2 24 -5.169 -1.233 -16.819 -5.825 0 -18.107 
2 24 7.212 0 -16.629 5.825 0 -18.107 
2 24 5.825 0 -18.107 5.177 -1.233 -16.835 
2 24 5.177 -1.233 -16.835 5.849 -1.233 -16.224 
2 24 8.821 0 -17.582 7.212 0 -16.629 
2 24 -3.191 -8.197 4.117 -5.921 -9.275 4.54 
2 24 -7.684 0 -8.553 -9.461 0 -4.409 
2 24 -6.294 -7.348 -8.545 -7.557 -10.37 -2.626 
2 24 8.821 0 -17.582 9.606 0 -20.443 
2 24 6.125 0 -20 5.825 0 -18.107 
2 24 5.177 -1.233 -16.835 5.177 -5.233 -16.835 
2 24 5.825 -5.233 -18.107 5.177 -5.233 -16.835 
2 24 5.39 0 -22.746 6.125 -5.233 -20 
2 24 0 -5.233 -26.125 0 0 -26.125 
2 24 0 0 -26.125 -2.721 0 -25.403 
2 24 -2.721 0 -25.403 -2.676 -5.233 -25.426 
2 24 -5.39 0 -22.746 -2.721 0 -25.403 
2 24 3.6 0 -4.955 5.39 0 -2.746 
2 24 -5.825 0 -18.107 -6.125 0 -20 
2 24 -5.825 -5.233 -18.107 -6.125 -5.233 -20 
2 24 5.825 -5.233 -18.107 6.125 -5.233 -20 
2 24 -5.825 -5.233 -18.107 -5.169 -5.233 -16.819 
2 24 5.39 0 -22.746 2.746 0 -25.39 
2 24 2.746 0 -25.39 2.746 -5.233 -25.39 
2 24 2.746 0 -25.39 0 0 -26.125 

