0 MINI TEDDY BEAR (Needs Work)
0 Name: 98382.dat
0 Author: <AuthorRealName> [<AuthorLDrawName>]
0 !LDRAW_ORG Unofficial_Part
0 !LICENSE Redistributable under CCAL version 2.0 : see CAreadme.txt

0 BFC CERTIFY CCW

0 !HISTORY 2013-08-14 {LEGO Digital Designer} Original part shape
0 !HISTORY 2013-08-14 [<AuthorLDrawName>] File preparation for LDraw Parts Tracker

0 // Needs Work: Clean necessary

0 // Outside
3 16 -9.48 -4.068 -9.186 -4.954 -4.067 -10.785 -7.877 -6.857 -6.9 
3 16 -4.954 -4.067 -10.785 -3.905 -6.379 -8.356 -7.877 -6.857 -6.9 
3 16 -7.877 -6.857 -6.9 -10.388 -5.859 -4.539 -9.48 -4.068 -9.186 
3 16 -9.48 -4.068 -9.186 -10.388 -5.859 -4.539 -11.759 -4.074 -5.05 
3 16 0 -6.235 -7.638 0 -9.567 -7.128 -3.847 -8.481 -8.036 
3 16 -3.931 -10.705 -7.385 -3.847 -8.481 -8.036 0 -9.567 -7.128 
3 16 -7.385 -9.471 -6.822 -3.847 -8.481 -8.036 -6.824 -12.311 -6.114 
3 16 -6.824 -12.311 -6.114 -3.847 -8.481 -8.036 -3.931 -10.705 -7.385 
3 16 -9.915 -9.771 -4.635 -7.385 -9.471 -6.822 -8.453 -14.073 -4.022 
3 16 -8.453 -14.073 -4.022 -7.385 -9.471 -6.822 -6.824 -12.311 -6.114 
3 16 -11.126 -9.474 2.545 -11.297 -9.625 -1.755 -9.187 -15.814 2.963 
3 16 -9.187 -15.814 2.963 -11.297 -9.625 -1.755 -9.366 -15.696 -1.327 
3 16 -9.187 -15.814 2.963 -8.419 -13.885 5.374 -11.126 -9.474 2.545 
3 16 -9.489 -8.648 6.136 -11.126 -9.474 2.545 -8.419 -13.885 5.374 
3 16 -8.419 -13.885 5.374 -6.329 -10.796 7.675 -9.489 -8.648 6.136 
3 16 -6.243 -7.429 8.386 -9.489 -8.648 6.136 -6.329 -10.796 7.675 
3 16 -6.329 -10.796 7.675 0 -8.921 8.247 -6.243 -7.429 8.386 
3 16 0 -6.517 8.33 -6.243 -7.429 8.386 0 -8.921 8.247 
3 16 -9.733 0 -9.48 -4.96 0 -11.229 -9.48 -4.068 -9.186 
3 16 -9.48 -4.068 -9.186 -4.96 0 -11.229 -4.954 -4.067 -10.785 
3 16 -12.073 0 -5.135 -9.733 0 -9.48 -11.759 -4.074 -5.05 
3 16 -11.759 -4.074 -5.05 -9.733 0 -9.48 -9.48 -4.068 -9.186 
3 16 -12.169 0 2.35 -12.448 0 -1.833 -12.027 -4.077 2.312 
3 16 -12.027 -4.077 2.312 -12.448 0 -1.833 -12.094 -4.132 -1.758 
3 16 -10.364 0 6.219 -12.169 0 2.35 -10.454 -4.079 6.28 
3 16 -10.454 -4.079 6.28 -12.169 0 2.35 -12.027 -4.077 2.312 
3 16 -6.73 0 9.505 -10.364 0 6.219 -6.668 -4.08 9.36 
3 16 -6.668 -4.08 9.36 -10.364 0 6.219 -10.454 -4.079 6.28 
3 16 0 0 9.109 -6.73 0 9.505 0 -4.071 8.838 
3 16 -6.73 0 9.505 -6.668 -4.08 9.36 0 -4.071 8.838 
3 16 0 -12.223 -10.327 -4.143 -12.981 -9.817 0 -9.567 -7.128 
3 16 -3.931 -10.705 -7.385 0 -9.567 -7.128 -4.143 -12.981 -9.817 
3 16 -6.824 -12.311 -6.114 -3.931 -10.705 -7.385 -6.62 -14.978 -9.03 
3 16 -6.62 -14.978 -9.03 -3.931 -10.705 -7.385 -4.143 -12.981 -9.817 
3 16 -8.453 -14.073 -4.022 -6.824 -12.311 -6.114 -7.871 -16.985 -8.164 
3 16 -7.871 -16.985 -8.164 -6.824 -12.311 -6.114 -6.62 -14.978 -9.03 
3 16 -8.213 -22.877 -1.144 -7.316 -22.243 -7.565 -7.191 -25.425 -3.693 
3 16 -5.657 -25.735 -6.981 -7.191 -25.425 -3.693 -7.316 -22.243 -7.565 
3 16 -7.191 -25.425 -3.693 -5.657 -25.735 -6.981 -6.009 -29.309 -3.927 
3 16 -6.009 -29.309 -3.927 -5.657 -25.735 -6.981 -4.483 -29.194 -5.862 
3 16 -7.478 -17.927 7.223 -5.226 -16.817 9.845 -8.419 -13.885 5.374 
3 16 -5.226 -16.817 9.845 -6.122 -13.387 9.489 -8.419 -13.885 5.374 
3 16 -6.122 -13.387 9.489 -6.329 -10.796 7.675 -8.419 -13.885 5.374 
3 16 0 -11.248 10.882 -6.122 -13.387 9.489 0 -15.425 11.586 
3 16 0 -15.425 11.586 -6.122 -13.387 9.489 -5.226 -16.817 9.845 
3 16 -4.336 -20.928 8.632 -6.464 -21.482 6.657 -3.751 -25.548 7.487 
3 16 -3.751 -25.548 7.487 -6.464 -21.482 6.657 -5.281 -25.485 6.213 
3 16 0 -19.931 9.838 -4.336 -20.928 8.632 0 -25.698 8.337 
3 16 0 -25.698 8.337 -4.336 -20.928 8.632 -3.751 -25.548 7.487 
3 16 0 -25.698 8.337 -3.751 -25.548 7.487 0 -31.073 7.575 
3 16 0 -31.073 7.575 -3.751 -25.548 7.487 -2.835 -30.677 6.359 
3 16 -3.657 -31.698 4.731 -6.431 -25.745 4.433 -9.799 -27.871 4.317 
3 16 -9.605 -24.713 3.341 -9.799 -27.871 4.317 -6.431 -25.745 4.433 
3 16 -3.657 -31.698 4.731 -9.799 -27.871 4.317 -4.889 -32.153 3.918 
3 16 -9.799 -27.871 4.317 -11.892 -30.432 2.044 -4.889 -32.153 3.918 
3 16 -4.889 -32.153 3.918 -11.892 -30.432 2.044 -7.644 -32.788 1.743 
3 16 -11.892 -30.432 2.044 -11.764 -30.34 -2.011 -7.644 -32.788 1.743 
3 16 -7.644 -32.788 1.743 -11.764 -30.34 -2.011 -7.629 -32.449 -1.764 
3 16 -7.629 -32.449 -1.764 -11.764 -30.34 -2.011 -5.586 -31.235 -3.336 
3 16 -5.586 -31.235 -3.336 -11.764 -30.34 -2.011 -6.009 -29.309 -3.927 
3 16 -6.009 -29.309 -3.927 -11.764 -30.34 -2.011 -10.34 -27.06 -3.883 
3 16 -10.34 -27.06 -3.883 -10.421 -24.141 -2.949 -6.009 -29.309 -3.927 
3 16 -6.009 -29.309 -3.927 -10.421 -24.141 -2.949 -7.191 -25.425 -3.693 
3 16 -10.421 -24.141 -2.949 -11.059 -21.951 -1.052 -7.191 -25.425 -3.693 
3 16 -7.191 -25.425 -3.693 -11.059 -21.951 -1.052 -8.213 -22.877 -1.144 
3 16 -8.241 -22.837 1.513 -8.213 -22.877 -1.144 -11.04 -22.023 1.384 
3 16 -8.213 -22.877 -1.144 -11.059 -21.951 -1.052 -11.04 -22.023 1.384 
3 16 -6.431 -25.745 4.433 -8.241 -22.837 1.513 -9.605 -24.713 3.341 
3 16 -8.241 -22.837 1.513 -11.04 -22.023 1.384 -9.605 -24.713 3.341 
3 16 -4.889 -32.153 3.918 -7.644 -32.788 1.743 -7.163 -35.236 4.853 
3 16 -9.2 -35.209 1.708 -7.163 -35.236 4.853 -7.644 -32.788 1.743 
3 16 -5.586 -31.235 -3.336 -8.576 -34.729 -3.526 -7.629 -32.449 -1.764 
3 16 -8.576 -34.729 -3.526 -9.2 -35.209 1.708 -7.629 -32.449 -1.764 
3 16 -7.629 -32.449 -1.764 -9.2 -35.209 1.708 -7.644 -32.788 1.743 
3 16 -2.456 -31.988 5.606 -2.835 -30.677 6.359 -3.657 -31.698 4.731 
3 16 -2.835 -30.677 6.359 -5.281 -25.485 6.213 -3.657 -31.698 4.731 
3 16 -2.835 -30.677 6.359 -3.751 -25.548 7.487 -5.281 -25.485 6.213 
3 16 -2.456 -31.988 5.606 0 -32.399 6.491 -2.835 -30.677 6.359 
3 16 0 -31.073 7.575 -2.835 -30.677 6.359 0 -32.399 6.491 
3 16 -2.456 -31.988 5.606 -3.657 -31.698 4.731 -3.58 -35.208 7.652 
3 16 -7.163 -35.236 4.853 -3.58 -35.208 7.652 -4.889 -32.153 3.918 
3 16 -4.889 -32.153 3.918 -3.58 -35.208 7.652 -3.657 -31.698 4.731 
3 16 0 -32.399 6.491 -2.456 -31.988 5.606 0 -35.358 8.38 
3 16 -3.58 -35.208 7.652 0 -35.358 8.38 -2.456 -31.988 5.606 
3 16 -8.576 -34.729 -3.526 -5.586 -31.235 -3.336 -5.91 -34.172 -6.955 
3 16 -5.91 -34.172 -6.955 -5.586 -31.235 -3.336 -3.798 -31.233 -4.995 
3 16 -5.91 -34.172 -6.955 -3.798 -31.233 -4.995 -3.647 -33.824 -8.151 
3 16 -3.647 -33.824 -8.151 -3.798 -31.233 -4.995 -1.7 -32.782 -7.495 
3 16 0 -32.599 -7.345 -1.7 -32.782 -7.495 0 -31.416 -6.133 
3 16 -1.7 -32.782 -7.495 -3.798 -31.233 -4.995 0 -31.416 -6.133 
3 16 -3.798 -31.233 -4.995 -5.586 -31.235 -3.336 -4.483 -29.194 -5.862 
3 16 -6.009 -29.309 -3.927 -4.483 -29.194 -5.862 -5.586 -31.235 -3.336 
3 16 -10.584 -38.968 1.787 -8.772 -39.354 5.594 -9.2 -35.209 1.708 
3 16 -9.2 -35.209 1.708 -8.772 -39.354 5.594 -7.163 -35.236 4.853 
3 16 -9.2 -35.209 1.708 -8.576 -34.729 -3.526 -10.584 -38.968 1.787 
3 16 -10.584 -38.968 1.787 -8.576 -34.729 -3.526 -10.197 -38.481 -3.936 
3 16 -8.772 -39.354 5.594 -4.425 -39.497 8.948 -7.163 -35.236 4.853 
3 16 -7.163 -35.236 4.853 -4.425 -39.497 8.948 -3.58 -35.208 7.652 
3 16 0 -35.358 8.38 -3.58 -35.208 7.652 0 -39.3 9.803 
3 16 -4.425 -39.497 8.948 0 -39.3 9.803 -3.58 -35.208 7.652 
3 16 -8.576 -34.729 -3.526 -5.91 -34.172 -6.955 -10.197 -38.481 -3.936 
3 16 -10.197 -38.481 -3.936 -5.91 -34.172 -6.955 -7.579 -37.767 -8.029 
3 16 -5.683 -37.835 -9.891 -7.579 -37.767 -8.029 -3.647 -33.824 -8.151 
3 16 -3.647 -33.824 -8.151 -7.579 -37.767 -8.029 -5.91 -34.172 -6.955 
3 16 -11.76 -42.052 -1.809 -11.71 -41.985 1.255 -10.921 -41.407 -2.303 
3 16 -11.71 -41.985 1.255 -11.004 -41.089 1.608 -10.921 -41.407 -2.303 
3 16 -15.27 -44.587 -2.221 -15.198 -44.492 1.115 -13.789 -43.059 -1.963 
3 16 -15.198 -44.492 1.115 -13.706 -42.977 1.158 -13.789 -43.059 -1.963 
3 16 -12.285 -49.892 -2.617 -12.334 -50.001 0.743 -14.801 -48.861 -2.72 
3 16 -14.843 -48.917 0.852 -14.801 -48.861 -2.72 -12.334 -50.001 0.743 
3 16 -9.873 -49.381 -2.316 -9.954 -49.461 0.672 -12.285 -49.892 -2.617 
3 16 -12.334 -50.001 0.743 -12.285 -49.892 -2.617 -9.954 -49.461 0.672 
3 16 -13.789 -43.059 -1.963 -13.706 -42.977 1.158 -11.76 -42.052 -1.809 
3 16 -13.706 -42.977 1.158 -11.71 -41.985 1.255 -11.76 -42.052 -1.809 
3 16 -8.652 -49.383 -2.397 -8.788 -49.472 0.668 -9.873 -49.381 -2.316 
3 16 -9.873 -49.381 -2.316 -8.788 -49.472 0.668 -9.954 -49.461 0.672 
3 16 -14.801 -48.861 -2.72 -14.843 -48.917 0.852 -15.721 -46.54 -2.421 
3 16 -14.843 -48.917 0.852 -15.706 -46.534 0.983 -15.721 -46.54 -2.421 
3 16 -15.721 -46.54 -2.421 -15.706 -46.534 0.983 -15.27 -44.587 -2.221 
3 16 -15.706 -46.534 0.983 -15.198 -44.492 1.115 -15.27 -44.587 -2.221 
3 16 -11.176 -44.491 -2.202 -11.76 -42.052 -1.809 -10.918 -44.294 -2.225 
3 16 -10.918 -44.294 -2.225 -11.76 -42.052 -1.809 -10.921 -41.407 -2.303 
3 16 -13.789 -43.059 -1.963 -11.76 -42.052 -1.809 -12.143 -44.679 -2.296 
3 16 -11.176 -44.491 -2.202 -12.143 -44.679 -2.296 -11.76 -42.052 -1.809 
3 16 -15.27 -44.587 -2.221 -13.789 -43.059 -1.963 -12.993 -45.43 -2.521 
3 16 -12.143 -44.679 -2.296 -12.993 -45.43 -2.521 -13.789 -43.059 -1.963 
3 16 -14.801 -48.861 -2.72 -15.721 -46.54 -2.421 -12.684 -47.102 -2.695 
3 16 -12.684 -47.102 -2.695 -15.721 -46.54 -2.421 -12.993 -45.43 -2.521 
3 16 -12.993 -45.43 -2.521 -15.721 -46.54 -2.421 -15.27 -44.587 -2.221 
3 16 -14.801 -48.861 -2.72 -12.684 -47.102 -2.695 -12.285 -49.892 -2.617 
3 16 -12.684 -47.102 -2.695 -11.656 -47.495 -2.614 -12.285 -49.892 -2.617 
3 16 -12.285 -49.892 -2.617 -11.656 -47.495 -2.614 -9.873 -49.381 -2.316 
3 16 -11.656 -47.495 -2.614 -10.691 -47.104 -2.472 -9.873 -49.381 -2.316 
3 16 -8.652 -49.383 -2.397 -9.873 -49.381 -2.316 -10.136 -46.814 -2.513 
3 16 -10.136 -46.814 -2.513 -9.873 -49.381 -2.316 -10.691 -47.104 -2.472 
3 16 -11.004 -41.089 1.608 -11.71 -41.985 1.255 -10.906 -44.501 1.958 
3 16 -13.291 -45.335 1.688 -10.906 -44.501 1.958 -13.706 -42.977 1.158 
3 16 -13.706 -42.977 1.158 -10.906 -44.501 1.958 -11.71 -41.985 1.255 
3 16 -8.788 -49.472 0.668 -10.906 -44.501 1.958 -9.954 -49.461 0.672 
3 16 -10.906 -44.501 1.958 -13.291 -45.335 1.688 -9.954 -49.461 0.672 
3 16 -9.954 -49.461 0.672 -13.291 -45.335 1.688 -12.334 -50.001 0.743 
3 16 -12.334 -50.001 0.743 -13.291 -45.335 1.688 -14.843 -48.917 0.852 
3 16 -14.843 -48.917 0.852 -13.291 -45.335 1.688 -15.706 -46.534 0.983 
3 16 -15.706 -46.534 0.983 -13.291 -45.335 1.688 -15.198 -44.492 1.115 
3 16 -13.291 -45.335 1.688 -13.706 -42.977 1.158 -15.198 -44.492 1.115 
3 16 0 -44.306 9.598 -4.429 -44.363 8.739 0 -48.404 7.537 
3 16 -4.429 -44.363 8.739 -3.709 -47.776 7.336 0 -48.404 7.537 
3 16 0 -39.3 9.803 -4.425 -39.497 8.948 0 -44.306 9.598 
3 16 -4.425 -39.497 8.948 -4.429 -44.363 8.739 0 -44.306 9.598 
3 16 -7.14 -49.1 4.473 -3.709 -47.776 7.336 -8.93 -44.547 5.544 
3 16 -8.93 -44.547 5.544 -3.709 -47.776 7.336 -4.429 -44.363 8.739 
3 16 -8.93 -44.547 5.544 -4.429 -44.363 8.739 -8.772 -39.354 5.594 
3 16 -8.772 -39.354 5.594 -4.429 -44.363 8.739 -4.425 -39.497 8.948 
3 16 -8.788 -49.472 0.668 -7.14 -49.1 4.473 -10.906 -44.501 1.958 
3 16 -8.93 -44.547 5.544 -10.906 -44.501 1.958 -7.14 -49.1 4.473 
3 16 -8.772 -39.354 5.594 -11.004 -41.089 1.608 -8.93 -44.547 5.544 
3 16 -8.93 -44.547 5.544 -11.004 -41.089 1.608 -10.906 -44.501 1.958 
3 16 -10.584 -38.968 1.787 -11.004 -41.089 1.608 -8.772 -39.354 5.594 
3 16 -12.143 -44.679 -2.296 -11.176 -44.491 -2.202 -11.723 -45.928 -2.101 
3 16 -11.042 -45.735 -2.114 -11.723 -45.928 -2.101 -11.176 -44.491 -2.202 
3 16 -11.723 -45.928 -2.101 -11.042 -45.735 -2.114 -11.656 -47.495 -2.614 
3 16 -11.042 -45.735 -2.114 -10.691 -47.104 -2.472 -11.656 -47.495 -2.614 
3 16 -10.136 -46.814 -2.513 -11.042 -45.735 -2.114 -10.918 -44.294 -2.225 
3 16 -10.918 -44.294 -2.225 -11.042 -45.735 -2.114 -11.176 -44.491 -2.202 
3 16 -11.042 -45.735 -2.114 -10.136 -46.814 -2.513 -10.691 -47.104 -2.472 
3 16 -11.656 -47.495 -2.614 -12.684 -47.102 -2.695 -11.723 -45.928 -2.101 
3 16 -12.684 -47.102 -2.695 -12.993 -45.43 -2.521 -11.723 -45.928 -2.101 
3 16 -12.143 -44.679 -2.296 -11.723 -45.928 -2.101 -12.993 -45.43 -2.521 
3 16 -10.918 -44.294 -2.225 -10.921 -41.407 -2.303 -10.47 -43.829 -3.885 
3 16 -10.47 -43.829 -3.885 -10.921 -41.407 -2.303 -10.197 -38.481 -3.936 
3 16 -10.197 -38.481 -3.936 -10.921 -41.407 -2.303 -10.584 -38.968 1.787 
3 16 -10.921 -41.407 -2.303 -11.004 -41.089 1.608 -10.584 -38.968 1.787 
3 16 -7.734 -50.043 -3.929 -8.652 -49.383 -2.397 -9.679 -46.846 -3.851 
3 16 -9.679 -46.846 -3.851 -8.652 -49.383 -2.397 -10.136 -46.814 -2.513 
3 16 -4.823 -46.917 -9.418 -5.027 -49.59 -7.314 -7.212 -47.11 -7.998 
3 16 -8.043 -43.693 -8.336 -10.47 -43.829 -3.885 -7.579 -37.767 -8.029 
3 16 -10.47 -43.829 -3.885 -10.197 -38.481 -3.936 -7.579 -37.767 -8.029 
3 16 -7.212 -47.11 -7.998 -9.679 -46.846 -3.851 -8.043 -43.693 -8.336 
3 16 -8.043 -43.693 -8.336 -9.679 -46.846 -3.851 -10.47 -43.829 -3.885 
3 16 -9.679 -46.846 -3.851 -7.212 -47.11 -7.998 -7.734 -50.043 -3.929 
3 16 -5.027 -49.59 -7.314 -7.734 -50.043 -3.929 -7.212 -47.11 -7.998 
3 16 -3.898 -51.789 -3.77 -2.625 -50.426 -6.916 0 -52.192 -3.695 
3 16 0 -52.192 -3.695 -2.625 -50.426 -6.916 0 -50.705 -6.718 
3 16 -4.358 -52.031 0.763 -3.898 -51.789 -3.77 0 -52.559 0.682 
3 16 0 -52.559 0.682 -3.898 -51.789 -3.77 0 -52.192 -3.695 
3 16 0 -51.863 3.232 -3.652 -51.239 3.682 0 -52.559 0.682 
3 16 -3.652 -51.239 3.682 -4.358 -52.031 0.763 0 -52.559 0.682 
3 16 0 -48.404 7.537 -3.709 -47.776 7.336 0 -51.863 3.232 
3 16 -3.709 -47.776 7.336 -3.652 -51.239 3.682 0 -51.863 3.232 
3 16 -7.734 -50.043 -3.929 -5.027 -49.59 -7.314 -3.898 -51.789 -3.77 
3 16 -2.625 -50.426 -6.916 -3.898 -51.789 -3.77 -5.027 -49.59 -7.314 
3 16 -8.788 -49.472 0.668 -8.652 -49.383 -2.397 -4.358 -52.031 0.763 
3 16 -8.652 -49.383 -2.397 -7.734 -50.043 -3.929 -4.358 -52.031 0.763 
3 16 -3.898 -51.789 -3.77 -4.358 -52.031 0.763 -7.734 -50.043 -3.929 
3 16 -4.358 -52.031 0.763 -3.652 -51.239 3.682 -8.788 -49.472 0.668 
3 16 -8.788 -49.472 0.668 -3.652 -51.239 3.682 -7.14 -49.1 4.473 
3 16 -3.652 -51.239 3.682 -3.709 -47.776 7.336 -7.14 -49.1 4.473 
3 16 -9.679 -46.846 -3.851 -10.136 -46.814 -2.513 -10.47 -43.829 -3.885 
3 16 -10.47 -43.829 -3.885 -10.136 -46.814 -2.513 -10.918 -44.294 -2.225 
3 16 0 -50.705 -6.718 -2.625 -50.426 -6.916 0 -46.766 -9.969 
3 16 0 -46.766 -9.969 -2.625 -50.426 -6.916 -2.323 -46.766 -9.915 
3 16 -2.625 -50.426 -6.916 -5.027 -49.59 -7.314 -2.323 -46.766 -9.915 
3 16 -2.323 -46.766 -9.915 -5.027 -49.59 -7.314 -4.823 -46.917 -9.418 
3 16 -5.226 -16.817 9.845 -7.478 -17.927 7.223 -4.336 -20.928 8.632 
3 16 -4.336 -20.928 8.632 -7.478 -17.927 7.223 -6.464 -21.482 6.657 
3 16 -4.336 -20.928 8.632 0 -19.931 9.838 -5.226 -16.817 9.845 
3 16 -5.226 -16.817 9.845 0 -19.931 9.838 0 -15.425 11.586 
3 16 -6.431 -25.745 4.433 -5.281 -25.485 6.213 -8.241 -22.837 1.513 
3 16 -8.241 -22.837 1.513 -5.281 -25.485 6.213 -6.464 -21.482 6.657 
3 16 -8.419 -13.885 5.374 -9.187 -15.814 2.963 -7.478 -17.927 7.223 
3 16 -7.478 -17.927 7.223 -9.187 -15.814 2.963 -8.955 -19.31 2.986 
3 16 -23.333 -18.441 0.511 -23.4 -20.449 0.988 -22.686 -19.271 2.366 
3 16 -22.78 -17.522 0.51 -23.333 -18.441 0.511 -21.675 -17.605 2.366 
3 16 -23.333 -18.441 0.511 -22.686 -19.271 2.366 -21.675 -17.605 2.366 
3 16 -22.78 -17.522 0.51 -21.675 -17.605 2.366 -20.952 -16.417 0.993 
3 16 -22.748 -17.502 -0.445 -22.78 -17.522 0.51 -20.957 -16.429 -0.96 
3 16 -22.78 -17.522 0.51 -20.952 -16.417 0.993 -20.957 -16.429 -0.96 
3 16 -22.748 -17.502 -0.445 -20.957 -16.429 -0.96 -21.67 -17.608 -2.338 
3 16 -23.316 -18.41 -0.448 -22.748 -17.502 -0.445 -22.681 -19.274 -2.338 
3 16 -22.748 -17.502 -0.445 -21.67 -17.608 -2.338 -22.681 -19.274 -2.338 
3 16 -23.316 -18.41 -0.448 -22.681 -19.274 -2.338 -23.397 -20.451 -0.96 
3 16 -23.333 -18.441 0.511 -23.316 -18.41 -0.448 -23.4 -20.449 0.988 
3 16 -23.316 -18.41 -0.448 -23.397 -20.451 -0.96 -23.4 -20.449 0.988 
3 16 -23.333 -18.441 0.511 -22.78 -17.522 0.51 -23.316 -18.41 -0.448 
3 16 -22.78 -17.522 0.51 -22.748 -17.502 -0.445 -23.316 -18.41 -0.448 
3 16 -9.605 -24.713 3.341 -11.04 -22.023 1.384 -14.473 -21.579 3.568 
3 16 -11.04 -22.023 1.384 -14.594 -19.274 1.488 -14.473 -21.579 3.568 
3 16 -14.613 -19.261 -1.324 -14.594 -19.274 1.488 -11.059 -21.951 -1.052 
3 16 -11.059 -21.951 -1.052 -14.594 -19.274 1.488 -11.04 -22.023 1.384 
3 16 -14.878 -21.305 -3.393 -14.613 -19.261 -1.324 -10.421 -24.141 -2.949 
3 16 -10.421 -24.141 -2.949 -14.613 -19.261 -1.324 -11.059 -21.951 -1.052 
3 16 -15.372 -24.196 -3.886 -14.878 -21.305 -3.393 -10.34 -27.06 -3.883 
3 16 -10.34 -27.06 -3.883 -14.878 -21.305 -3.393 -10.421 -24.141 -2.949 
3 16 -16.841 -26.78 -1.802 -15.372 -24.196 -3.886 -11.764 -30.34 -2.011 
3 16 -11.764 -30.34 -2.011 -15.372 -24.196 -3.886 -10.34 -27.06 -3.883 
3 16 -11.764 -30.34 -2.011 -11.892 -30.432 2.044 -16.841 -26.78 -1.802 
3 16 -11.892 -30.432 2.044 -16.805 -26.887 1.84 -16.841 -26.78 -1.802 
3 16 -11.892 -30.432 2.044 -9.799 -27.871 4.317 -16.805 -26.887 1.84 
3 16 -9.799 -27.871 4.317 -15.13 -24.64 4.083 -16.805 -26.887 1.84 
3 16 -9.799 -27.871 4.317 -9.605 -24.713 3.341 -15.13 -24.64 4.083 
3 16 -9.605 -24.713 3.341 -14.473 -21.579 3.568 -15.13 -24.64 4.083 
3 16 -14.473 -21.579 3.568 -14.594 -19.274 1.488 -18.924 -18.894 3.663 
3 16 -17.807 -17.055 1.565 -18.924 -18.894 3.663 -14.594 -19.274 1.488 
3 16 -14.594 -19.274 1.488 -14.613 -19.261 -1.324 -17.807 -17.055 1.565 
3 16 -17.816 -17.075 -1.447 -17.807 -17.055 1.565 -14.613 -19.261 -1.324 
3 16 -18.916 -18.911 -3.527 -17.816 -17.075 -1.447 -14.878 -21.305 -3.393 
3 16 -14.878 -21.305 -3.393 -17.816 -17.075 -1.447 -14.613 -19.261 -1.324 
3 16 -20.456 -21.449 -3.527 -18.916 -18.911 -3.527 -15.372 -24.196 -3.886 
3 16 -15.372 -24.196 -3.886 -18.916 -18.911 -3.527 -14.878 -21.305 -3.393 
3 16 -15.372 -24.196 -3.886 -16.841 -26.78 -1.802 -20.456 -21.449 -3.527 
3 16 -16.841 -26.78 -1.802 -21.547 -23.242 -1.428 -20.456 -21.449 -3.527 
3 16 -16.841 -26.78 -1.802 -16.805 -26.887 1.84 -21.547 -23.242 -1.428 
3 16 -16.805 -26.887 1.84 -21.551 -23.24 1.541 -21.547 -23.242 -1.428 
3 16 -20.464 -21.444 3.64 -21.551 -23.24 1.541 -15.13 -24.64 4.083 
3 16 -15.13 -24.64 4.083 -21.551 -23.24 1.541 -16.805 -26.887 1.84 
3 16 -15.13 -24.64 4.083 -14.473 -21.579 3.568 -20.464 -21.444 3.64 
3 16 -20.464 -21.444 3.64 -14.473 -21.579 3.568 -18.924 -18.894 3.663 
3 16 -5.281 -25.485 6.213 -6.431 -25.745 4.433 -3.657 -31.698 4.731 
3 16 0 -4.009 -8.214 -4.954 -4.067 -10.785 0 0 -8.949 
3 16 -4.954 -4.067 -10.785 -4.96 0 -11.229 0 0 -8.949 
3 16 -11.759 -4.074 -5.05 -10.388 -5.859 -4.539 -12.094 -4.132 -1.758 
3 16 -11.759 -4.074 -5.05 -12.094 -4.132 -1.758 -12.073 0 -5.135 
3 16 -12.094 -4.132 -1.758 -12.448 0 -1.833 -12.073 0 -5.135 
3 16 0 -4.009 -8.214 -3.905 -6.379 -8.356 -4.954 -4.067 -10.785 
3 16 0 -4.009 -8.214 0 -6.235 -7.638 -3.905 -6.379 -8.356 
3 16 0 -6.235 -7.638 -3.847 -8.481 -8.036 -3.905 -6.379 -8.356 
3 16 -10.388 -5.859 -4.539 -7.877 -6.857 -6.9 -9.915 -9.771 -4.635 
3 16 -7.877 -6.857 -6.9 -7.385 -9.471 -6.822 -9.915 -9.771 -4.635 
3 16 -7.877 -6.857 -6.9 -3.905 -6.379 -8.356 -7.385 -9.471 -6.822 
3 16 -3.905 -6.379 -8.356 -3.847 -8.481 -8.036 -7.385 -9.471 -6.822 
3 16 -23.4 -20.449 0.988 -23.397 -20.451 -0.96 -21.551 -23.24 1.541 
3 16 -21.547 -23.242 -1.428 -21.551 -23.24 1.541 -23.397 -20.451 -0.96 
3 16 -20.456 -21.449 -3.527 -21.547 -23.242 -1.428 -22.681 -19.274 -2.338 
3 16 -22.681 -19.274 -2.338 -21.547 -23.242 -1.428 -23.397 -20.451 -0.96 
3 16 -18.916 -18.911 -3.527 -20.456 -21.449 -3.527 -21.67 -17.608 -2.338 
3 16 -21.67 -17.608 -2.338 -20.456 -21.449 -3.527 -22.681 -19.274 -2.338 
3 16 -17.816 -17.075 -1.447 -18.916 -18.911 -3.527 -20.957 -16.429 -0.96 
3 16 -20.957 -16.429 -0.96 -18.916 -18.911 -3.527 -21.67 -17.608 -2.338 
3 16 -17.807 -17.055 1.565 -17.816 -17.075 -1.447 -20.952 -16.417 0.993 
3 16 -20.952 -16.417 0.993 -17.816 -17.075 -1.447 -20.957 -16.429 -0.96 
3 16 -20.952 -16.417 0.993 -21.675 -17.605 2.366 -17.807 -17.055 1.565 
3 16 -18.924 -18.894 3.663 -17.807 -17.055 1.565 -21.675 -17.605 2.366 
3 16 -21.675 -17.605 2.366 -22.686 -19.271 2.366 -18.924 -18.894 3.663 
3 16 -20.464 -21.444 3.64 -18.924 -18.894 3.663 -22.686 -19.271 2.366 
3 16 -22.686 -19.271 2.366 -23.4 -20.449 0.988 -20.464 -21.444 3.64 
3 16 -20.464 -21.444 3.64 -23.4 -20.449 0.988 -21.551 -23.24 1.541 
3 16 -11.297 -9.625 -1.755 -9.915 -9.771 -4.635 -9.366 -15.696 -1.327 
3 16 -9.915 -9.771 -4.635 -8.453 -14.073 -4.022 -9.366 -15.696 -1.327 
3 16 -11.297 -9.625 -1.755 -11.126 -9.474 2.545 -12.094 -4.132 -1.758 
3 16 -11.126 -9.474 2.545 -12.027 -4.077 2.312 -12.094 -4.132 -1.758 
3 16 -11.126 -9.474 2.545 -9.489 -8.648 6.136 -12.027 -4.077 2.312 
3 16 -10.454 -4.079 6.28 -12.027 -4.077 2.312 -9.489 -8.648 6.136 
3 16 -9.489 -8.648 6.136 -6.243 -7.429 8.386 -10.454 -4.079 6.28 
3 16 -6.668 -4.08 9.36 -10.454 -4.079 6.28 -6.243 -7.429 8.386 
3 16 -6.243 -7.429 8.386 0 -6.517 8.33 -6.668 -4.08 9.36 
3 16 -6.668 -4.08 9.36 0 -6.517 8.33 0 -4.071 8.838 
3 16 -12.094 -4.132 -1.758 -10.388 -5.859 -4.539 -11.297 -9.625 -1.755 
3 16 -9.915 -9.771 -4.635 -11.297 -9.625 -1.755 -10.388 -5.859 -4.539 
3 16 0 -8.921 8.247 -6.329 -10.796 7.675 0 -11.248 10.882 
3 16 0 -11.248 10.882 -6.329 -10.796 7.675 -6.122 -13.387 9.489 
3 16 -7.316 -22.243 -7.565 -8.213 -22.877 -1.144 -7.986 -19.34 -7.902 
3 16 -7.986 -19.34 -7.902 -8.213 -22.877 -1.144 -9.049 -19.628 -1.725 
3 16 -8.213 -22.877 -1.144 -8.241 -22.837 1.513 -9.049 -19.628 -1.725 
3 16 -8.955 -19.31 2.986 -9.049 -19.628 -1.725 -8.241 -22.837 1.513 
3 16 -9.049 -19.628 -1.725 -9.366 -15.696 -1.327 -7.986 -19.34 -7.902 
3 16 -9.366 -15.696 -1.327 -8.453 -14.073 -4.022 -7.986 -19.34 -7.902 
3 16 -7.986 -19.34 -7.902 -8.453 -14.073 -4.022 -7.871 -16.985 -8.164 
3 16 -9.187 -15.814 2.963 -9.366 -15.696 -1.327 -8.955 -19.31 2.986 
3 16 -8.955 -19.31 2.986 -9.366 -15.696 -1.327 -9.049 -19.628 -1.725 
3 16 -7.478 -17.927 7.223 -8.955 -19.31 2.986 -6.464 -21.482 6.657 
3 16 -6.464 -21.482 6.657 -8.955 -19.31 2.986 -8.241 -22.837 1.513 
3 16 9.48 -4.068 -9.186 7.877 -6.857 -6.9 4.954 -4.067 -10.785 
3 16 4.954 -4.067 -10.785 7.877 -6.857 -6.9 3.905 -6.379 -8.356 
3 16 7.877 -6.857 -6.9 9.48 -4.068 -9.186 10.388 -5.859 -4.539 
3 16 9.48 -4.068 -9.186 11.759 -4.074 -5.05 10.388 -5.859 -4.539 
3 16 0 -6.235 -7.638 3.847 -8.481 -8.036 0 -9.567 -7.128 
3 16 3.931 -10.705 -7.385 0 -9.567 -7.128 3.847 -8.481 -8.036 
3 16 7.385 -9.471 -6.822 6.824 -12.311 -6.114 3.847 -8.481 -8.036 
3 16 6.824 -12.311 -6.114 3.931 -10.705 -7.385 3.847 -8.481 -8.036 
3 16 9.915 -9.771 -4.635 8.453 -14.073 -4.022 7.385 -9.471 -6.822 
3 16 8.453 -14.073 -4.022 6.824 -12.311 -6.114 7.385 -9.471 -6.822 
3 16 11.126 -9.474 2.545 9.187 -15.814 2.963 11.297 -9.625 -1.755 
3 16 9.187 -15.814 2.963 9.366 -15.696 -1.327 11.297 -9.625 -1.755 
3 16 9.187 -15.814 2.963 11.126 -9.474 2.545 8.419 -13.885 5.374 
3 16 9.489 -8.648 6.136 8.419 -13.885 5.374 11.126 -9.474 2.545 
3 16 8.419 -13.885 5.374 9.489 -8.648 6.136 6.329 -10.796 7.675 
3 16 6.243 -7.429 8.386 6.329 -10.796 7.675 9.489 -8.648 6.136 
3 16 6.329 -10.796 7.675 6.243 -7.429 8.386 0 -8.921 8.247 
3 16 0 -6.517 8.33 0 -8.921 8.247 6.243 -7.429 8.386 
3 16 9.733 0 -9.48 9.48 -4.068 -9.186 4.96 0 -11.229 
3 16 9.48 -4.068 -9.186 4.954 -4.067 -10.785 4.96 0 -11.229 
3 16 12.073 0 -5.135 11.759 -4.074 -5.05 9.733 0 -9.48 
3 16 11.759 -4.074 -5.05 9.48 -4.068 -9.186 9.733 0 -9.48 
3 16 12.169 0 2.35 12.027 -4.077 2.312 12.448 0 -1.833 
3 16 12.027 -4.077 2.312 12.094 -4.132 -1.758 12.448 0 -1.833 
3 16 10.364 0 6.219 10.454 -4.079 6.28 12.169 0 2.35 
3 16 10.454 -4.079 6.28 12.027 -4.077 2.312 12.169 0 2.35 
3 16 6.73 0 9.505 6.668 -4.08 9.36 10.364 0 6.219 
3 16 6.668 -4.08 9.36 10.454 -4.079 6.28 10.364 0 6.219 
3 16 0 0 9.109 0 -4.071 8.838 6.73 0 9.505 
3 16 6.73 0 9.505 0 -4.071 8.838 6.668 -4.08 9.36 
3 16 0 -12.223 -10.327 0 -9.567 -7.128 4.143 -12.981 -9.817 
3 16 3.931 -10.705 -7.385 4.143 -12.981 -9.817 0 -9.567 -7.128 
3 16 6.824 -12.311 -6.114 6.62 -14.978 -9.03 3.931 -10.705 -7.385 
3 16 6.62 -14.978 -9.03 4.143 -12.981 -9.817 3.931 -10.705 -7.385 
3 16 8.453 -14.073 -4.022 7.871 -16.985 -8.164 6.824 -12.311 -6.114 
3 16 7.871 -16.985 -8.164 6.62 -14.978 -9.03 6.824 -12.311 -6.114 
3 16 8.213 -22.877 -1.144 7.191 -25.425 -3.693 7.316 -22.243 -7.565 
3 16 5.657 -25.735 -6.981 7.316 -22.243 -7.565 7.191 -25.425 -3.693 
3 16 7.191 -25.425 -3.693 6.009 -29.309 -3.927 5.657 -25.735 -6.981 
3 16 6.009 -29.309 -3.927 4.483 -29.194 -5.862 5.657 -25.735 -6.981 
3 16 7.478 -17.927 7.223 8.419 -13.885 5.374 5.226 -16.817 9.845 
3 16 5.226 -16.817 9.845 8.419 -13.885 5.374 6.122 -13.387 9.489 
3 16 6.122 -13.387 9.489 8.419 -13.885 5.374 6.329 -10.796 7.675 
3 16 0 -11.248 10.882 0 -15.425 11.586 6.122 -13.387 9.489 
3 16 0 -15.425 11.586 5.226 -16.817 9.845 6.122 -13.387 9.489 
3 16 4.336 -20.928 8.632 3.751 -25.548 7.487 6.464 -21.482 6.657 
3 16 3.751 -25.548 7.487 5.281 -25.485 6.213 6.464 -21.482 6.657 
3 16 0 -19.931 9.838 0 -25.698 8.337 4.336 -20.928 8.632 
3 16 0 -25.698 8.337 3.751 -25.548 7.487 4.336 -20.928 8.632 
3 16 0 -25.698 8.337 0 -31.073 7.575 3.751 -25.548 7.487 
3 16 0 -31.073 7.575 2.835 -30.677 6.359 3.751 -25.548 7.487 
3 16 3.657 -31.698 4.731 9.799 -27.871 4.317 6.431 -25.745 4.433 
3 16 9.605 -24.713 3.341 6.431 -25.745 4.433 9.799 -27.871 4.317 
3 16 3.657 -31.698 4.731 4.889 -32.153 3.918 9.799 -27.871 4.317 
3 16 9.799 -27.871 4.317 4.889 -32.153 3.918 11.892 -30.432 2.044 
3 16 4.889 -32.153 3.918 7.644 -32.788 1.743 11.892 -30.432 2.044 
3 16 11.892 -30.432 2.044 7.644 -32.788 1.743 11.764 -30.34 -2.011 
3 16 7.644 -32.788 1.743 7.629 -32.449 -1.764 11.764 -30.34 -2.011 
3 16 7.629 -32.449 -1.764 5.586 -31.235 -3.336 11.764 -30.34 -2.011 
3 16 5.586 -31.235 -3.336 6.009 -29.309 -3.927 11.764 -30.34 -2.011 
3 16 6.009 -29.309 -3.927 10.34 -27.06 -3.883 11.764 -30.34 -2.011 
3 16 10.34 -27.06 -3.883 6.009 -29.309 -3.927 10.421 -24.141 -2.949 
3 16 6.009 -29.309 -3.927 7.191 -25.425 -3.693 10.421 -24.141 -2.949 
3 16 10.421 -24.141 -2.949 7.191 -25.425 -3.693 11.059 -21.951 -1.052 
3 16 7.191 -25.425 -3.693 8.213 -22.877 -1.144 11.059 -21.951 -1.052 
3 16 8.241 -22.837 1.513 11.04 -22.023 1.384 8.213 -22.877 -1.144 
3 16 8.213 -22.877 -1.144 11.04 -22.023 1.384 11.059 -21.951 -1.052 
3 16 6.431 -25.745 4.433 9.605 -24.713 3.341 8.241 -22.837 1.513 
3 16 8.241 -22.837 1.513 9.605 -24.713 3.341 11.04 -22.023 1.384 
3 16 4.889 -32.153 3.918 7.163 -35.236 4.853 7.644 -32.788 1.743 
3 16 9.2 -35.209 1.708 7.644 -32.788 1.743 7.163 -35.236 4.853 
3 16 5.586 -31.235 -3.336 7.629 -32.449 -1.764 8.576 -34.729 -3.526 
3 16 8.576 -34.729 -3.526 7.629 -32.449 -1.764 9.2 -35.209 1.708 
3 16 7.629 -32.449 -1.764 7.644 -32.788 1.743 9.2 -35.209 1.708 
3 16 2.456 -31.988 5.606 3.657 -31.698 4.731 2.835 -30.677 6.359 
3 16 2.835 -30.677 6.359 3.657 -31.698 4.731 5.281 -25.485 6.213 
3 16 2.835 -30.677 6.359 5.281 -25.485 6.213 3.751 -25.548 7.487 
3 16 2.456 -31.988 5.606 2.835 -30.677 6.359 0 -32.399 6.491 
3 16 0 -31.073 7.575 0 -32.399 6.491 2.835 -30.677 6.359 
3 16 2.456 -31.988 5.606 3.58 -35.208 7.652 3.657 -31.698 4.731 
3 16 7.163 -35.236 4.853 4.889 -32.153 3.918 3.58 -35.208 7.652 
3 16 4.889 -32.153 3.918 3.657 -31.698 4.731 3.58 -35.208 7.652 
3 16 0 -32.399 6.491 0 -35.358 8.38 2.456 -31.988 5.606 
3 16 3.58 -35.208 7.652 2.456 -31.988 5.606 0 -35.358 8.38 
3 16 8.576 -34.729 -3.526 5.91 -34.172 -6.955 5.586 -31.235 -3.336 
3 16 5.91 -34.172 -6.955 3.798 -31.233 -4.995 5.586 -31.235 -3.336 
3 16 5.91 -34.172 -6.955 3.647 -33.824 -8.151 3.798 -31.233 -4.995 
3 16 3.647 -33.824 -8.151 1.7 -32.782 -7.495 3.798 -31.233 -4.995 
3 16 0 -32.599 -7.345 0 -31.416 -6.133 1.7 -32.782 -7.495 
3 16 1.7 -32.782 -7.495 0 -31.416 -6.133 3.798 -31.233 -4.995 
3 16 3.798 -31.233 -4.995 4.483 -29.194 -5.862 5.586 -31.235 -3.336 
3 16 6.009 -29.309 -3.927 5.586 -31.235 -3.336 4.483 -29.194 -5.862 
3 16 10.584 -38.968 1.787 9.2 -35.209 1.708 8.772 -39.354 5.594 
3 16 9.2 -35.209 1.708 7.163 -35.236 4.853 8.772 -39.354 5.594 
3 16 9.2 -35.209 1.708 10.584 -38.968 1.787 8.576 -34.729 -3.526 
3 16 10.584 -38.968 1.787 10.197 -38.481 -3.936 8.576 -34.729 -3.526 
3 16 8.772 -39.354 5.594 7.163 -35.236 4.853 4.425 -39.497 8.948 
3 16 7.163 -35.236 4.853 3.58 -35.208 7.652 4.425 -39.497 8.948 
3 16 0 -35.358 8.38 0 -39.3 9.803 3.58 -35.208 7.652 
3 16 4.425 -39.497 8.948 3.58 -35.208 7.652 0 -39.3 9.803 
3 16 8.576 -34.729 -3.526 10.197 -38.481 -3.936 5.91 -34.172 -6.955 
3 16 10.197 -38.481 -3.936 7.579 -37.767 -8.029 5.91 -34.172 -6.955 
3 16 5.683 -37.835 -9.891 3.647 -33.824 -8.151 7.579 -37.767 -8.029 
3 16 3.647 -33.824 -8.151 5.91 -34.172 -6.955 7.579 -37.767 -8.029 
3 16 11.76 -42.052 -1.809 10.921 -41.407 -2.303 11.71 -41.985 1.255 
3 16 11.71 -41.985 1.255 10.921 -41.407 -2.303 11.004 -41.089 1.608 
3 16 15.27 -44.587 -2.221 13.789 -43.059 -1.963 15.198 -44.492 1.115 
3 16 15.198 -44.492 1.115 13.789 -43.059 -1.963 13.706 -42.977 1.158 
3 16 12.285 -49.892 -2.617 14.801 -48.861 -2.72 12.334 -50.001 0.743 
3 16 14.843 -48.917 0.852 12.334 -50.001 0.743 14.801 -48.861 -2.72 
3 16 9.873 -49.381 -2.316 12.285 -49.892 -2.617 9.954 -49.461 0.672 
3 16 12.334 -50.001 0.743 9.954 -49.461 0.672 12.285 -49.892 -2.617 
3 16 13.789 -43.059 -1.963 11.76 -42.052 -1.809 13.706 -42.977 1.158 
3 16 13.706 -42.977 1.158 11.76 -42.052 -1.809 11.71 -41.985 1.255 
3 16 8.652 -49.383 -2.397 9.873 -49.381 -2.316 8.788 -49.472 0.668 
3 16 9.873 -49.381 -2.316 9.954 -49.461 0.672 8.788 -49.472 0.668 
3 16 14.801 -48.861 -2.72 15.721 -46.54 -2.421 14.843 -48.917 0.852 
3 16 14.843 -48.917 0.852 15.721 -46.54 -2.421 15.706 -46.534 0.983 
3 16 15.721 -46.54 -2.421 15.27 -44.587 -2.221 15.706 -46.534 0.983 
3 16 15.706 -46.534 0.983 15.27 -44.587 -2.221 15.198 -44.492 1.115 
3 16 11.176 -44.491 -2.202 10.918 -44.294 -2.225 11.76 -42.052 -1.809 
3 16 10.918 -44.294 -2.225 10.921 -41.407 -2.303 11.76 -42.052 -1.809 
3 16 13.789 -43.059 -1.963 12.143 -44.679 -2.296 11.76 -42.052 -1.809 
3 16 11.176 -44.491 -2.202 11.76 -42.052 -1.809 12.143 -44.679 -2.296 
3 16 15.27 -44.587 -2.221 12.993 -45.43 -2.521 13.789 -43.059 -1.963 
3 16 12.143 -44.679 -2.296 13.789 -43.059 -1.963 12.993 -45.43 -2.521 
3 16 14.801 -48.861 -2.72 12.684 -47.102 -2.695 15.721 -46.54 -2.421 
3 16 12.684 -47.102 -2.695 12.993 -45.43 -2.521 15.721 -46.54 -2.421 
3 16 12.993 -45.43 -2.521 15.27 -44.587 -2.221 15.721 -46.54 -2.421 
3 16 14.801 -48.861 -2.72 12.285 -49.892 -2.617 12.684 -47.102 -2.695 
3 16 12.684 -47.102 -2.695 12.285 -49.892 -2.617 11.656 -47.495 -2.614 
3 16 12.285 -49.892 -2.617 9.873 -49.381 -2.316 11.656 -47.495 -2.614 
3 16 11.656 -47.495 -2.614 9.873 -49.381 -2.316 10.691 -47.104 -2.472 
3 16 8.652 -49.383 -2.397 10.136 -46.814 -2.513 9.873 -49.381 -2.316 
3 16 10.136 -46.814 -2.513 10.691 -47.104 -2.472 9.873 -49.381 -2.316 
3 16 11.004 -41.089 1.608 10.906 -44.501 1.958 11.71 -41.985 1.255 
3 16 13.291 -45.335 1.688 13.706 -42.977 1.158 10.906 -44.501 1.958 
3 16 13.706 -42.977 1.158 11.71 -41.985 1.255 10.906 -44.501 1.958 
3 16 8.788 -49.472 0.668 9.954 -49.461 0.672 10.906 -44.501 1.958 
3 16 10.906 -44.501 1.958 9.954 -49.461 0.672 13.291 -45.335 1.688 
3 16 9.954 -49.461 0.672 12.334 -50.001 0.743 13.291 -45.335 1.688 
3 16 12.334 -50.001 0.743 14.843 -48.917 0.852 13.291 -45.335 1.688 
3 16 14.843 -48.917 0.852 15.706 -46.534 0.983 13.291 -45.335 1.688 
3 16 15.706 -46.534 0.983 15.198 -44.492 1.115 13.291 -45.335 1.688 
3 16 13.291 -45.335 1.688 15.198 -44.492 1.115 13.706 -42.977 1.158 
3 16 0 -44.306 9.598 0 -48.404 7.537 4.429 -44.363 8.739 
3 16 4.429 -44.363 8.739 0 -48.404 7.537 3.709 -47.776 7.336 
3 16 0 -39.3 9.803 0 -44.306 9.598 4.425 -39.497 8.948 
3 16 4.425 -39.497 8.948 0 -44.306 9.598 4.429 -44.363 8.739 
3 16 7.14 -49.1 4.473 8.93 -44.547 5.544 3.709 -47.776 7.336 
3 16 8.93 -44.547 5.544 4.429 -44.363 8.739 3.709 -47.776 7.336 
3 16 8.93 -44.547 5.544 8.772 -39.354 5.594 4.429 -44.363 8.739 
3 16 8.772 -39.354 5.594 4.425 -39.497 8.948 4.429 -44.363 8.739 
3 16 8.788 -49.472 0.668 10.906 -44.501 1.958 7.14 -49.1 4.473 
3 16 8.93 -44.547 5.544 7.14 -49.1 4.473 10.906 -44.501 1.958 
3 16 8.772 -39.354 5.594 8.93 -44.547 5.544 11.004 -41.089 1.608 
3 16 8.93 -44.547 5.544 10.906 -44.501 1.958 11.004 -41.089 1.608 
3 16 10.584 -38.968 1.787 8.772 -39.354 5.594 11.004 -41.089 1.608 
3 16 12.143 -44.679 -2.296 11.723 -45.928 -2.101 11.176 -44.491 -2.202 
3 16 11.042 -45.735 -2.114 11.176 -44.491 -2.202 11.723 -45.928 -2.101 
3 16 11.723 -45.928 -2.101 11.656 -47.495 -2.614 11.042 -45.735 -2.114 
3 16 11.042 -45.735 -2.114 11.656 -47.495 -2.614 10.691 -47.104 -2.472 
3 16 10.136 -46.814 -2.513 10.918 -44.294 -2.225 11.042 -45.735 -2.114 
3 16 10.918 -44.294 -2.225 11.176 -44.491 -2.202 11.042 -45.735 -2.114 
3 16 11.042 -45.735 -2.114 10.691 -47.104 -2.472 10.136 -46.814 -2.513 
3 16 11.656 -47.495 -2.614 11.723 -45.928 -2.101 12.684 -47.102 -2.695 
3 16 12.684 -47.102 -2.695 11.723 -45.928 -2.101 12.993 -45.43 -2.521 
3 16 12.143 -44.679 -2.296 12.993 -45.43 -2.521 11.723 -45.928 -2.101 
3 16 10.918 -44.294 -2.225 10.47 -43.829 -3.885 10.921 -41.407 -2.303 
3 16 10.47 -43.829 -3.885 10.197 -38.481 -3.936 10.921 -41.407 -2.303 
3 16 10.197 -38.481 -3.936 10.584 -38.968 1.787 10.921 -41.407 -2.303 
3 16 10.921 -41.407 -2.303 10.584 -38.968 1.787 11.004 -41.089 1.608 
3 16 7.734 -50.043 -3.929 9.679 -46.846 -3.851 8.652 -49.383 -2.397 
3 16 9.679 -46.846 -3.851 10.136 -46.814 -2.513 8.652 -49.383 -2.397 
3 16 4.823 -46.917 -9.418 7.212 -47.11 -7.998 5.027 -49.59 -7.314 
3 16 8.043 -43.693 -8.336 7.579 -37.767 -8.029 10.47 -43.829 -3.885 
3 16 10.47 -43.829 -3.885 7.579 -37.767 -8.029 10.197 -38.481 -3.936 
3 16 7.212 -47.11 -7.998 8.043 -43.693 -8.336 9.679 -46.846 -3.851 
3 16 8.043 -43.693 -8.336 10.47 -43.829 -3.885 9.679 -46.846 -3.851 
3 16 9.679 -46.846 -3.851 7.734 -50.043 -3.929 7.212 -47.11 -7.998 
3 16 5.027 -49.59 -7.314 7.212 -47.11 -7.998 7.734 -50.043 -3.929 
3 16 3.898 -51.789 -3.77 0 -52.192 -3.695 2.625 -50.426 -6.916 
3 16 0 -52.192 -3.695 0 -50.705 -6.718 2.625 -50.426 -6.916 
3 16 4.358 -52.031 0.763 0 -52.559 0.682 3.898 -51.789 -3.77 
3 16 0 -52.559 0.682 0 -52.192 -3.695 3.898 -51.789 -3.77 
3 16 0 -51.863 3.232 0 -52.559 0.682 3.652 -51.239 3.682 
3 16 3.652 -51.239 3.682 0 -52.559 0.682 4.358 -52.031 0.763 
3 16 0 -48.404 7.537 0 -51.863 3.232 3.709 -47.776 7.336 
3 16 3.709 -47.776 7.336 0 -51.863 3.232 3.652 -51.239 3.682 
3 16 7.734 -50.043 -3.929 3.898 -51.789 -3.77 5.027 -49.59 -7.314 
3 16 2.625 -50.426 -6.916 5.027 -49.59 -7.314 3.898 -51.789 -3.77 
3 16 8.788 -49.472 0.668 4.358 -52.031 0.763 8.652 -49.383 -2.397 
3 16 8.652 -49.383 -2.397 4.358 -52.031 0.763 7.734 -50.043 -3.929 
3 16 3.898 -51.789 -3.77 7.734 -50.043 -3.929 4.358 -52.031 0.763 
3 16 4.358 -52.031 0.763 8.788 -49.472 0.668 3.652 -51.239 3.682 
3 16 8.788 -49.472 0.668 7.14 -49.1 4.473 3.652 -51.239 3.682 
3 16 3.652 -51.239 3.682 7.14 -49.1 4.473 3.709 -47.776 7.336 
3 16 9.679 -46.846 -3.851 10.47 -43.829 -3.885 10.136 -46.814 -2.513 
3 16 10.47 -43.829 -3.885 10.918 -44.294 -2.225 10.136 -46.814 -2.513 
3 16 0 -50.705 -6.718 0 -46.766 -9.969 2.625 -50.426 -6.916 
3 16 0 -46.766 -9.969 2.323 -46.766 -9.915 2.625 -50.426 -6.916 
3 16 2.625 -50.426 -6.916 2.323 -46.766 -9.915 5.027 -49.59 -7.314 
3 16 2.323 -46.766 -9.915 4.823 -46.917 -9.418 5.027 -49.59 -7.314 
3 16 5.226 -16.817 9.845 4.336 -20.928 8.632 7.478 -17.927 7.223 
3 16 4.336 -20.928 8.632 6.464 -21.482 6.657 7.478 -17.927 7.223 
3 16 4.336 -20.928 8.632 5.226 -16.817 9.845 0 -19.931 9.838 
3 16 5.226 -16.817 9.845 0 -15.425 11.586 0 -19.931 9.838 
3 16 6.431 -25.745 4.433 8.241 -22.837 1.513 5.281 -25.485 6.213 
3 16 8.241 -22.837 1.513 6.464 -21.482 6.657 5.281 -25.485 6.213 
3 16 8.419 -13.885 5.374 7.478 -17.927 7.223 9.187 -15.814 2.963 
3 16 7.478 -17.927 7.223 8.955 -19.31 2.986 9.187 -15.814 2.963 
3 16 23.333 -18.441 0.511 22.686 -19.271 2.366 23.4 -20.449 0.988 
3 16 22.78 -17.522 0.51 21.675 -17.605 2.366 23.333 -18.441 0.511 
3 16 23.333 -18.441 0.511 21.675 -17.605 2.366 22.686 -19.271 2.366 
3 16 22.78 -17.522 0.51 20.952 -16.417 0.993 21.675 -17.605 2.366 
3 16 22.748 -17.502 -0.445 20.957 -16.429 -0.96 22.78 -17.522 0.51 
3 16 22.78 -17.522 0.51 20.957 -16.429 -0.96 20.952 -16.417 0.993 
3 16 22.748 -17.502 -0.445 21.67 -17.608 -2.338 20.957 -16.429 -0.96 
3 16 23.316 -18.41 -0.448 22.681 -19.274 -2.338 22.748 -17.502 -0.445 
3 16 22.748 -17.502 -0.445 22.681 -19.274 -2.338 21.67 -17.608 -2.338 
3 16 23.316 -18.41 -0.448 23.397 -20.451 -0.96 22.681 -19.274 -2.338 
3 16 23.333 -18.441 0.511 23.4 -20.449 0.988 23.316 -18.41 -0.448 
3 16 23.316 -18.41 -0.448 23.4 -20.449 0.988 23.397 -20.451 -0.96 
3 16 23.333 -18.441 0.511 23.316 -18.41 -0.448 22.78 -17.522 0.51 
3 16 22.78 -17.522 0.51 23.316 -18.41 -0.448 22.748 -17.502 -0.445 
3 16 9.605 -24.713 3.341 14.473 -21.579 3.568 11.04 -22.023 1.384 
3 16 11.04 -22.023 1.384 14.473 -21.579 3.568 14.594 -19.274 1.488 
3 16 14.613 -19.261 -1.324 11.059 -21.951 -1.052 14.594 -19.274 1.488 
3 16 11.059 -21.951 -1.052 11.04 -22.023 1.384 14.594 -19.274 1.488 
3 16 14.878 -21.305 -3.393 10.421 -24.141 -2.949 14.613 -19.261 -1.324 
3 16 10.421 -24.141 -2.949 11.059 -21.951 -1.052 14.613 -19.261 -1.324 
3 16 15.372 -24.196 -3.886 10.34 -27.06 -3.883 14.878 -21.305 -3.393 
3 16 10.34 -27.06 -3.883 10.421 -24.141 -2.949 14.878 -21.305 -3.393 
3 16 16.841 -26.78 -1.802 11.764 -30.34 -2.011 15.372 -24.196 -3.886 
3 16 11.764 -30.34 -2.011 10.34 -27.06 -3.883 15.372 -24.196 -3.886 
3 16 11.764 -30.34 -2.011 16.841 -26.78 -1.802 11.892 -30.432 2.044 
3 16 11.892 -30.432 2.044 16.841 -26.78 -1.802 16.805 -26.887 1.84 
3 16 11.892 -30.432 2.044 16.805 -26.887 1.84 9.799 -27.871 4.317 
3 16 9.799 -27.871 4.317 16.805 -26.887 1.84 15.13 -24.64 4.083 
3 16 9.799 -27.871 4.317 15.13 -24.64 4.083 9.605 -24.713 3.341 
3 16 9.605 -24.713 3.341 15.13 -24.64 4.083 14.473 -21.579 3.568 
3 16 14.473 -21.579 3.568 18.924 -18.894 3.663 14.594 -19.274 1.488 
3 16 17.807 -17.055 1.565 14.594 -19.274 1.488 18.924 -18.894 3.663 
3 16 14.594 -19.274 1.488 17.807 -17.055 1.565 14.613 -19.261 -1.324 
3 16 17.816 -17.075 -1.447 14.613 -19.261 -1.324 17.807 -17.055 1.565 
3 16 18.916 -18.911 -3.527 14.878 -21.305 -3.393 17.816 -17.075 -1.447 
3 16 14.878 -21.305 -3.393 14.613 -19.261 -1.324 17.816 -17.075 -1.447 
3 16 20.456 -21.449 -3.527 15.372 -24.196 -3.886 18.916 -18.911 -3.527 
3 16 15.372 -24.196 -3.886 14.878 -21.305 -3.393 18.916 -18.911 -3.527 
3 16 15.372 -24.196 -3.886 20.456 -21.449 -3.527 16.841 -26.78 -1.802 
3 16 16.841 -26.78 -1.802 20.456 -21.449 -3.527 21.547 -23.242 -1.428 
3 16 16.841 -26.78 -1.802 21.547 -23.242 -1.428 16.805 -26.887 1.84 
3 16 16.805 -26.887 1.84 21.547 -23.242 -1.428 21.551 -23.24 1.541 
3 16 20.464 -21.444 3.64 15.13 -24.64 4.083 21.551 -23.24 1.541 
3 16 15.13 -24.64 4.083 16.805 -26.887 1.84 21.551 -23.24 1.541 
3 16 15.13 -24.64 4.083 20.464 -21.444 3.64 14.473 -21.579 3.568 
3 16 20.464 -21.444 3.64 18.924 -18.894 3.663 14.473 -21.579 3.568 
3 16 5.281 -25.485 6.213 3.657 -31.698 4.731 6.431 -25.745 4.433 
3 16 0 -4.009 -8.214 0 0 -8.949 4.954 -4.067 -10.785 
3 16 4.954 -4.067 -10.785 0 0 -8.949 4.96 0 -11.229 
3 16 11.759 -4.074 -5.05 12.094 -4.132 -1.758 10.388 -5.859 -4.539 
3 16 11.759 -4.074 -5.05 12.073 0 -5.135 12.094 -4.132 -1.758 
3 16 12.094 -4.132 -1.758 12.073 0 -5.135 12.448 0 -1.833 
3 16 0 -4.009 -8.214 4.954 -4.067 -10.785 3.905 -6.379 -8.356 
3 16 0 -4.009 -8.214 3.905 -6.379 -8.356 0 -6.235 -7.638 
3 16 0 -6.235 -7.638 3.905 -6.379 -8.356 3.847 -8.481 -8.036 
3 16 10.388 -5.859 -4.539 9.915 -9.771 -4.635 7.877 -6.857 -6.9 
3 16 7.877 -6.857 -6.9 9.915 -9.771 -4.635 7.385 -9.471 -6.822 
3 16 7.877 -6.857 -6.9 7.385 -9.471 -6.822 3.905 -6.379 -8.356 
3 16 3.905 -6.379 -8.356 7.385 -9.471 -6.822 3.847 -8.481 -8.036 
3 16 23.4 -20.449 0.988 21.551 -23.24 1.541 23.397 -20.451 -0.96 
3 16 21.547 -23.242 -1.428 23.397 -20.451 -0.96 21.551 -23.24 1.541 
3 16 20.456 -21.449 -3.527 22.681 -19.274 -2.338 21.547 -23.242 -1.428 
3 16 22.681 -19.274 -2.338 23.397 -20.451 -0.96 21.547 -23.242 -1.428 
3 16 18.916 -18.911 -3.527 21.67 -17.608 -2.338 20.456 -21.449 -3.527 
3 16 21.67 -17.608 -2.338 22.681 -19.274 -2.338 20.456 -21.449 -3.527 
3 16 17.816 -17.075 -1.447 20.957 -16.429 -0.96 18.916 -18.911 -3.527 
3 16 20.957 -16.429 -0.96 21.67 -17.608 -2.338 18.916 -18.911 -3.527 
3 16 17.807 -17.055 1.565 20.952 -16.417 0.993 17.816 -17.075 -1.447 
3 16 20.952 -16.417 0.993 20.957 -16.429 -0.96 17.816 -17.075 -1.447 
3 16 20.952 -16.417 0.993 17.807 -17.055 1.565 21.675 -17.605 2.366 
3 16 18.924 -18.894 3.663 21.675 -17.605 2.366 17.807 -17.055 1.565 
3 16 21.675 -17.605 2.366 18.924 -18.894 3.663 22.686 -19.271 2.366 
3 16 20.464 -21.444 3.64 22.686 -19.271 2.366 18.924 -18.894 3.663 
3 16 22.686 -19.271 2.366 20.464 -21.444 3.64 23.4 -20.449 0.988 
3 16 20.464 -21.444 3.64 21.551 -23.24 1.541 23.4 -20.449 0.988 
3 16 11.297 -9.625 -1.755 9.366 -15.696 -1.327 9.915 -9.771 -4.635 
3 16 9.915 -9.771 -4.635 9.366 -15.696 -1.327 8.453 -14.073 -4.022 
3 16 11.297 -9.625 -1.755 12.094 -4.132 -1.758 11.126 -9.474 2.545 
3 16 11.126 -9.474 2.545 12.094 -4.132 -1.758 12.027 -4.077 2.312 
3 16 11.126 -9.474 2.545 12.027 -4.077 2.312 9.489 -8.648 6.136 
3 16 10.454 -4.079 6.28 9.489 -8.648 6.136 12.027 -4.077 2.312 
3 16 9.489 -8.648 6.136 10.454 -4.079 6.28 6.243 -7.429 8.386 
3 16 6.668 -4.08 9.36 6.243 -7.429 8.386 10.454 -4.079 6.28 
3 16 6.243 -7.429 8.386 6.668 -4.08 9.36 0 -6.517 8.33 
3 16 6.668 -4.08 9.36 0 -4.071 8.838 0 -6.517 8.33 
3 16 12.094 -4.132 -1.758 11.297 -9.625 -1.755 10.388 -5.859 -4.539 
3 16 9.915 -9.771 -4.635 10.388 -5.859 -4.539 11.297 -9.625 -1.755 
3 16 0 -8.921 8.247 0 -11.248 10.882 6.329 -10.796 7.675 
3 16 0 -11.248 10.882 6.122 -13.387 9.489 6.329 -10.796 7.675 
3 16 7.316 -22.243 -7.565 7.986 -19.34 -7.902 8.213 -22.877 -1.144 
3 16 7.986 -19.34 -7.902 9.049 -19.628 -1.725 8.213 -22.877 -1.144 
3 16 8.213 -22.877 -1.144 9.049 -19.628 -1.725 8.241 -22.837 1.513 
3 16 8.955 -19.31 2.986 8.241 -22.837 1.513 9.049 -19.628 -1.725 
3 16 9.049 -19.628 -1.725 7.986 -19.34 -7.902 9.366 -15.696 -1.327 
3 16 9.366 -15.696 -1.327 7.986 -19.34 -7.902 8.453 -14.073 -4.022 
3 16 7.986 -19.34 -7.902 7.871 -16.985 -8.164 8.453 -14.073 -4.022 
3 16 9.187 -15.814 2.963 8.955 -19.31 2.986 9.366 -15.696 -1.327 
3 16 8.955 -19.31 2.986 9.049 -19.628 -1.725 9.366 -15.696 -1.327 
3 16 7.478 -17.927 7.223 6.464 -21.482 6.657 8.955 -19.31 2.986 
3 16 6.464 -21.482 6.657 8.241 -22.837 1.513 8.955 -19.31 2.986 
2 24 -3.905 -6.379 -8.356 -7.877 -6.857 -6.9 
2 24 -7.877 -6.857 -6.9 -10.388 -5.859 -4.539 
2 24 0 -9.567 -7.128 -3.931 -10.705 -7.385 
2 24 -3.931 -10.705 -7.385 -6.824 -12.311 -6.114 
2 24 -6.824 -12.311 -6.114 -8.453 -14.073 -4.022 
2 24 -9.366 -15.696 -1.327 -9.187 -15.814 2.963 
2 24 -9.187 -15.814 2.963 -8.419 -13.885 5.374 
2 24 -8.419 -13.885 5.374 -6.329 -10.796 7.675 
2 24 -6.329 -10.796 7.675 0 -8.921 8.247 
2 24 0 -8.921 8.247 0 -6.517 8.33 
2 24 -9.733 0 -9.48 -4.96 0 -11.229 
2 24 -12.073 0 -5.135 -9.733 0 -9.48 
2 24 -12.169 0 2.35 -12.448 0 -1.833 
2 24 -10.364 0 6.219 -12.169 0 2.35 
2 24 -6.73 0 9.505 -10.364 0 6.219 
2 24 0 0 9.109 -6.73 0 9.505 
2 24 0 -4.071 8.838 0 0 9.109 
2 24 0 -12.223 -10.327 -4.143 -12.981 -9.817 
2 24 -4.143 -12.981 -9.817 -6.62 -14.978 -9.03 
2 24 -6.62 -14.978 -9.03 -7.871 -16.985 -8.164 
2 24 -7.191 -25.425 -3.693 -8.213 -22.877 -1.144 
2 24 -7.316 -22.243 -7.565 -5.657 -25.735 -6.981 
2 24 -6.009 -29.309 -3.927 -7.191 -25.425 -3.693 
2 24 -5.657 -25.735 -6.981 -4.483 -29.194 -5.862 
2 24 -3.657 -31.698 4.731 -6.431 -25.745 4.433 
2 24 -4.889 -32.153 3.918 -3.657 -31.698 4.731 
2 24 -7.644 -32.788 1.743 -4.889 -32.153 3.918 
2 24 -7.629 -32.449 -1.764 -7.644 -32.788 1.743 
2 24 -5.586 -31.235 -3.336 -7.629 -32.449 -1.764 
2 24 -6.009 -29.309 -3.927 -5.586 -31.235 -3.336 
2 24 -8.241 -22.837 1.513 -8.213 -22.877 -1.144 
2 24 -6.431 -25.745 4.433 -8.241 -22.837 1.513 
2 24 -3.657 -31.698 4.731 -2.456 -31.988 5.606 
2 24 -2.456 -31.988 5.606 0 -32.399 6.491 
2 24 -5.586 -31.235 -3.336 -3.798 -31.233 -4.995 
2 24 -1.7 -32.782 -7.495 -3.647 -33.824 -8.151 
2 24 0 -32.599 -7.345 -1.7 -32.782 -7.495 
2 24 -3.798 -31.233 -4.995 0 -31.416 -6.133 
2 24 -4.483 -29.194 -5.862 -3.798 -31.233 -4.995 
2 24 -5.683 -37.835 -9.891 -7.579 -37.767 -8.029 
2 24 -3.647 -33.824 -8.151 -5.683 -37.835 -9.891 
2 24 -10.921 -41.407 -2.303 -11.76 -42.052 -1.809 
2 24 -11.71 -41.985 1.255 -11.004 -41.089 1.608 
2 24 -11.004 -41.089 1.608 -10.921 -41.407 -2.303 
2 24 -13.789 -43.059 -1.963 -15.27 -44.587 -2.221 
2 24 -15.198 -44.492 1.115 -13.706 -42.977 1.158 
2 24 -14.801 -48.861 -2.72 -12.285 -49.892 -2.617 
2 24 -12.334 -50.001 0.743 -14.843 -48.917 0.852 
2 24 -12.285 -49.892 -2.617 -9.873 -49.381 -2.316 
2 24 -9.954 -49.461 0.672 -12.334 -50.001 0.743 
2 24 -11.76 -42.052 -1.809 -13.789 -43.059 -1.963 
2 24 -13.706 -42.977 1.158 -11.71 -41.985 1.255 
2 24 -8.652 -49.383 -2.397 -8.788 -49.472 0.668 
2 24 -9.873 -49.381 -2.316 -8.652 -49.383 -2.397 
2 24 -8.788 -49.472 0.668 -9.954 -49.461 0.672 
2 24 -15.721 -46.54 -2.421 -14.801 -48.861 -2.72 
2 24 -14.843 -48.917 0.852 -15.706 -46.534 0.983 
2 24 -15.27 -44.587 -2.221 -15.721 -46.54 -2.421 
2 24 -15.706 -46.534 0.983 -15.198 -44.492 1.115 
2 24 -10.918 -44.294 -2.225 -11.176 -44.491 -2.202 
2 24 -10.921 -41.407 -2.303 -10.918 -44.294 -2.225 
2 24 -11.176 -44.491 -2.202 -12.143 -44.679 -2.296 
2 24 -12.143 -44.679 -2.296 -12.993 -45.43 -2.521 
2 24 -12.993 -45.43 -2.521 -12.684 -47.102 -2.695 
2 24 -12.684 -47.102 -2.695 -11.656 -47.495 -2.614 
2 24 -11.656 -47.495 -2.614 -10.691 -47.104 -2.472 
2 24 -10.136 -46.814 -2.513 -8.652 -49.383 -2.397 
2 24 -10.691 -47.104 -2.472 -10.136 -46.814 -2.513 
2 24 -10.906 -44.501 1.958 -11.004 -41.089 1.608 
2 24 -8.788 -49.472 0.668 -10.906 -44.501 1.958 
2 24 -10.918 -44.294 -2.225 -10.136 -46.814 -2.513 
2 24 -7.212 -47.11 -7.998 -4.823 -46.917 -9.418 
2 24 -7.579 -37.767 -8.029 -8.043 -43.693 -8.336 
2 24 -8.043 -43.693 -8.336 -7.212 -47.11 -7.998 
2 24 -2.323 -46.766 -9.915 0 -46.766 -9.969 
2 24 -4.823 -46.917 -9.418 -2.323 -46.766 -9.915 
2 24 -4.96 0 -11.229 0 0 -8.949 
2 24 -10.388 -5.859 -4.539 -12.094 -4.132 -1.758 
2 24 -12.448 0 -1.833 -12.073 0 -5.135 
2 24 0 -4.009 -8.214 -3.905 -6.379 -8.356 
2 24 -8.453 -14.073 -4.022 -9.366 -15.696 -1.327 
2 24 0 -6.517 8.33 0 -4.071 8.838 
2 24 -7.986 -19.34 -7.902 -7.316 -22.243 -7.565 
2 24 -7.871 -16.985 -8.164 -7.986 -19.34 -7.902 
2 24 7.877 -6.857 -6.9 3.905 -6.379 -8.356 
2 24 10.388 -5.859 -4.539 7.877 -6.857 -6.9 
2 24 3.931 -10.705 -7.385 0 -9.567 -7.128 
2 24 6.824 -12.311 -6.114 3.931 -10.705 -7.385 
2 24 8.453 -14.073 -4.022 6.824 -12.311 -6.114 
2 24 9.187 -15.814 2.963 9.366 -15.696 -1.327 
2 24 8.419 -13.885 5.374 9.187 -15.814 2.963 
2 24 6.329 -10.796 7.675 8.419 -13.885 5.374 
2 24 0 -8.921 8.247 6.329 -10.796 7.675 
2 24 4.96 0 -11.229 9.733 0 -9.48 
2 24 9.733 0 -9.48 12.073 0 -5.135 
2 24 12.448 0 -1.833 12.169 0 2.35 
2 24 12.169 0 2.35 10.364 0 6.219 
2 24 10.364 0 6.219 6.73 0 9.505 
2 24 6.73 0 9.505 0 0 9.109 
2 24 4.143 -12.981 -9.817 0 -12.223 -10.327 
2 24 6.62 -14.978 -9.03 4.143 -12.981 -9.817 
2 24 7.871 -16.985 -8.164 6.62 -14.978 -9.03 
2 24 8.213 -22.877 -1.144 7.191 -25.425 -3.693 
2 24 5.657 -25.735 -6.981 7.316 -22.243 -7.565 
2 24 7.191 -25.425 -3.693 6.009 -29.309 -3.927 
2 24 4.483 -29.194 -5.862 5.657 -25.735 -6.981 
2 24 6.431 -25.745 4.433 3.657 -31.698 4.731 
2 24 3.657 -31.698 4.731 4.889 -32.153 3.918 
2 24 4.889 -32.153 3.918 7.644 -32.788 1.743 
2 24 7.644 -32.788 1.743 7.629 -32.449 -1.764 
2 24 7.629 -32.449 -1.764 5.586 -31.235 -3.336 
2 24 5.586 -31.235 -3.336 6.009 -29.309 -3.927 
2 24 8.213 -22.877 -1.144 8.241 -22.837 1.513 
2 24 8.241 -22.837 1.513 6.431 -25.745 4.433 
2 24 2.456 -31.988 5.606 3.657 -31.698 4.731 
2 24 0 -32.399 6.491 2.456 -31.988 5.606 
2 24 3.798 -31.233 -4.995 5.586 -31.235 -3.336 
2 24 3.647 -33.824 -8.151 1.7 -32.782 -7.495 
2 24 1.7 -32.782 -7.495 0 -32.599 -7.345 
2 24 0 -31.416 -6.133 3.798 -31.233 -4.995 
2 24 3.798 -31.233 -4.995 4.483 -29.194 -5.862 
2 24 5.683 -37.835 -9.891 3.647 -33.824 -8.151 
2 24 7.579 -37.767 -8.029 5.683 -37.835 -9.891 
2 24 11.76 -42.052 -1.809 10.921 -41.407 -2.303 
2 24 10.921 -41.407 -2.303 11.004 -41.089 1.608 
2 24 11.004 -41.089 1.608 11.71 -41.985 1.255 
2 24 15.27 -44.587 -2.221 13.789 -43.059 -1.963 
2 24 13.706 -42.977 1.158 15.198 -44.492 1.115 
2 24 12.285 -49.892 -2.617 14.801 -48.861 -2.72 
2 24 14.843 -48.917 0.852 12.334 -50.001 0.743 
2 24 9.873 -49.381 -2.316 12.285 -49.892 -2.617 
2 24 12.334 -50.001 0.743 9.954 -49.461 0.672 
2 24 13.789 -43.059 -1.963 11.76 -42.052 -1.809 
2 24 11.71 -41.985 1.255 13.706 -42.977 1.158 
2 24 8.652 -49.383 -2.397 9.873 -49.381 -2.316 
2 24 8.788 -49.472 0.668 8.652 -49.383 -2.397 
2 24 9.954 -49.461 0.672 8.788 -49.472 0.668 
2 24 14.801 -48.861 -2.72 15.721 -46.54 -2.421 
2 24 15.706 -46.534 0.983 14.843 -48.917 0.852 
2 24 15.721 -46.54 -2.421 15.27 -44.587 -2.221 
2 24 15.198 -44.492 1.115 15.706 -46.534 0.983 
2 24 11.176 -44.491 -2.202 10.918 -44.294 -2.225 
2 24 10.918 -44.294 -2.225 10.921 -41.407 -2.303 
2 24 12.143 -44.679 -2.296 11.176 -44.491 -2.202 
2 24 12.993 -45.43 -2.521 12.143 -44.679 -2.296 
2 24 12.684 -47.102 -2.695 12.993 -45.43 -2.521 
2 24 11.656 -47.495 -2.614 12.684 -47.102 -2.695 
2 24 10.691 -47.104 -2.472 11.656 -47.495 -2.614 
2 24 8.652 -49.383 -2.397 10.136 -46.814 -2.513 
2 24 10.136 -46.814 -2.513 10.691 -47.104 -2.472 
2 24 11.004 -41.089 1.608 10.906 -44.501 1.958 
2 24 10.906 -44.501 1.958 8.788 -49.472 0.668 
2 24 10.136 -46.814 -2.513 10.918 -44.294 -2.225 
2 24 4.823 -46.917 -9.418 7.212 -47.11 -7.998 
2 24 8.043 -43.693 -8.336 7.579 -37.767 -8.029 
2 24 7.212 -47.11 -7.998 8.043 -43.693 -8.336 
2 24 0 -46.766 -9.969 2.323 -46.766 -9.915 
2 24 2.323 -46.766 -9.915 4.823 -46.917 -9.418 
2 24 0 0 -8.949 4.96 0 -11.229 
2 24 12.094 -4.132 -1.758 10.388 -5.859 -4.539 
2 24 12.073 0 -5.135 12.448 0 -1.833 
2 24 3.905 -6.379 -8.356 0 -4.009 -8.214 
2 24 9.366 -15.696 -1.327 8.453 -14.073 -4.022 
2 24 7.316 -22.243 -7.565 7.986 -19.34 -7.902 
2 24 7.986 -19.34 -7.902 7.871 -16.985 -8.164 

0 // Stud4
3 16 -3.55 -44.975 2.049 -4.099 -44.975 0 -3.55 -27.498 2.049 
3 16 -4.099 -27.499 0 -3.55 -27.498 2.049 -4.099 -44.975 0 
3 16 -2.049 -44.976 3.55 -3.55 -44.975 2.049 -2.049 -27.496 3.55 
3 16 -3.55 -27.498 2.049 -2.049 -27.496 3.55 -3.55 -44.975 2.049 
3 16 0 -44.976 4.099 -2.049 -44.976 3.55 0 -27.496 4.099 
3 16 -2.049 -27.496 3.55 0 -27.496 4.099 -2.049 -44.976 3.55 
3 16 -3.55 -27.498 2.049 -4.099 -27.499 0 -4.432 -5.201 2.559 
3 16 -4.099 -27.499 0 -5.118 -5.201 0 -4.432 -5.201 2.559 
3 16 -2.049 -27.496 3.55 -3.55 -27.498 2.049 -2.559 -5.201 4.432 
3 16 -3.55 -27.498 2.049 -4.432 -5.201 2.559 -2.559 -5.201 4.432 
3 16 0 -27.496 4.099 -2.049 -27.496 3.55 0 -5.201 5.118 
3 16 -2.049 -27.496 3.55 -2.559 -5.201 4.432 0 -5.201 5.118 
3 16 -4.432 -5.201 2.559 -5.118 -5.201 0 -5.413 -5.201 3.125 
3 16 -5.118 -5.201 0 -6.25 -5.201 0 -5.413 -5.201 3.125 
3 16 -2.559 -5.201 4.432 -4.432 -5.201 2.559 -3.125 -5.201 5.413 
3 16 -4.432 -5.201 2.559 -5.413 -5.201 3.125 -3.125 -5.201 5.413 
3 16 0 -5.201 5.118 -2.559 -5.201 4.432 0 -5.201 6.25 
3 16 -2.559 -5.201 4.432 -3.125 -5.201 5.413 0 -5.201 6.25 
3 16 -5.413 -5.201 3.125 -6.25 -5.201 0 -5.413 0 3.125 
3 16 -5.413 0 3.125 -6.25 -5.201 0 -6.25 0 0 
3 16 -3.125 -5.201 5.413 -5.413 -5.201 3.125 -3.125 0 5.413 
3 16 -3.125 0 5.413 -5.413 -5.201 3.125 -5.413 0 3.125 
3 16 0 -5.201 6.25 -3.125 -5.201 5.413 0 0 6.25 
3 16 0 0 6.25 -3.125 -5.201 5.413 -3.125 0 5.413 
3 16 -2.049 -44.976 3.55 0 -44.976 4.099 0 -44.975 0 
3 16 -3.55 -44.975 2.049 -2.049 -44.976 3.55 0 -44.975 0 
3 16 -3.55 -44.975 2.049 0 -44.975 0 -4.099 -44.975 0 
3 16 -3.55 -27.498 -2.049 -4.099 -27.499 0 -3.55 -44.975 -2.049 
3 16 -4.099 -27.499 0 -4.099 -44.975 0 -3.55 -44.975 -2.049 
3 16 -2.049 -27.496 -3.55 -3.55 -27.498 -2.049 -2.049 -44.976 -3.55 
3 16 -3.55 -27.498 -2.049 -3.55 -44.975 -2.049 -2.049 -44.976 -3.55 
3 16 -4.099 -27.499 0 -3.55 -27.498 -2.049 -5.118 -5.201 0 
3 16 -4.432 -5.201 -2.559 -5.118 -5.201 0 -3.55 -27.498 -2.049 
3 16 -3.55 -27.498 -2.049 -2.049 -27.496 -3.55 -4.432 -5.201 -2.559 
3 16 -2.559 -5.201 -4.432 -4.432 -5.201 -2.559 -2.049 -27.496 -3.55 
3 16 -2.049 -27.496 -3.55 0 -27.496 -4.099 -2.559 -5.201 -4.432 
3 16 0 -5.201 -5.118 -2.559 -5.201 -4.432 0 -27.496 -4.099 
3 16 -5.118 -5.201 0 -4.432 -5.201 -2.559 -6.25 -5.201 0 
3 16 -5.413 -5.201 -3.125 -6.25 -5.201 0 -4.432 -5.201 -2.559 
3 16 -4.432 -5.201 -2.559 -2.559 -5.201 -4.432 -5.413 -5.201 -3.125 
3 16 -3.125 -5.201 -5.413 -5.413 -5.201 -3.125 -2.559 -5.201 -4.432 
3 16 -2.559 -5.201 -4.432 0 -5.201 -5.118 -3.125 -5.201 -5.413 
3 16 0 -5.201 -6.25 -3.125 -5.201 -5.413 0 -5.201 -5.118 
3 16 -5.413 0 -3.125 -6.25 0 0 -5.413 -5.201 -3.125 
3 16 -5.413 -5.201 -3.125 -6.25 0 0 -6.25 -5.201 0 
3 16 -3.125 0 -5.413 -5.413 0 -3.125 -3.125 -5.201 -5.413 
3 16 -3.125 -5.201 -5.413 -5.413 0 -3.125 -5.413 -5.201 -3.125 
3 16 0 0 -6.25 -3.125 0 -5.413 0 -5.201 -6.25 
3 16 0 -5.201 -6.25 -3.125 0 -5.413 -3.125 -5.201 -5.413 
3 16 -2.049 -44.976 -3.55 0 -44.975 0 0 -44.976 -4.099 
3 16 -3.55 -44.975 -2.049 0 -44.975 0 -2.049 -44.976 -3.55 
3 16 -3.55 -44.975 -2.049 -4.099 -44.975 0 0 -44.975 0 
3 16 3.55 -44.975 2.049 3.55 -27.498 2.049 4.099 -44.975 0 
3 16 4.099 -27.499 0 4.099 -44.975 0 3.55 -27.498 2.049 
3 16 2.049 -44.976 3.55 2.049 -27.496 3.55 3.55 -44.975 2.049 
3 16 3.55 -27.498 2.049 3.55 -44.975 2.049 2.049 -27.496 3.55 
3 16 0 -44.976 4.099 0 -27.496 4.099 2.049 -44.976 3.55 
3 16 2.049 -27.496 3.55 2.049 -44.976 3.55 0 -27.496 4.099 
3 16 3.55 -27.498 2.049 4.432 -5.201 2.559 4.099 -27.499 0 
3 16 4.099 -27.499 0 4.432 -5.201 2.559 5.118 -5.201 0 
3 16 2.049 -27.496 3.55 2.559 -5.201 4.432 3.55 -27.498 2.049 
3 16 3.55 -27.498 2.049 2.559 -5.201 4.432 4.432 -5.201 2.559 
3 16 0 -27.496 4.099 0 -5.201 5.118 2.049 -27.496 3.55 
3 16 2.049 -27.496 3.55 0 -5.201 5.118 2.559 -5.201 4.432 
3 16 4.432 -5.201 2.559 5.413 -5.201 3.125 5.118 -5.201 0 
3 16 5.118 -5.201 0 5.413 -5.201 3.125 6.25 -5.201 0 
3 16 2.559 -5.201 4.432 3.125 -5.201 5.413 4.432 -5.201 2.559 
3 16 4.432 -5.201 2.559 3.125 -5.201 5.413 5.413 -5.201 3.125 
3 16 0 -5.201 5.118 0 -5.201 6.25 2.559 -5.201 4.432 
3 16 2.559 -5.201 4.432 0 -5.201 6.25 3.125 -5.201 5.413 
3 16 5.413 -5.201 3.125 5.413 0 3.125 6.25 -5.201 0 
3 16 5.413 0 3.125 6.25 0 0 6.25 -5.201 0 
3 16 3.125 -5.201 5.413 3.125 0 5.413 5.413 -5.201 3.125 
3 16 3.125 0 5.413 5.413 0 3.125 5.413 -5.201 3.125 
3 16 0 -5.201 6.25 0 0 6.25 3.125 -5.201 5.413 
3 16 0 0 6.25 3.125 0 5.413 3.125 -5.201 5.413 
3 16 2.049 -44.976 3.55 0 -44.975 0 0 -44.976 4.099 
3 16 3.55 -44.975 2.049 0 -44.975 0 2.049 -44.976 3.55 
3 16 3.55 -44.975 2.049 4.099 -44.975 0 0 -44.975 0 
3 16 3.55 -27.498 -2.049 3.55 -44.975 -2.049 4.099 -27.499 0 
3 16 4.099 -27.499 0 3.55 -44.975 -2.049 4.099 -44.975 0 
3 16 2.049 -27.496 -3.55 2.049 -44.976 -3.55 3.55 -27.498 -2.049 
3 16 3.55 -27.498 -2.049 2.049 -44.976 -3.55 3.55 -44.975 -2.049 
3 16 4.099 -27.499 0 5.118 -5.201 0 3.55 -27.498 -2.049 
3 16 4.432 -5.201 -2.559 3.55 -27.498 -2.049 5.118 -5.201 0 
3 16 3.55 -27.498 -2.049 4.432 -5.201 -2.559 2.049 -27.496 -3.55 
3 16 2.559 -5.201 -4.432 2.049 -27.496 -3.55 4.432 -5.201 -2.559 
3 16 2.049 -27.496 -3.55 2.559 -5.201 -4.432 0 -27.496 -4.099 
3 16 0 -5.201 -5.118 0 -27.496 -4.099 2.559 -5.201 -4.432 
3 16 5.118 -5.201 0 6.25 -5.201 0 4.432 -5.201 -2.559 
3 16 5.413 -5.201 -3.125 4.432 -5.201 -2.559 6.25 -5.201 0 
3 16 4.432 -5.201 -2.559 5.413 -5.201 -3.125 2.559 -5.201 -4.432 
3 16 3.125 -5.201 -5.413 2.559 -5.201 -4.432 5.413 -5.201 -3.125 
3 16 2.559 -5.201 -4.432 3.125 -5.201 -5.413 0 -5.201 -5.118 
3 16 0 -5.201 -6.25 0 -5.201 -5.118 3.125 -5.201 -5.413 
3 16 5.413 0 -3.125 5.413 -5.201 -3.125 6.25 0 0 
3 16 5.413 -5.201 -3.125 6.25 -5.201 0 6.25 0 0 
3 16 3.125 0 -5.413 3.125 -5.201 -5.413 5.413 0 -3.125 
3 16 3.125 -5.201 -5.413 5.413 -5.201 -3.125 5.413 0 -3.125 
3 16 0 0 -6.25 0 -5.201 -6.25 3.125 0 -5.413 
3 16 0 -5.201 -6.25 3.125 -5.201 -5.413 3.125 0 -5.413 
3 16 2.049 -44.976 -3.55 0 -44.976 -4.099 0 -44.975 0 
3 16 3.55 -44.975 -2.049 2.049 -44.976 -3.55 0 -44.975 0 
3 16 3.55 -44.975 -2.049 0 -44.975 0 4.099 -44.975 0 
2 24 -3.55 -44.975 2.049 -4.099 -44.975 0 
2 24 -2.049 -44.976 3.55 -3.55 -44.975 2.049 
2 24 0 -44.976 4.099 -2.049 -44.976 3.55 
2 24 -5.118 -5.201 0 -4.432 -5.201 2.559 
2 24 -4.432 -5.201 2.559 -2.559 -5.201 4.432 
2 24 -2.559 -5.201 4.432 0 -5.201 5.118 
2 24 -6.25 -5.201 0 -5.413 -5.201 3.125 
2 24 -5.413 -5.201 3.125 -3.125 -5.201 5.413 
2 24 -3.125 -5.201 5.413 0 -5.201 6.25 
2 24 -6.25 0 0 -5.413 0 3.125 
2 24 -5.413 0 3.125 -3.125 0 5.413 
2 24 -3.125 0 5.413 0 0 6.25 
2 24 -4.099 -44.975 0 -3.55 -44.975 -2.049 
2 24 -2.049 -44.976 -3.55 -2.049 -27.496 -3.55 
2 24 -3.55 -44.975 -2.049 -2.049 -44.976 -3.55 
2 24 -4.432 -5.201 -2.559 -5.118 -5.201 0 
2 24 -2.559 -5.201 -4.432 -4.432 -5.201 -2.559 
2 24 -2.049 -27.496 -3.55 0 -27.496 -4.099 
2 24 0 -5.201 -5.118 -2.559 -5.201 -4.432 
2 24 -5.413 -5.201 -3.125 -6.25 -5.201 0 
2 24 -3.125 -5.201 -5.413 -5.413 -5.201 -3.125 
2 24 0 -5.201 -6.25 -3.125 -5.201 -5.413 
2 24 -5.413 0 -3.125 -6.25 0 0 
2 24 -3.125 0 -5.413 -5.413 0 -3.125 
2 24 0 0 -6.25 -3.125 0 -5.413 
2 24 0 -44.976 -4.099 -2.049 -44.976 -3.55 
2 24 4.099 -44.975 0 3.55 -44.975 2.049 
2 24 3.55 -44.975 2.049 2.049 -44.976 3.55 
2 24 2.049 -44.976 3.55 0 -44.976 4.099 
2 24 4.432 -5.201 2.559 5.118 -5.201 0 
2 24 2.559 -5.201 4.432 4.432 -5.201 2.559 
2 24 0 -5.201 5.118 2.559 -5.201 4.432 
2 24 5.413 -5.201 3.125 6.25 -5.201 0 
2 24 3.125 -5.201 5.413 5.413 -5.201 3.125 
2 24 0 -5.201 6.25 3.125 -5.201 5.413 
2 24 5.413 0 3.125 6.25 0 0 
2 24 3.125 0 5.413 5.413 0 3.125 
2 24 0 0 6.25 3.125 0 5.413 
2 24 3.55 -44.975 -2.049 4.099 -44.975 0 
2 24 2.049 -27.496 -3.55 2.049 -44.976 -3.55 
2 24 2.049 -44.976 -3.55 3.55 -44.975 -2.049 
2 24 5.118 -5.201 0 4.432 -5.201 -2.559 
2 24 4.432 -5.201 -2.559 2.559 -5.201 -4.432 
2 24 0 -27.496 -4.099 2.049 -27.496 -3.55 
2 24 2.559 -5.201 -4.432 0 -5.201 -5.118 
2 24 6.25 -5.201 0 5.413 -5.201 -3.125 
2 24 5.413 -5.201 -3.125 3.125 -5.201 -5.413 
2 24 3.125 -5.201 -5.413 0 -5.201 -6.25 
2 24 6.25 0 0 5.413 0 -3.125 
2 24 5.413 0 -3.125 3.125 0 -5.413 
2 24 3.125 0 -5.413 0 0 -6.25 
2 24 2.049 -44.976 -3.55 0 -44.976 -4.099 

0 // Outside
3 16 -12.448 0 -1.833 -12.169 0 2.35 -6.25 0 0 
3 16 -6.25 0 0 -12.169 0 2.35 -5.413 0 3.125 
3 16 -12.169 0 2.35 -10.364 0 6.219 -5.413 0 3.125 
3 16 -10.364 0 6.219 -6.73 0 9.505 -5.413 0 3.125 
3 16 -5.413 0 3.125 -6.73 0 9.505 -3.125 0 5.413 
3 16 -6.73 0 9.505 0 0 9.109 -3.125 0 5.413 
3 16 -3.125 0 5.413 0 0 9.109 0 0 6.25 
3 16 -12.073 0 -5.135 -12.448 0 -1.833 -5.413 0 -3.125 
3 16 -6.25 0 0 -5.413 0 -3.125 -12.448 0 -1.833 
3 16 -3.125 0 -5.413 -9.733 0 -9.48 -5.413 0 -3.125 
3 16 -12.073 0 -5.135 -5.413 0 -3.125 -9.733 0 -9.48 
3 16 -9.733 0 -9.48 -3.125 0 -5.413 -4.96 0 -11.229 
3 16 -4.96 0 -11.229 -3.125 0 -5.413 0 0 -8.949 
3 16 0 0 -8.949 -3.125 0 -5.413 0 0 -6.25 
3 16 12.448 0 -1.833 6.25 0 0 12.169 0 2.35 
3 16 6.25 0 0 5.413 0 3.125 12.169 0 2.35 
3 16 12.169 0 2.35 5.413 0 3.125 10.364 0 6.219 
3 16 10.364 0 6.219 5.413 0 3.125 6.73 0 9.505 
3 16 5.413 0 3.125 3.125 0 5.413 6.73 0 9.505 
3 16 6.73 0 9.505 3.125 0 5.413 0 0 9.109 
3 16 3.125 0 5.413 0 0 6.25 0 0 9.109 
3 16 12.073 0 -5.135 5.413 0 -3.125 12.448 0 -1.833 
3 16 6.25 0 0 12.448 0 -1.833 5.413 0 -3.125 
3 16 3.125 0 -5.413 5.413 0 -3.125 9.733 0 -9.48 
3 16 12.073 0 -5.135 9.733 0 -9.48 5.413 0 -3.125 
3 16 9.733 0 -9.48 4.96 0 -11.229 3.125 0 -5.413 
3 16 4.96 0 -11.229 0 0 -8.949 3.125 0 -5.413 
3 16 0 0 -8.949 0 0 -6.25 3.125 0 -5.413 
2 24 -12.448 0 -1.833 -12.169 0 2.35 
2 24 -5.413 0 3.125 -6.25 0 0 
2 24 -12.169 0 2.35 -10.364 0 6.219 
2 24 -10.364 0 6.219 -6.73 0 9.505 
2 24 -3.125 0 5.413 -5.413 0 3.125 
2 24 -6.73 0 9.505 0 0 9.109 
2 24 0 0 6.25 -3.125 0 5.413 
2 24 -12.073 0 -5.135 -12.448 0 -1.833 
2 24 -6.25 0 0 -5.413 0 -3.125 
2 24 -5.413 0 -3.125 -3.125 0 -5.413 
2 24 -9.733 0 -9.48 -12.073 0 -5.135 
2 24 -4.96 0 -11.229 -9.733 0 -9.48 
2 24 0 0 -8.949 -4.96 0 -11.229 
2 24 -3.125 0 -5.413 0 0 -6.25 
2 24 12.169 0 2.35 12.448 0 -1.833 
2 24 6.25 0 0 5.413 0 3.125 
2 24 10.364 0 6.219 12.169 0 2.35 
2 24 6.73 0 9.505 10.364 0 6.219 
2 24 5.413 0 3.125 3.125 0 5.413 
2 24 0 0 9.109 6.73 0 9.505 
2 24 3.125 0 5.413 0 0 6.25 
2 24 12.448 0 -1.833 12.073 0 -5.135 
2 24 5.413 0 -3.125 6.25 0 0 
2 24 3.125 0 -5.413 5.413 0 -3.125 
2 24 12.073 0 -5.135 9.733 0 -9.48 
2 24 9.733 0 -9.48 4.96 0 -11.229 
2 24 4.96 0 -11.229 0 0 -8.949 
2 24 0 0 -6.25 3.125 0 -5.413 

0 // Stud4
3 16 0 -27.496 -4.099 -2.049 -27.496 -3.55 0 -44.976 -4.099 
3 16 0 -44.976 -4.099 -2.049 -27.496 -3.55 -2.049 -44.976 -3.55 
3 16 0 -27.496 -4.099 0 -44.976 -4.099 2.049 -27.496 -3.55 
3 16 0 -44.976 -4.099 2.049 -44.976 -3.55 2.049 -27.496 -3.55 
2 24 0 -27.496 -4.099 -2.049 -27.496 -3.55 
2 24 -2.049 -27.496 -3.55 -2.049 -44.976 -3.55 
2 24 -2.049 -44.976 -3.55 0 -44.976 -4.099 
2 24 2.049 -27.496 -3.55 0 -27.496 -4.099 
2 24 0 -44.976 -4.099 2.049 -44.976 -3.55 
2 24 2.049 -44.976 -3.55 2.049 -27.496 -3.55 

0 // Outside
3 16 -1.964 -37.389 -14.594 -4.125 -37.441 -13.539 -1.4 -33.708 -12.262 
3 16 -1.4 -33.708 -12.262 -4.125 -37.441 -13.539 -3.23 -34.591 -12.054 
3 16 0 -37.408 -14.902 -1.964 -37.389 -14.594 0 -33.72 -12.556 
3 16 0 -33.72 -12.556 -1.964 -37.389 -14.594 -1.4 -33.708 -12.262 
3 16 0 -33.72 -12.556 -1.4 -33.708 -12.262 0 -32.599 -7.345 
3 16 -1.4 -33.708 -12.262 -1.7 -32.782 -7.495 0 -32.599 -7.345 
3 16 -1.4 -33.708 -12.262 -3.23 -34.591 -12.054 -1.7 -32.782 -7.495 
3 16 -3.23 -34.591 -12.054 -3.647 -33.824 -8.151 -1.7 -32.782 -7.495 
3 16 -3.647 -33.824 -8.151 -3.23 -34.591 -12.054 -5.683 -37.835 -9.891 
3 16 -4.125 -37.441 -13.539 -5.683 -37.835 -9.891 -3.23 -34.591 -12.054 
3 16 -2.679 -42.629 -11.267 -1.508 -40.586 -14.822 0 -42.826 -11.441 
3 16 0 -42.826 -11.441 -1.508 -40.586 -14.822 0 -40.693 -14.947 
3 16 -5.259 -40.899 -10.508 -3.506 -40.58 -13.947 -2.679 -42.629 -11.267 
3 16 -1.508 -40.586 -14.822 -2.679 -42.629 -11.267 -3.506 -40.58 -13.947 
3 16 -1.964 -37.389 -14.594 0 -37.408 -14.902 -1.508 -40.586 -14.822 
3 16 -1.508 -40.586 -14.822 0 -37.408 -14.902 0 -40.693 -14.947 
3 16 -4.125 -37.441 -13.539 -1.964 -37.389 -14.594 -3.506 -40.58 -13.947 
3 16 -3.506 -40.58 -13.947 -1.964 -37.389 -14.594 -1.508 -40.586 -14.822 
3 16 -3.506 -40.58 -13.947 -5.259 -40.899 -10.508 -4.125 -37.441 -13.539 
3 16 -5.259 -40.899 -10.508 -5.683 -37.835 -9.891 -4.125 -37.441 -13.539 
3 16 1.964 -37.389 -14.594 1.4 -33.708 -12.262 4.125 -37.441 -13.539 
3 16 1.4 -33.708 -12.262 3.23 -34.591 -12.054 4.125 -37.441 -13.539 
3 16 0 -37.408 -14.902 0 -33.72 -12.556 1.964 -37.389 -14.594 
3 16 0 -33.72 -12.556 1.4 -33.708 -12.262 1.964 -37.389 -14.594 
3 16 0 -33.72 -12.556 0 -32.599 -7.345 1.4 -33.708 -12.262 
3 16 1.4 -33.708 -12.262 0 -32.599 -7.345 1.7 -32.782 -7.495 
3 16 1.4 -33.708 -12.262 1.7 -32.782 -7.495 3.23 -34.591 -12.054 
3 16 3.23 -34.591 -12.054 1.7 -32.782 -7.495 3.647 -33.824 -8.151 
3 16 3.647 -33.824 -8.151 5.683 -37.835 -9.891 3.23 -34.591 -12.054 
3 16 4.125 -37.441 -13.539 3.23 -34.591 -12.054 5.683 -37.835 -9.891 
3 16 2.679 -42.629 -11.267 0 -42.826 -11.441 1.508 -40.586 -14.822 
3 16 0 -42.826 -11.441 0 -40.693 -14.947 1.508 -40.586 -14.822 
3 16 5.259 -40.899 -10.508 2.679 -42.629 -11.267 3.506 -40.58 -13.947 
3 16 1.508 -40.586 -14.822 3.506 -40.58 -13.947 2.679 -42.629 -11.267 
3 16 1.964 -37.389 -14.594 1.508 -40.586 -14.822 0 -37.408 -14.902 
3 16 1.508 -40.586 -14.822 0 -40.693 -14.947 0 -37.408 -14.902 
3 16 4.125 -37.441 -13.539 3.506 -40.58 -13.947 1.964 -37.389 -14.594 
3 16 3.506 -40.58 -13.947 1.508 -40.586 -14.822 1.964 -37.389 -14.594 
3 16 3.506 -40.58 -13.947 4.125 -37.441 -13.539 5.259 -40.899 -10.508 
3 16 5.259 -40.899 -10.508 4.125 -37.441 -13.539 5.683 -37.835 -9.891 
2 24 -1.7 -32.782 -7.495 0 -32.599 -7.345 
2 24 -3.647 -33.824 -8.151 -1.7 -32.782 -7.495 
2 24 -5.683 -37.835 -9.891 -3.647 -33.824 -8.151 
2 24 0 -42.826 -11.441 -2.679 -42.629 -11.267 
2 24 -2.679 -42.629 -11.267 -5.259 -40.899 -10.508 
2 24 -5.259 -40.899 -10.508 -5.683 -37.835 -9.891 
2 24 0 -32.599 -7.345 1.7 -32.782 -7.495 
2 24 1.7 -32.782 -7.495 3.647 -33.824 -8.151 
2 24 3.647 -33.824 -8.151 5.683 -37.835 -9.891 
2 24 2.679 -42.629 -11.267 0 -42.826 -11.441 
2 24 5.259 -40.899 -10.508 2.679 -42.629 -11.267 
2 24 5.683 -37.835 -9.891 5.259 -40.899 -10.508 

0 // Stud4
3 16 0 -27.496 -4.099 -2.049 -27.496 -3.55 0 -44.976 -4.099 
3 16 0 -44.976 -4.099 -2.049 -27.496 -3.55 -2.049 -44.976 -3.55 
3 16 0 -27.496 -4.099 0 -44.976 -4.099 2.049 -27.496 -3.55 
3 16 0 -44.976 -4.099 2.049 -44.976 -3.55 2.049 -27.496 -3.55 
2 24 0 -27.496 -4.099 -2.049 -27.496 -3.55 
2 24 -2.049 -27.496 -3.55 -2.049 -44.976 -3.55 
2 24 -2.049 -44.976 -3.55 0 -44.976 -4.099 
2 24 2.049 -27.496 -3.55 0 -27.496 -4.099 
2 24 0 -44.976 -4.099 2.049 -44.976 -3.55 
2 24 2.049 -44.976 -3.55 2.049 -27.496 -3.55 

0 // Outside
3 16 -2.679 -42.629 -11.267 0 -42.826 -11.441 -2.323 -46.766 -9.915 
3 16 -2.323 -46.766 -9.915 0 -42.826 -11.441 0 -46.766 -9.969 
3 16 -5.259 -40.899 -10.508 -2.679 -42.629 -11.267 -4.823 -46.917 -9.418 
3 16 -4.823 -46.917 -9.418 -2.679 -42.629 -11.267 -2.323 -46.766 -9.915 
3 16 -4.823 -46.917 -9.418 -7.212 -47.11 -7.998 -5.259 -40.899 -10.508 
3 16 -7.579 -37.767 -8.029 -5.683 -37.835 -9.891 -8.043 -43.693 -8.336 
3 16 -7.212 -47.11 -7.998 -8.043 -43.693 -8.336 -5.259 -40.899 -10.508 
3 16 -5.259 -40.899 -10.508 -8.043 -43.693 -8.336 -5.683 -37.835 -9.891 
3 16 2.679 -42.629 -11.267 2.323 -46.766 -9.915 0 -42.826 -11.441 
3 16 2.323 -46.766 -9.915 0 -46.766 -9.969 0 -42.826 -11.441 
3 16 5.259 -40.899 -10.508 4.823 -46.917 -9.418 2.679 -42.629 -11.267 
3 16 4.823 -46.917 -9.418 2.323 -46.766 -9.915 2.679 -42.629 -11.267 
3 16 4.823 -46.917 -9.418 5.259 -40.899 -10.508 7.212 -47.11 -7.998 
3 16 7.579 -37.767 -8.029 8.043 -43.693 -8.336 5.683 -37.835 -9.891 
3 16 7.212 -47.11 -7.998 5.259 -40.899 -10.508 8.043 -43.693 -8.336 
3 16 5.259 -40.899 -10.508 5.683 -37.835 -9.891 8.043 -43.693 -8.336 
2 24 -2.679 -42.629 -11.267 0 -42.826 -11.441 
2 24 0 -46.766 -9.969 -2.323 -46.766 -9.915 
2 24 -5.259 -40.899 -10.508 -2.679 -42.629 -11.267 
2 24 -2.323 -46.766 -9.915 -4.823 -46.917 -9.418 
2 24 -4.823 -46.917 -9.418 -7.212 -47.11 -7.998 
2 24 -7.579 -37.767 -8.029 -5.683 -37.835 -9.891 
2 24 -8.043 -43.693 -8.336 -7.579 -37.767 -8.029 
2 24 -7.212 -47.11 -7.998 -8.043 -43.693 -8.336 
2 24 -5.683 -37.835 -9.891 -5.259 -40.899 -10.508 
2 24 0 -42.826 -11.441 2.679 -42.629 -11.267 
2 24 2.323 -46.766 -9.915 0 -46.766 -9.969 
2 24 2.679 -42.629 -11.267 5.259 -40.899 -10.508 
2 24 4.823 -46.917 -9.418 2.323 -46.766 -9.915 
2 24 7.212 -47.11 -7.998 4.823 -46.917 -9.418 
2 24 7.579 -37.767 -8.029 8.043 -43.693 -8.336 
2 24 5.683 -37.835 -9.891 7.579 -37.767 -8.029 
2 24 8.043 -43.693 -8.336 7.212 -47.11 -7.998 
2 24 5.259 -40.899 -10.508 5.683 -37.835 -9.891 

0 // Outside
3 16 -2.181 -25.251 -8.39 -5.657 -25.735 -6.981 -2.786 -20.96 -9.608 
3 16 -5.657 -25.735 -6.981 -7.316 -22.243 -7.565 -2.786 -20.96 -9.608 
3 16 0 -24.983 -8.684 -2.181 -25.251 -8.39 0 -20.181 -10.153 
3 16 -2.786 -20.96 -9.608 0 -20.181 -10.153 -2.181 -25.251 -8.39 
3 16 -4.483 -29.194 -5.862 -1.471 -29.304 -6.88 -3.798 -31.233 -4.995 
3 16 -3.798 -31.233 -4.995 -1.471 -29.304 -6.88 0 -31.416 -6.133 
3 16 0 -31.416 -6.133 -1.471 -29.304 -6.88 0 -29.295 -7.017 
3 16 0 -29.295 -7.017 -1.471 -29.304 -6.88 0 -24.983 -8.684 
3 16 -1.471 -29.304 -6.88 -2.181 -25.251 -8.39 0 -24.983 -8.684 
3 16 -1.471 -29.304 -6.88 -4.483 -29.194 -5.862 -2.181 -25.251 -8.39 
3 16 -5.657 -25.735 -6.981 -2.181 -25.251 -8.39 -4.483 -29.194 -5.862 
3 16 -3.334 -16.948 -10.25 0 -16.377 -10.681 -2.786 -20.96 -9.608 
3 16 -2.786 -20.96 -9.608 0 -16.377 -10.681 0 -20.181 -10.153 
3 16 -2.786 -20.96 -9.608 -7.316 -22.243 -7.565 -3.334 -16.948 -10.25 
3 16 -7.316 -22.243 -7.565 -7.986 -19.34 -7.902 -3.334 -16.948 -10.25 
3 16 0 -16.377 -10.681 -3.334 -16.948 -10.25 0 -12.223 -10.327 
3 16 -4.143 -12.981 -9.817 0 -12.223 -10.327 -3.334 -16.948 -10.25 
3 16 -7.986 -19.34 -7.902 -7.871 -16.985 -8.164 -3.334 -16.948 -10.25 
3 16 -7.871 -16.985 -8.164 -6.62 -14.978 -9.03 -3.334 -16.948 -10.25 
3 16 -3.334 -16.948 -10.25 -6.62 -14.978 -9.03 -4.143 -12.981 -9.817 
3 16 2.181 -25.251 -8.39 2.786 -20.96 -9.608 5.657 -25.735 -6.981 
3 16 5.657 -25.735 -6.981 2.786 -20.96 -9.608 7.316 -22.243 -7.565 
3 16 0 -24.983 -8.684 0 -20.181 -10.153 2.181 -25.251 -8.39 
3 16 2.786 -20.96 -9.608 2.181 -25.251 -8.39 0 -20.181 -10.153 
3 16 4.483 -29.194 -5.862 3.798 -31.233 -4.995 1.471 -29.304 -6.88 
3 16 3.798 -31.233 -4.995 0 -31.416 -6.133 1.471 -29.304 -6.88 
3 16 0 -31.416 -6.133 0 -29.295 -7.017 1.471 -29.304 -6.88 
3 16 0 -29.295 -7.017 0 -24.983 -8.684 1.471 -29.304 -6.88 
3 16 1.471 -29.304 -6.88 0 -24.983 -8.684 2.181 -25.251 -8.39 
3 16 1.471 -29.304 -6.88 2.181 -25.251 -8.39 4.483 -29.194 -5.862 
3 16 5.657 -25.735 -6.981 4.483 -29.194 -5.862 2.181 -25.251 -8.39 
3 16 3.334 -16.948 -10.25 2.786 -20.96 -9.608 0 -16.377 -10.681 
3 16 2.786 -20.96 -9.608 0 -20.181 -10.153 0 -16.377 -10.681 
3 16 2.786 -20.96 -9.608 3.334 -16.948 -10.25 7.316 -22.243 -7.565 
3 16 7.316 -22.243 -7.565 3.334 -16.948 -10.25 7.986 -19.34 -7.902 
3 16 0 -16.377 -10.681 0 -12.223 -10.327 3.334 -16.948 -10.25 
3 16 4.143 -12.981 -9.817 3.334 -16.948 -10.25 0 -12.223 -10.327 
3 16 7.986 -19.34 -7.902 3.334 -16.948 -10.25 7.871 -16.985 -8.164 
3 16 7.871 -16.985 -8.164 3.334 -16.948 -10.25 6.62 -14.978 -9.03 
3 16 3.334 -16.948 -10.25 4.143 -12.981 -9.817 6.62 -14.978 -9.03 
2 24 -5.657 -25.735 -6.981 -7.316 -22.243 -7.565 
2 24 -3.798 -31.233 -4.995 -4.483 -29.194 -5.862 
2 24 0 -31.416 -6.133 -3.798 -31.233 -4.995 
2 24 -4.483 -29.194 -5.862 -5.657 -25.735 -6.981 
2 24 -7.316 -22.243 -7.565 -7.986 -19.34 -7.902 
2 24 -4.143 -12.981 -9.817 0 -12.223 -10.327 
2 24 -7.986 -19.34 -7.902 -7.871 -16.985 -8.164 
2 24 -7.871 -16.985 -8.164 -6.62 -14.978 -9.03 
2 24 -6.62 -14.978 -9.03 -4.143 -12.981 -9.817 
2 24 7.316 -22.243 -7.565 5.657 -25.735 -6.981 
2 24 4.483 -29.194 -5.862 3.798 -31.233 -4.995 
2 24 3.798 -31.233 -4.995 0 -31.416 -6.133 
2 24 5.657 -25.735 -6.981 4.483 -29.194 -5.862 
2 24 7.986 -19.34 -7.902 7.316 -22.243 -7.565 
2 24 0 -12.223 -10.327 4.143 -12.981 -9.817 
2 24 7.871 -16.985 -8.164 7.986 -19.34 -7.902 
2 24 6.62 -14.978 -9.03 7.871 -16.985 -8.164 
2 24 4.143 -12.981 -9.817 6.62 -14.978 -9.03 

