0 MINI FIGURE WIG NO. 51 (Needs Work)
0 Name: 13251.dat
0 Author: <AuthorRealName> [<AuthorLDrawName>]
0 !LDRAW_ORG Unofficial_Part
0 !LICENSE Redistributable under CCAL version 2.0 : see CAreadme.txt

0 BFC CERTIFY CCW

0 !HISTORY 2013-08-14 {LEGO Digital Designer} Original part shape
0 !HISTORY 2013-08-14 [<AuthorLDrawName>] File preparation for LDraw Parts Tracker

0 // Needs Work: Clean necessary

0 // Outside
3 16 4.067 0 7.044 4.129 -1.592 7.152 7.044 0 4.067 
3 16 7.044 0 4.067 4.129 -1.592 7.152 7.152 -1.592 4.129 
3 16 0 0 8.134 0 -1.592 8.259 4.067 0 7.044 
3 16 4.067 0 7.044 0 -1.592 8.259 4.129 -1.592 7.152 
3 16 4.067 0 -7.007 4.129 -1.592 -7.152 0 0 -8.134 
3 16 0 0 -8.134 4.129 -1.592 -7.152 0 -1.592 -8.259 
3 16 4.129 -1.592 -7.152 4.067 0 -7.007 7.152 -1.592 -4.129 
3 16 7.044 0 -4.067 7.152 -1.592 -4.129 4.067 0 -7.007 
3 16 8.134 0 0 8.259 -1.592 0 7.044 0 -4.067 
3 16 7.044 0 -4.067 8.259 -1.592 0 7.152 -1.592 -4.129 
3 16 7.044 0 4.067 7.152 -1.592 4.129 8.134 0 0 
3 16 8.134 0 0 7.152 -1.592 4.129 8.259 -1.592 0 
3 16 10.739 4.613 -7.762 5.731 2.114 -11.057 7.593 -1.726 -4.384 
3 16 5.731 2.114 -11.057 4.384 -1.726 -7.593 7.593 -1.726 -4.384 
3 16 12.316 4.619 -4.244 10.739 4.613 -7.762 7.593 -1.726 -4.384 
3 16 7.593 -1.726 -4.384 8.768 -1.726 0 12.316 4.619 -4.244 
3 16 13.008 4.615 0.001 12.316 4.619 -4.244 8.768 -1.726 0 
3 16 7.593 -1.726 4.384 12.565 4.614 3.392 8.768 -1.726 0 
3 16 12.565 4.614 3.392 13.008 4.615 0.001 8.768 -1.726 0 
3 16 12.565 4.614 3.392 7.593 -1.726 4.384 9.153 4.624 9.225 
3 16 7.593 -1.726 4.384 4.384 -1.726 7.593 9.153 4.624 9.225 
3 16 6.468 4.629 11.301 9.153 4.624 9.225 4.384 -1.726 7.593 
3 16 0 -1.726 8.768 3.721 5.048 12.745 4.384 -1.726 7.593 
3 16 3.721 5.048 12.745 6.468 4.629 11.301 4.384 -1.726 7.593 
3 16 12.565 4.614 3.392 12.779 7.971 2.721 13.008 4.615 0.001 
3 16 12.779 7.971 2.721 13.116 7.387 0.509 13.008 4.615 0.001 
3 16 1.393 5.352 17.634 2.561 6.109 16.844 1.938 4.457 13.286 
3 16 3.721 5.048 12.745 1.938 4.457 13.286 2.561 6.109 16.844 
3 16 0 4.317 13.417 0 5.201 17.913 1.938 4.457 13.286 
3 16 1.938 4.457 13.286 0 5.201 17.913 1.393 5.352 17.634 
3 16 1.242 6.155 20.355 2.561 6.109 16.844 1.393 5.352 17.634 
3 16 0 5.201 17.913 0 6.302 20.771 1.393 5.352 17.634 
3 16 1.393 5.352 17.634 0 6.302 20.771 1.242 6.155 20.355 
3 16 4.249 17.817 12.779 4.094 12.349 12.931 3.689 17.11 14.497 
3 16 3.463 18.073 16.863 3.689 17.11 14.497 3.332 12.365 17.195 
3 16 3.332 12.365 17.195 3.689 17.11 14.497 4.094 12.349 12.931 
3 16 1.565 12.365 20.836 1.834 18.204 20.869 3.332 12.365 17.195 
3 16 1.834 18.204 20.869 3.463 18.073 16.863 3.332 12.365 17.195 
3 16 0 12.366 21.263 0 18.095 21.266 1.565 12.365 20.836 
3 16 0 18.095 21.266 1.834 18.204 20.869 1.565 12.365 20.836 
3 16 11.87 11.756 5.441 9.301 11.524 9.082 9.81 16.401 8.635 
3 16 0 18.095 21.266 0 18.743 21.34 1.834 18.204 20.869 
3 16 1.508 1.323 -11.556 1.629 0.373 -12.168 0.128 1.073 -11.355 
3 16 0.128 1.073 -11.355 1.629 0.373 -12.168 0.059 0.259 -11.962 
3 16 10.739 4.613 -7.762 11.592 4.008 -8.068 5.731 2.114 -11.057 
3 16 11.592 4.008 -8.068 6.407 1.359 -11.405 5.731 2.114 -11.057 
3 16 14.775 7.202 0.434 13.116 7.387 0.509 14.394 7.852 3.118 
3 16 12.779 7.971 2.721 14.394 7.852 3.118 13.116 7.387 0.509 
3 16 3.689 17.11 14.497 4.219 17.193 14.536 4.249 17.817 12.779 
3 16 4.219 17.193 14.536 4.829 17.997 13.168 4.249 17.817 12.779 
3 16 3.463 18.073 16.863 3.971 18.153 16.793 3.689 17.11 14.497 
3 16 3.971 18.153 16.793 4.219 17.193 14.536 3.689 17.11 14.497 
3 16 3.971 18.153 16.793 3.463 18.073 16.863 3.38 18.294 19.777 
3 16 3.463 18.073 16.863 1.834 18.204 20.869 3.38 18.294 19.777 
3 16 2.253 18.261 21.186 3.38 18.294 19.777 1.834 18.204 20.869 
3 16 12.906 11.732 5.823 11.87 11.756 5.441 10.483 16.376 9.115 
3 16 11.87 11.756 5.441 9.81 16.401 8.635 10.483 16.376 9.115 
3 16 2.253 18.261 21.186 1.834 18.204 20.869 0.003 18.92 21.952 
3 16 1.834 18.204 20.869 0 18.743 21.34 0.003 18.92 21.952 
3 16 14.394 7.852 3.118 12.779 7.971 2.721 12.906 11.732 5.823 
3 16 11.87 11.756 5.441 12.906 11.732 5.823 12.779 7.971 2.721 
3 16 9.301 11.524 9.082 11.87 11.756 5.441 9.153 4.624 9.225 
3 16 11.87 11.756 5.441 12.779 7.971 2.721 9.153 4.624 9.225 
3 16 12.779 7.971 2.721 12.565 4.614 3.392 9.153 4.624 9.225 
3 16 9.301 11.524 9.082 9.153 4.624 9.225 4.094 12.349 12.931 
3 16 9.153 4.624 9.225 6.468 4.629 11.301 4.094 12.349 12.931 
3 16 6.468 4.629 11.301 3.721 5.048 12.745 4.094 12.349 12.931 
3 16 4.094 12.349 12.931 3.721 5.048 12.745 3.332 12.365 17.195 
3 16 3.721 5.048 12.745 2.561 6.109 16.844 3.332 12.365 17.195 
3 16 1.242 6.155 20.355 1.565 12.365 20.836 2.561 6.109 16.844 
3 16 1.565 12.365 20.836 3.332 12.365 17.195 2.561 6.109 16.844 
3 16 1.565 12.365 20.836 1.242 6.155 20.355 0 12.366 21.263 
3 16 0 6.302 20.771 0 12.366 21.263 1.242 6.155 20.355 
3 16 -7.044 0 4.067 -7.152 -1.592 4.129 -4.067 0 7.044 
3 16 -4.129 -1.592 7.152 -4.067 0 7.044 -7.152 -1.592 4.129 
3 16 -4.067 0 7.044 -4.129 -1.592 7.152 0 0 8.134 
3 16 0 -1.592 8.259 0 0 8.134 -4.129 -1.592 7.152 
3 16 0 0 -8.134 0 -1.592 -8.259 -4.067 0 -7.044 
3 16 -4.129 -1.592 -7.152 -4.067 0 -7.044 0 -1.592 -8.259 
3 16 -4.067 0 -7.044 -4.129 -1.592 -7.152 -7.044 0 -4.067 
3 16 -7.152 -1.592 -4.129 -7.044 0 -4.067 -4.129 -1.592 -7.152 
3 16 -7.044 0 -4.067 -7.152 -1.592 -4.129 -8.134 0 0 
3 16 -8.259 -1.592 0 -8.134 0 0 -7.152 -1.592 -4.129 
3 16 -8.134 0 0 -8.259 -1.592 0 -7.044 0 4.067 
3 16 -7.152 -1.592 4.129 -7.044 0 4.067 -8.259 -1.592 0 
3 16 -9.153 4.624 9.225 -7.593 -1.726 4.384 -12.565 4.614 3.392 
3 16 -7.593 -1.726 4.384 -9.153 4.624 9.225 -4.384 -1.726 7.593 
3 16 -4.384 -1.726 7.593 -9.153 4.624 9.225 -6.468 4.629 11.301 
3 16 0 -1.726 8.768 -4.384 -1.726 7.593 -3.721 5.048 12.745 
3 16 -4.384 -1.726 7.593 -6.468 4.629 11.301 -3.721 5.048 12.745 
3 16 -5.728 2.142 -10.975 -4.384 -1.726 -7.593 -0.968 1.394 -11.63 
3 16 0.128 1.073 -11.355 -0.968 1.394 -11.63 0 -1.726 -8.768 
3 16 -4.384 -1.726 -7.593 0 -1.726 -8.768 -0.968 1.394 -11.63 
3 16 -10.739 4.613 -7.762 -7.593 -1.726 -4.384 -5.728 2.142 -10.975 
3 16 -7.593 -1.726 -4.384 -4.384 -1.726 -7.593 -5.728 2.142 -10.975 
3 16 -7.593 -1.726 -4.384 -10.739 4.613 -7.762 -12.316 4.619 -4.244 
3 16 -7.593 -1.726 -4.384 -12.316 4.619 -4.244 -8.768 -1.726 0 
3 16 -8.768 -1.726 0 -12.316 4.619 -4.244 -13.008 4.615 0.001 
3 16 -7.593 -1.726 4.384 -8.768 -1.726 0 -12.565 4.614 3.392 
3 16 -8.768 -1.726 0 -13.008 4.615 0.001 -12.565 4.614 3.392 
3 16 -9.301 11.524 9.082 -9.153 4.624 9.225 -11.87 11.756 5.441 
3 16 -11.87 11.756 5.441 -9.153 4.624 9.225 -12.779 7.971 2.721 
3 16 -9.153 4.624 9.225 -12.565 4.614 3.392 -12.779 7.971 2.721 
3 16 -9.301 11.524 9.082 -4.118 12.349 12.899 -9.153 4.624 9.225 
3 16 -9.153 4.624 9.225 -4.118 12.349 12.899 -6.468 4.629 11.301 
3 16 -4.118 12.349 12.899 -3.721 5.048 12.745 -6.468 4.629 11.301 
3 16 -12.316 4.619 -4.244 -10.739 4.613 -7.762 -12.341 7.564 -4.572 
3 16 -13.008 4.615 0.001 -13.116 7.387 0.509 -12.565 4.614 3.392 
3 16 -12.565 4.614 3.392 -13.116 7.387 0.509 -12.779 7.971 2.721 
3 16 -3.721 5.048 12.745 -4.118 12.349 12.899 -2.561 6.109 16.844 
3 16 -2.561 6.109 16.844 -4.118 12.349 12.899 -3.332 12.365 17.195 
3 16 -1.565 12.365 20.836 -1.242 6.155 20.355 -3.332 12.365 17.195 
3 16 -3.332 12.365 17.195 -1.242 6.155 20.355 -2.561 6.109 16.844 
3 16 -1.393 5.352 17.634 -1.938 4.457 13.286 -2.561 6.109 16.844 
3 16 -2.561 6.109 16.844 -1.938 4.457 13.286 -3.721 5.048 12.745 
3 16 -1.242 6.155 20.355 -1.565 12.365 20.836 0 6.302 20.771 
3 16 0 12.366 21.263 0 6.302 20.771 -1.565 12.365 20.836 
3 16 0 5.201 17.913 0 4.317 13.417 -1.393 5.352 17.634 
3 16 0 4.317 13.417 -1.938 4.457 13.286 -1.393 5.352 17.634 
3 16 -1.242 6.155 20.355 -1.393 5.352 17.634 -2.561 6.109 16.844 
3 16 0 6.302 20.771 0 5.201 17.913 -1.242 6.155 20.355 
3 16 0 5.201 17.913 -1.393 5.352 17.634 -1.242 6.155 20.355 
3 16 -10.014 16.317 8.454 -9.301 11.524 9.082 -11.87 11.756 5.441 
3 16 -4.285 17.899 12.872 -4.118 12.349 12.899 -6.774 17.645 11.265 
3 16 -4.118 12.349 12.899 -9.301 11.524 9.082 -6.774 17.645 11.265 
3 16 -9.301 11.524 9.082 -10.014 16.317 8.454 -6.774 17.645 11.265 
3 16 -4.285 17.899 12.872 -3.574 17.292 14.399 -4.118 12.349 12.899 
3 16 -3.387 18.333 17.035 -3.332 12.365 17.195 -3.574 17.292 14.399 
3 16 -4.118 12.349 12.899 -3.574 17.292 14.399 -3.332 12.365 17.195 
3 16 -3.332 12.365 17.195 -3.387 18.333 17.035 -1.565 12.365 20.836 
3 16 -1.824 18.237 20.831 -1.565 12.365 20.836 -3.387 18.333 17.035 
3 16 -1.565 12.365 20.836 -1.824 18.237 20.831 0 12.366 21.263 
3 16 0 18.095 21.266 0 12.366 21.263 -1.824 18.237 20.831 
3 16 -3.721 5.048 12.745 -1.938 4.457 13.286 0 -1.726 8.768 
3 16 0 -1.726 8.768 -1.938 4.457 13.286 0 4.317 13.417 
3 16 0 18.095 21.266 -1.824 18.237 20.831 0 18.743 21.34 
3 16 -1.133 0.227 -12.349 -0.968 1.394 -11.63 0.059 0.259 -11.962 
3 16 -0.968 1.394 -11.63 0.128 1.073 -11.355 0.059 0.259 -11.962 
3 16 -6.441 1.083 -11.361 -5.728 2.142 -10.975 -1.133 0.227 -12.349 
3 16 -5.728 2.142 -10.975 -0.968 1.394 -11.63 -1.133 0.227 -12.349 
3 16 -11.678 3.817 -8.057 -10.739 4.613 -7.762 -6.441 1.083 -11.361 
3 16 -10.739 4.613 -7.762 -5.728 2.142 -10.975 -6.441 1.083 -11.361 
3 16 -10.739 4.613 -7.762 -11.678 3.817 -8.057 -12.341 7.564 -4.572 
3 16 -11.678 3.817 -8.057 -13.476 7.397 -4.656 -12.341 7.564 -4.572 
3 16 -14.755 7.203 0.551 -13.116 7.387 0.509 -14.463 7.693 -1.493 
3 16 -13.116 7.387 0.509 -13.077 7.98 -1.319 -14.463 7.693 -1.493 
3 16 -13.116 7.387 0.509 -14.755 7.203 0.551 -12.779 7.971 2.721 
3 16 -14.42 7.841 3.131 -12.779 7.971 2.721 -14.755 7.203 0.551 
3 16 -10.829 16.075 8.869 -10.014 16.317 8.454 -13.027 11.725 6.029 
3 16 -13.027 11.725 6.029 -10.014 16.317 8.454 -11.87 11.756 5.441 
3 16 -4.134 17.596 14.205 -3.574 17.292 14.399 -4.592 18.01 13.251 
3 16 -3.574 17.292 14.399 -4.285 17.899 12.872 -4.592 18.01 13.251 
3 16 -2.06 18.355 21.458 -1.824 18.237 20.831 -3.408 17.993 19.917 
3 16 -3.816 18.609 17.214 -3.408 17.993 19.917 -3.387 18.333 17.035 
3 16 -3.408 17.993 19.917 -1.824 18.237 20.831 -3.387 18.333 17.035 
3 16 -3.816 18.609 17.214 -3.387 18.333 17.035 -4.134 17.596 14.205 
3 16 -3.387 18.333 17.035 -3.574 17.292 14.399 -4.134 17.596 14.205 
3 16 -12.779 7.971 2.721 -14.42 7.841 3.131 -11.87 11.756 5.441 
3 16 -11.87 11.756 5.441 -14.42 7.841 3.131 -13.027 11.725 6.029 
3 16 0.003 18.92 21.952 0 18.743 21.34 -2.06 18.355 21.458 
3 16 0 18.743 21.34 -1.824 18.237 20.831 -2.06 18.355 21.458 
3 16 3.721 5.048 12.745 0 -1.726 8.768 1.938 4.457 13.286 
3 16 0 4.317 13.417 1.938 4.457 13.286 0 -1.726 8.768 
3 16 0.086 -1.152 -11.571 0.059 0.259 -11.962 1.536 -0.518 -12.102 
3 16 1.629 0.373 -12.168 1.536 -0.518 -12.102 0.059 0.259 -11.962 
3 16 11.592 4.008 -8.068 11.958 2.459 -7.936 6.407 1.359 -11.405 
3 16 6.618 0.285 -11.25 6.407 1.359 -11.405 11.958 2.459 -7.936 
3 16 14.714 4.165 -3.089 11.958 2.459 -7.936 13.661 8.686 -3.057 
3 16 11.958 2.459 -7.936 11.592 4.008 -8.068 13.661 8.686 -3.057 
3 16 -1.223 -1.687 -11.66 -1.133 0.227 -12.349 0.086 -1.152 -11.571 
3 16 0.059 0.259 -11.962 0.086 -1.152 -11.571 -1.133 0.227 -12.349 
3 16 -1.133 0.227 -12.349 -1.223 -1.687 -11.66 -6.441 1.083 -11.361 
3 16 -1.223 -1.687 -11.66 -6.579 -0.674 -11.024 -6.441 1.083 -11.361 
3 16 -6.441 1.083 -11.361 -6.579 -0.674 -11.024 -11.678 3.817 -8.057 
3 16 -6.579 -0.674 -11.024 -12.185 1.928 -7.659 -11.678 3.817 -8.057 
3 16 -11.678 3.817 -8.057 -12.185 1.928 -7.659 -13.476 7.397 -4.656 
3 16 -12.185 1.928 -7.659 -14.773 5.1 -3.132 -13.476 7.397 -4.656 
3 16 1.536 -0.518 -12.102 1.629 0.373 -12.168 6.618 0.285 -11.25 
3 16 1.629 0.373 -12.168 6.407 1.359 -11.405 6.618 0.285 -11.25 
3 16 5.731 2.114 -11.057 6.407 1.359 -11.405 1.508 1.323 -11.556 
3 16 6.407 1.359 -11.405 1.629 0.373 -12.168 1.508 1.323 -11.556 
3 16 -12.185 1.928 -7.659 -11.847 0.534 -6.596 -14.773 5.1 -3.132 
3 16 -11.847 0.534 -6.596 -14.661 3.742 -2.125 -14.773 5.1 -3.132 
3 16 -6.579 -0.674 -11.024 -6.284 -1.866 -9.967 -12.185 1.928 -7.659 
3 16 -11.847 0.534 -6.596 -12.185 1.928 -7.659 -6.284 -1.866 -9.967 
3 16 -6.284 -1.866 -9.967 -6.579 -0.674 -11.024 -0.934 -2.835 -10.769 
3 16 -0.934 -2.835 -10.769 -6.579 -0.674 -11.024 -1.223 -1.687 -11.66 
3 16 -1.223 -1.687 -11.66 0.086 -1.152 -11.571 -0.934 -2.835 -10.769 
3 16 0.086 -1.152 -11.571 0.181 -2.513 -10.787 -0.934 -2.835 -10.769 
3 16 0.181 -2.513 -10.787 0.086 -1.152 -11.571 1.337 -2.572 -11.122 
3 16 1.438 -1.487 -11.397 1.337 -2.572 -11.122 0.086 -1.152 -11.571 
3 16 1.337 -2.572 -11.122 1.438 -1.487 -11.397 6.8 -1.695 -10.393 
3 16 1.438 -1.487 -11.397 6.646 -0.662 -10.673 6.8 -1.695 -10.393 
3 16 11.974 1.785 -7.5 12.174 0.755 -7.225 6.646 -0.662 -10.673 
3 16 12.174 0.755 -7.225 6.8 -1.695 -10.393 6.646 -0.662 -10.673 
3 16 14.818 2.917 -1.736 12.174 0.755 -7.225 14.714 4.165 -3.089 
3 16 12.174 0.755 -7.225 11.974 1.785 -7.5 14.714 4.165 -3.089 
3 16 1.536 -0.518 -12.102 1.438 -1.487 -11.397 0.086 -1.152 -11.571 
3 16 6.618 0.285 -11.25 6.646 -0.662 -10.673 1.536 -0.518 -12.102 
3 16 6.646 -0.662 -10.673 1.438 -1.487 -11.397 1.536 -0.518 -12.102 
3 16 6.646 -0.662 -10.673 6.618 0.285 -11.25 11.974 1.785 -7.5 
3 16 11.974 1.785 -7.5 6.618 0.285 -11.25 11.958 2.459 -7.936 
3 16 14.714 4.165 -3.089 11.974 1.785 -7.5 11.958 2.459 -7.936 
3 16 -0.934 -2.835 -10.769 -1.024 -3.673 -10.33 -6.284 -1.866 -9.967 
3 16 -1.024 -3.673 -10.33 -6.528 -2.801 -9.776 -6.284 -1.866 -9.967 
3 16 -11.814 -0.468 -6.364 -11.847 0.534 -6.596 -6.528 -2.801 -9.776 
3 16 -6.528 -2.801 -9.776 -11.847 0.534 -6.596 -6.284 -1.866 -9.967 
3 16 -14.911 3.03 -1.633 -14.661 3.742 -2.125 -11.814 -0.468 -6.364 
3 16 -14.661 3.742 -2.125 -11.847 0.534 -6.596 -11.814 -0.468 -6.364 
3 16 1.337 -2.572 -11.122 1.461 -4.427 -9.272 0.181 -2.513 -10.787 
3 16 1.461 -4.427 -9.272 0.142 -3.923 -9.544 0.181 -2.513 -10.787 
3 16 12.174 0.755 -7.225 12.184 -1.233 -4.954 6.8 -1.695 -10.393 
3 16 12.184 -1.233 -4.954 6.733 -3.902 -8.32 6.8 -1.695 -10.393 
3 16 12.184 -1.233 -4.954 12.174 0.755 -7.225 14.404 1.239 0.174 
3 16 12.174 0.755 -7.225 14.818 2.917 -1.736 14.404 1.239 0.174 
3 16 0.142 -3.923 -9.544 -1.024 -3.673 -10.33 0.181 -2.513 -10.787 
3 16 0.181 -2.513 -10.787 -1.024 -3.673 -10.33 -0.934 -2.835 -10.769 
3 16 6.8 -1.695 -10.393 6.733 -3.902 -8.32 1.337 -2.572 -11.122 
3 16 1.461 -4.427 -9.272 1.337 -2.572 -11.122 6.733 -3.902 -8.32 
3 16 6.555 -4.298 -7.455 6.733 -3.902 -8.32 11.968 -1.57 -4.221 
3 16 11.968 -1.57 -4.221 6.733 -3.902 -8.32 12.184 -1.233 -4.954 
3 16 12.184 -1.233 -4.954 14.404 1.239 0.174 11.968 -1.57 -4.221 
3 16 11.968 -1.57 -4.221 14.404 1.239 0.174 13.916 0.572 1.136 
3 16 6.733 -3.902 -8.32 6.555 -4.298 -7.455 1.461 -4.427 -9.272 
3 16 6.555 -4.298 -7.455 0.582 -4.951 -8.416 1.461 -4.427 -9.272 
3 16 -11.814 -0.468 -6.364 -11.63 -1.91 -5.083 -14.911 3.03 -1.633 
3 16 -14.911 3.03 -1.633 -11.63 -1.91 -5.083 -14.811 2.277 -1.138 
3 16 -6.528 -2.801 -9.776 -6.499 -4.598 -7.693 -11.814 -0.468 -6.364 
3 16 -6.499 -4.598 -7.693 -11.63 -1.91 -5.083 -11.814 -0.468 -6.364 
3 16 -1.024 -3.673 -10.33 -0.98 -5.909 -7.651 -6.528 -2.801 -9.776 
3 16 -0.98 -5.909 -7.651 -6.499 -4.598 -7.693 -6.528 -2.801 -9.776 
3 16 -1.024 -3.673 -10.33 0.142 -3.923 -9.544 -0.98 -5.909 -7.651 
3 16 0.069 -5.961 -6.851 -0.98 -5.909 -7.651 0.142 -3.923 -9.544 
3 16 1.461 -4.427 -9.272 0.582 -4.951 -8.416 0.142 -3.923 -9.544 
3 16 0.142 -3.923 -9.544 0.582 -4.951 -8.416 0.069 -5.961 -6.851 
3 16 0.582 -4.951 -8.416 1.375 -5.882 -7.664 0.069 -5.961 -6.851 
3 16 6.555 -4.298 -7.455 6.605 -5.133 -6.691 0.582 -4.951 -8.416 
3 16 1.375 -5.882 -7.664 0.582 -4.951 -8.416 6.605 -5.133 -6.691 
3 16 6.605 -5.133 -6.691 6.555 -4.298 -7.455 11.935 -2.396 -3.645 
3 16 11.935 -2.396 -3.645 6.555 -4.298 -7.455 11.968 -1.57 -4.221 
3 16 11.968 -1.57 -4.221 13.916 0.572 1.136 11.935 -2.396 -3.645 
3 16 11.935 -2.396 -3.645 13.916 0.572 1.136 13.735 0.149 1.462 
3 16 -0.98 -5.909 -7.651 -1.015 -6.136 -7.024 -6.499 -4.598 -7.693 
3 16 -6.325 -4.639 -6.578 -6.499 -4.598 -7.693 -1.015 -6.136 -7.024 
3 16 -6.499 -4.598 -7.693 -6.325 -4.639 -6.578 -11.63 -1.91 -5.083 
3 16 -11.261 -2.19 -4.273 -11.63 -1.91 -5.083 -6.325 -4.639 -6.578 
3 16 -1.248 -6.466 -6.603 -1.015 -6.136 -7.024 0.069 -5.961 -6.851 
3 16 0.069 -5.961 -6.851 -1.015 -6.136 -7.024 -0.98 -5.909 -7.651 
3 16 -14.422 1.811 -0.569 -14.517 0.915 -0.098 -14.87 3.2 1.769 
3 16 -11.427 -3.103 -3.755 -11.261 -2.19 -4.273 -6.576 -5.583 -5.89 
3 16 -6.576 -5.583 -5.89 -11.261 -2.19 -4.273 -6.325 -4.639 -6.578 
3 16 -6.576 -5.583 -5.89 -6.325 -4.639 -6.578 -1.248 -6.466 -6.603 
3 16 -1.248 -6.466 -6.603 -6.325 -4.639 -6.578 -1.015 -6.136 -7.024 
3 16 10.871 -4.234 -1.293 10.322 -4.218 -0.401 6.419 -6.604 -3.615 
3 16 6.149 -6.507 -2.656 6.419 -6.604 -3.615 10.322 -4.218 -0.401 
3 16 13.261 -0.743 2.129 12.678 -1.104 2.708 10.871 -4.234 -1.293 
3 16 10.322 -4.218 -0.401 10.871 -4.234 -1.293 12.678 -1.104 2.708 
3 16 0.952 -7.133 -3.223 1.57 -7.219 -4.237 6.149 -6.507 -2.656 
3 16 1.57 -7.219 -4.237 6.419 -6.604 -3.615 6.149 -6.507 -2.656 
3 16 6.149 -6.507 -2.656 6.08 -6.981 -1.896 0.952 -7.133 -3.223 
3 16 1.779 -7.659 -2.433 0.952 -7.133 -3.223 6.08 -6.981 -1.896 
3 16 10.322 -4.218 -0.401 10.222 -4.733 0.392 6.149 -6.507 -2.656 
3 16 6.08 -6.981 -1.896 6.149 -6.507 -2.656 10.222 -4.733 0.392 
3 16 12.678 -1.104 2.708 12.685 -1.697 3.329 10.322 -4.218 -0.401 
3 16 10.222 -4.733 0.392 10.322 -4.218 -0.401 12.685 -1.697 3.329 
3 16 -6.576 -5.583 -5.89 -6.468 -5.817 -5.543 -11.427 -3.103 -3.755 
3 16 -10.939 -3.873 -2.888 -11.427 -3.103 -3.755 -6.468 -5.817 -5.543 
3 16 -12.341 7.564 -4.572 -13.476 7.397 -4.656 -12.763 8.772 -3.059 
3 16 -12.763 8.772 -3.059 -13.476 7.397 -4.656 -13.661 8.686 -3.057 
3 16 -14.463 7.693 -1.493 -13.661 8.686 -3.057 -14.773 5.1 -3.132 
3 16 -14.773 5.1 -3.132 -13.661 8.686 -3.057 -13.476 7.397 -4.656 
3 16 -11.261 -2.19 -4.273 -11.427 -3.103 -3.755 -14.422 1.811 -0.569 
3 16 -14.517 0.915 -0.098 -14.422 1.811 -0.569 -11.427 -3.103 -3.755 
3 16 -14.422 1.811 -0.569 -14.811 2.277 -1.138 -11.261 -2.19 -4.273 
3 16 -11.63 -1.91 -5.083 -11.261 -2.19 -4.273 -14.811 2.277 -1.138 
3 16 -14.911 3.03 -1.633 -14.811 2.277 -1.138 -15.149 4.248 0.951 
3 16 -13.421 -0.989 1.798 -14.517 0.915 -0.098 -10.939 -3.873 -2.888 
3 16 -10.939 -3.873 -2.888 -14.517 0.915 -0.098 -11.427 -3.103 -3.755 
3 16 -10.005 -3.94 -2.135 -10.939 -3.873 -2.888 -5.672 -6.266 -5.283 
3 16 -10.939 -3.873 -2.888 -6.468 -5.817 -5.543 -5.672 -6.266 -5.283 
3 16 -12.588 -1.329 2.247 -13.421 -0.989 1.798 -10.005 -3.94 -2.135 
3 16 -10.005 -3.94 -2.135 -13.421 -0.989 1.798 -10.939 -3.873 -2.888 
3 16 -12.512 -2.184 2.931 -12.588 -1.329 2.247 -9.979 -4.899 -1.564 
3 16 -12.588 -1.329 2.247 -10.005 -3.94 -2.135 -9.979 -4.899 -1.564 
3 16 -9.979 -4.899 -1.564 -10.005 -3.94 -2.135 -6.165 -6.415 -4.557 
3 16 -6.165 -6.415 -4.557 -10.005 -3.94 -2.135 -5.672 -6.266 -5.283 
3 16 -1.668 -7.416 -3.795 -1.294 -7.472 -2.83 -5.077 -7.28 -2.341 
3 16 -4.545 -7.162 -1.455 -5.077 -7.28 -2.341 -1.294 -7.472 -2.83 
3 16 -7.311 -6.391 1.267 -8.286 -6.321 0.621 -4.545 -7.162 -1.455 
3 16 -4.545 -7.162 -1.455 -8.286 -6.321 0.621 -5.077 -7.28 -2.341 
3 16 -8.808 -4.94 4.873 -9.868 -4.708 4.496 -7.311 -6.391 1.267 
3 16 -7.311 -6.391 1.267 -9.868 -4.708 4.496 -8.286 -6.321 0.621 
3 16 -7.311 -6.391 1.267 -6.792 -6.786 1.788 -8.808 -4.94 4.873 
3 16 -8.26 -5.393 5.161 -8.808 -4.94 4.873 -6.792 -6.786 1.788 
3 16 -4.545 -7.162 -1.455 -4.266 -7.621 -0.494 -7.311 -6.391 1.267 
3 16 -6.792 -6.786 1.788 -7.311 -6.391 1.267 -4.266 -7.621 -0.494 
3 16 -4.545 -7.162 -1.455 -1.294 -7.472 -2.83 -4.266 -7.621 -0.494 
3 16 -4.266 -7.621 -0.494 -1.294 -7.472 -2.83 -1.856 -7.669 -1.84 
3 16 -9.868 -4.708 4.496 -12.512 -2.184 2.931 -8.286 -6.321 0.621 
3 16 -9.979 -4.899 -1.564 -8.286 -6.321 0.621 -12.512 -2.184 2.931 
3 16 -8.286 -6.321 0.621 -9.979 -4.899 -1.564 -5.077 -7.28 -2.341 
3 16 -6.165 -6.415 -4.557 -5.077 -7.28 -2.341 -9.979 -4.899 -1.564 
3 16 -1.509 -7.743 -0.644 -0.043 -7.312 -0.339 -1.328 -7.781 0.343 
3 16 -0.043 -7.312 -0.339 -0.023 -7.372 0.741 -1.328 -7.781 0.343 
3 16 -1.509 -7.743 -0.644 -3.922 -7.744 0.565 -1.856 -7.669 -1.84 
3 16 -3.922 -7.744 0.565 -4.266 -7.621 -0.494 -1.856 -7.669 -1.84 
3 16 -6.792 -6.786 1.788 -5.715 -7.033 3.514 -8.26 -5.393 5.161 
3 16 -6.929 -5.533 6.781 -8.26 -5.393 5.161 -5.715 -7.033 3.514 
3 16 -5.715 -7.033 3.514 -4.9 -6.775 4.326 -6.929 -5.533 6.781 
3 16 -5.872 -5.139 7.352 -6.929 -5.533 6.781 -4.9 -6.775 4.326 
3 16 -1.328 -7.781 0.343 -1.742 -7.827 0.924 -3.383 -7.748 1.418 
3 16 -3.016 -7.666 2.496 -3.383 -7.748 1.418 -1.742 -7.827 0.924 
3 16 -1.328 -7.781 0.343 -1.183 -7.765 1.412 -1.742 -7.827 0.924 
3 16 10.222 -4.733 0.392 7.64 -5.953 3.681 6.08 -6.981 -1.896 
3 16 4.873 -7.357 1.316 6.08 -6.981 -1.896 7.64 -5.953 3.681 
3 16 1.779 -7.659 -2.433 1.322 -7.607 -0.137 0.032 -7.175 -2.325 
3 16 0.032 -7.175 -2.325 1.322 -7.607 -0.137 -0.004 -7.284 -1.248 
3 16 1.322 -7.607 -0.137 -0.043 -7.312 -0.339 -0.004 -7.284 -1.248 
3 16 6.08 -6.981 -1.896 4.873 -7.357 1.316 1.779 -7.659 -2.433 
3 16 4.873 -7.357 1.316 1.322 -7.607 -0.137 1.779 -7.659 -2.433 
3 16 10.305 -2.717 5.44 9.89 -3.299 6.054 9.738 -4.651 3.811 
3 16 11.432 -2.668 4.995 10.305 -2.717 5.44 9.738 -4.651 3.811 
3 16 -1.509 -7.743 -0.644 -1.328 -7.781 0.343 -3.922 -7.744 0.565 
3 16 -1.328 -7.781 0.343 -3.383 -7.748 1.418 -3.922 -7.744 0.565 
3 16 -3.383 -7.748 1.418 -3.016 -7.666 2.496 -4.9 -6.775 4.326 
3 16 -3.016 -7.666 2.496 -4.362 -6.918 5.237 -4.9 -6.775 4.326 
3 16 -5.715 -7.033 3.514 -6.792 -6.786 1.788 -3.922 -7.744 0.565 
3 16 -3.922 -7.744 0.565 -6.792 -6.786 1.788 -4.266 -7.621 -0.494 
3 16 -3.922 -7.744 0.565 -3.383 -7.748 1.418 -5.715 -7.033 3.514 
3 16 -3.383 -7.748 1.418 -4.9 -6.775 4.326 -5.715 -7.033 3.514 
3 16 -0.043 -7.312 -0.339 1.322 -7.607 -0.137 -0.023 -7.372 0.741 
3 16 1.322 -7.607 -0.137 1.038 -7.518 0.931 -0.023 -7.372 0.741 
3 16 4.873 -7.357 1.316 7.64 -5.953 3.681 4.022 -6.946 2.565 
3 16 4.022 -6.946 2.565 7.64 -5.953 3.681 6.457 -5.661 4.402 
3 16 9.496 -3.467 6.303 8.349 -3.366 6.818 7.64 -5.953 3.681 
3 16 6.457 -5.661 4.402 7.64 -5.953 3.681 8.349 -3.366 6.818 
3 16 1.322 -7.607 -0.137 4.873 -7.357 1.316 1.038 -7.518 0.931 
3 16 1.038 -7.518 0.931 4.873 -7.357 1.316 4.022 -6.946 2.565 
3 16 -0.023 -7.372 0.741 1.038 -7.518 0.931 -0.129 -7.413 1.908 
3 16 1.038 -7.518 0.931 0.797 -7.598 1.966 -0.129 -7.413 1.908 
3 16 4.022 -6.946 2.565 3.471 -7.395 3.457 1.038 -7.518 0.931 
3 16 0.797 -7.598 1.966 1.038 -7.518 0.931 3.471 -7.395 3.457 
3 16 8.349 -3.366 6.818 7.702 -4.062 7.578 6.457 -5.661 4.402 
3 16 7.702 -4.062 7.578 3.471 -7.395 3.457 6.457 -5.661 4.402 
3 16 3.471 -7.395 3.457 4.022 -6.946 2.565 6.457 -5.661 4.402 
3 16 2.642 -7.393 4.407 5.1 -4.313 8.725 2.027 -6.848 4.758 
3 16 2.027 -6.848 4.758 5.1 -4.313 8.725 3.828 -4.003 8.842 
3 16 0.401 -7.367 3.738 0.912 -7.251 4.469 0.3 -4.282 10.476 
3 16 0.3 -4.282 10.476 2.027 -6.848 4.758 2.944 -4.323 9.496 
3 16 0.797 -7.598 1.966 2.642 -7.393 4.407 0.401 -7.367 3.738 
3 16 0.401 -7.367 3.738 2.642 -7.393 4.407 0.912 -7.251 4.469 
3 16 0.912 -7.251 4.469 2.642 -7.393 4.407 2.027 -6.848 4.758 
3 16 0.3 -4.282 10.476 0.912 -7.251 4.469 2.027 -6.848 4.758 
3 16 2.944 -4.323 9.496 2.027 -6.848 4.758 3.828 -4.003 8.842 
3 16 -1.001 -3.371 10.749 -0.432 -6.371 6.518 0.3 -4.282 10.476 
3 16 -0.24 -7.298 3.739 0.401 -7.367 3.738 -0.432 -6.371 6.518 
3 16 -0.432 -6.371 6.518 0.401 -7.367 3.738 0.3 -4.282 10.476 
3 16 -0.129 -7.413 1.908 0.797 -7.598 1.966 -0.24 -7.298 3.739 
3 16 0.797 -7.598 1.966 0.401 -7.367 3.738 -0.24 -7.298 3.739 
3 16 -0.004 -7.284 -1.248 -1.856 -7.669 -1.84 0.032 -7.175 -2.325 
3 16 -1.856 -7.669 -1.84 -1.294 -7.472 -2.83 0.032 -7.175 -2.325 
3 16 -1.856 -7.669 -1.84 -0.004 -7.284 -1.248 -1.509 -7.743 -0.644 
3 16 -0.004 -7.284 -1.248 -0.043 -7.312 -0.339 -1.509 -7.743 -0.644 
3 16 -1.328 -7.781 0.343 -0.023 -7.372 0.741 -1.183 -7.765 1.412 
3 16 -1.183 -7.765 1.412 -0.023 -7.372 0.741 -0.129 -7.413 1.908 
3 16 -1.183 -7.765 1.412 -0.129 -7.413 1.908 -1.28 -7.522 3.732 
3 16 -0.129 -7.413 1.908 -0.24 -7.298 3.739 -1.28 -7.522 3.732 
3 16 -1.28 -7.522 3.732 -0.24 -7.298 3.739 -1.667 -6.664 6.661 
3 16 -0.24 -7.298 3.739 -0.432 -6.371 6.518 -1.667 -6.664 6.661 
3 16 -1.667 -6.664 6.661 -0.432 -6.371 6.518 -2.101 -3.313 11.603 
3 16 -0.432 -6.371 6.518 -1.001 -3.371 10.749 -2.101 -3.313 11.603 
3 16 2.642 -7.393 4.407 0.797 -7.598 1.966 3.471 -7.395 3.457 
3 16 2.642 -7.393 4.407 3.471 -7.395 3.457 5.1 -4.313 8.725 
3 16 5.1 -4.313 8.725 3.471 -7.395 3.457 7.702 -4.062 7.578 
3 16 -4.362 -6.918 5.237 -3.016 -7.666 2.496 -1.667 -6.664 6.661 
3 16 -1.28 -7.522 3.732 -1.667 -6.664 6.661 -3.016 -7.666 2.496 
3 16 -1.28 -7.522 3.732 -3.016 -7.666 2.496 -1.183 -7.765 1.412 
3 16 -1.742 -7.827 0.924 -1.183 -7.765 1.412 -3.016 -7.666 2.496 
3 16 6.605 -5.133 -6.691 6.419 -6.604 -3.615 1.375 -5.882 -7.664 
3 16 6.419 -6.604 -3.615 1.57 -7.219 -4.237 1.375 -5.882 -7.664 
3 16 6.419 -6.604 -3.615 6.605 -5.133 -6.691 10.871 -4.234 -1.293 
3 16 11.935 -2.396 -3.645 10.871 -4.234 -1.293 6.605 -5.133 -6.691 
3 16 10.871 -4.234 -1.293 11.935 -2.396 -3.645 13.261 -0.743 2.129 
3 16 13.735 0.149 1.462 13.261 -0.743 2.129 11.935 -2.396 -3.645 
3 16 -0.107 -6.957 -3.481 -1.668 -7.416 -3.795 0.069 -5.961 -6.851 
3 16 0.069 -5.961 -6.851 -1.668 -7.416 -3.795 -1.248 -6.466 -6.603 
3 16 -14.463 7.693 -1.493 -13.077 7.98 -1.319 -13.661 8.686 -3.057 
3 16 -13.077 7.98 -1.319 -12.763 8.772 -3.059 -13.661 8.686 -3.057 
3 16 -12.763 8.772 -3.059 -13.008 4.615 0.001 -12.341 7.564 -4.572 
3 16 -13.008 4.615 0.001 -12.316 4.619 -4.244 -12.341 7.564 -4.572 
3 16 -12.763 8.772 -3.059 -13.077 7.98 -1.319 -13.008 4.615 0.001 
3 16 -13.077 7.98 -1.319 -13.116 7.387 0.509 -13.008 4.615 0.001 
3 16 5.731 2.114 -11.057 1.508 1.323 -11.556 4.384 -1.726 -7.593 
3 16 0.128 1.073 -11.355 0 -1.726 -8.768 1.508 1.323 -11.556 
3 16 1.508 1.323 -11.556 0 -1.726 -8.768 4.384 -1.726 -7.593 
3 16 -8.26 -5.393 5.161 -6.929 -5.533 6.781 -8.672 -2.598 9.303 
3 16 -6.929 -5.533 6.781 -7.317 -2.737 10.226 -8.672 -2.598 9.303 
3 16 -6.136 -2.722 10.271 -5.872 -5.139 7.352 -5.197 -3.207 11.077 
3 16 -5.197 -3.207 11.077 -5.872 -5.139 7.352 -4.362 -6.918 5.237 
3 16 -4.362 -6.918 5.237 -5.872 -5.139 7.352 -4.9 -6.775 4.326 
3 16 -2.101 -3.313 11.603 -5.197 -3.207 11.077 -1.667 -6.664 6.661 
3 16 -4.362 -6.918 5.237 -1.667 -6.664 6.661 -5.197 -3.207 11.077 
3 16 10.61 0.48 8.327 12.134 0.894 7.778 10.559 2.666 10.023 
3 16 12.134 0.894 7.778 11.936 3.03 9.428 10.559 2.666 10.023 
3 16 -14.911 3.03 -1.633 -15.149 4.248 0.951 -14.661 3.742 -2.125 
3 16 -14.42 7.841 3.131 -14.661 3.742 -2.125 -15.149 4.248 0.951 
3 16 -15.149 4.248 0.951 -14.836 4.627 2.944 -14.466 7.246 3.796 
3 16 -14.466 7.246 3.796 -14.836 4.627 2.944 -14.245 6.264 4.747 
3 16 -14.836 4.627 2.944 -15.149 4.248 0.951 -14.87 3.2 1.769 
3 16 -15.149 4.248 0.951 -14.811 2.277 -1.138 -14.87 3.2 1.769 
3 16 -14.87 3.2 1.769 -14.811 2.277 -1.138 -14.422 1.811 -0.569 
3 16 -13.656 5.784 5.55 -14.245 6.264 4.747 -14.274 4.259 3.697 
3 16 -14.274 4.259 3.697 -14.245 6.264 4.747 -14.836 4.627 2.944 
3 16 -12.748 3.12 8.266 -13.797 5.077 6.38 -13.455 1.483 5.954 
3 16 -14.477 3.308 4.252 -13.455 1.483 5.954 -13.797 5.077 6.38 
3 16 -13.455 1.483 5.954 -13.138 1.332 6.466 -12.748 3.12 8.266 
3 16 -12.748 3.12 8.266 -13.138 1.332 6.466 -12.904 0.831 6.727 
3 16 -13.797 5.077 6.38 -13.656 5.784 5.55 -14.477 3.308 4.252 
3 16 -14.477 3.308 4.252 -13.656 5.784 5.55 -14.274 4.259 3.697 
3 16 8.395 -1.322 10.203 8.804 -0.571 9.831 9.011 1.616 11.677 
3 16 9.011 1.616 11.677 8.804 -0.571 9.831 10.01 -0.217 9.693 
3 16 10.18 2.104 11.007 9.011 1.616 11.677 10.363 0.016 9.394 
3 16 10.363 0.016 9.394 9.011 1.616 11.677 10.01 -0.217 9.693 
3 16 10.363 0.016 9.394 10.61 0.48 8.327 10.18 2.104 11.007 
3 16 10.61 0.48 8.327 10.559 2.666 10.023 10.18 2.104 11.007 
3 16 13.256 1.332 6.086 13.408 1.626 5.726 13.042 3.968 7.983 
3 16 13.408 1.626 5.726 13.699 2.351 5.343 13.042 3.968 7.983 
3 16 -8.672 -2.598 9.303 -9.057 -2.417 9.033 -8.26 -5.393 5.161 
3 16 -8.26 -5.393 5.161 -9.057 -2.417 9.033 -8.808 -4.94 4.873 
3 16 -9.868 -4.708 4.496 -8.808 -4.94 4.873 -9.555 -2.154 8.77 
3 16 -8.808 -4.94 4.873 -9.057 -2.417 9.033 -9.555 -2.154 8.77 
3 16 -10.602 0.737 9.804 -11.101 1.433 9.268 -11.555 -0.334 7.735 
3 16 -11.101 1.433 9.268 -11.906 1.847 8.884 -11.555 -0.334 7.735 
3 16 -12.904 0.831 6.727 -11.555 -0.334 7.735 -12.748 3.12 8.266 
3 16 -11.555 -0.334 7.735 -11.906 1.847 8.884 -12.748 3.12 8.266 
3 16 -9.555 -2.154 8.77 -11.555 -0.334 7.735 -9.868 -4.708 4.496 
3 16 -9.868 -4.708 4.496 -11.555 -0.334 7.735 -12.512 -2.184 2.931 
3 16 -11.555 -0.334 7.735 -12.904 0.831 6.727 -12.512 -2.184 2.931 
3 16 -12.588 -1.329 2.247 -12.512 -2.184 2.931 -13.138 1.332 6.466 
3 16 -12.512 -2.184 2.931 -12.904 0.831 6.727 -13.138 1.332 6.466 
3 16 -12.588 -1.329 2.247 -13.138 1.332 6.466 -13.421 -0.989 1.798 
3 16 -13.138 1.332 6.466 -13.455 1.483 5.954 -13.421 -0.989 1.798 
3 16 -14.477 3.308 4.252 -14.588 1.949 2.488 -13.455 1.483 5.954 
3 16 -14.517 0.915 -0.098 -13.421 -0.989 1.798 -14.588 1.949 2.488 
3 16 -13.421 -0.989 1.798 -13.455 1.483 5.954 -14.588 1.949 2.488 
3 16 -14.588 1.949 2.488 -14.477 3.308 4.252 -14.274 4.259 3.697 
3 16 -14.517 0.915 -0.098 -14.588 1.949 2.488 -14.87 3.2 1.769 
3 16 -14.274 4.259 3.697 -14.836 4.627 2.944 -14.588 1.949 2.488 
3 16 -14.588 1.949 2.488 -14.836 4.627 2.944 -14.87 3.2 1.769 
3 16 -9.555 -2.154 8.77 -8.838 -0.805 10.736 -11.555 -0.334 7.735 
3 16 -8.838 -0.805 10.736 -10.602 0.737 9.804 -11.555 -0.334 7.735 
3 16 -9.555 -2.154 8.77 -9.057 -2.417 9.033 -8.838 -0.805 10.736 
3 16 -8.838 -0.805 10.736 -9.057 -2.417 9.033 -8.672 -2.598 9.303 
3 16 13.811 3.293 4.913 13.699 2.351 5.343 13.916 0.572 1.136 
3 16 13.699 2.351 5.343 13.735 0.149 1.462 13.916 0.572 1.136 
3 16 13.916 0.572 1.136 14.404 1.239 0.174 13.811 3.293 4.913 
3 16 14.404 1.239 0.174 14.424 4.085 4.521 13.811 3.293 4.913 
3 16 14.57 6.397 3.772 14.424 4.085 4.521 14.818 2.917 -1.736 
3 16 14.424 4.085 4.521 14.404 1.239 0.174 14.818 2.917 -1.736 
3 16 13.661 8.686 -3.057 14.775 7.202 0.434 14.714 4.165 -3.089 
3 16 14.394 7.852 3.118 14.443 7.604 3.278 14.775 7.202 0.434 
3 16 14.775 7.202 0.434 14.443 7.604 3.278 14.714 4.165 -3.089 
3 16 8.349 -3.366 6.818 8.804 -0.571 9.831 7.702 -4.062 7.578 
3 16 8.804 -0.571 9.831 8.395 -1.322 10.203 7.702 -4.062 7.578 
3 16 10.01 -0.217 9.693 8.804 -0.571 9.831 9.496 -3.467 6.303 
3 16 8.804 -0.571 9.831 8.349 -3.366 6.818 9.496 -3.467 6.303 
3 16 10.363 0.016 9.394 10.01 -0.217 9.693 9.89 -3.299 6.054 
3 16 10.01 -0.217 9.693 9.496 -3.467 6.303 9.89 -3.299 6.054 
3 16 9.89 -3.299 6.054 10.305 -2.717 5.44 10.363 0.016 9.394 
3 16 10.61 0.48 8.327 10.363 0.016 9.394 10.305 -2.717 5.44 
3 16 12.134 0.894 7.778 10.61 0.48 8.327 11.432 -2.668 4.995 
3 16 10.61 0.48 8.327 10.305 -2.717 5.44 11.432 -2.668 4.995 
3 16 13.256 1.332 6.086 12.134 0.894 7.778 12.685 -1.697 3.329 
3 16 12.685 -1.697 3.329 12.134 0.894 7.778 11.432 -2.668 4.995 
3 16 12.685 -1.697 3.329 12.678 -1.104 2.708 13.256 1.332 6.086 
3 16 12.678 -1.104 2.708 13.408 1.626 5.726 13.256 1.332 6.086 
3 16 13.735 0.149 1.462 13.699 2.351 5.343 13.408 1.626 5.726 
3 16 13.408 1.626 5.726 12.678 -1.104 2.708 13.261 -0.743 2.129 
3 16 13.735 0.149 1.462 13.408 1.626 5.726 13.261 -0.743 2.129 
3 16 -11.641 8.85 9.387 -12.394 9.829 8.756 -13.656 5.784 5.55 
3 16 -13.656 5.784 5.55 -12.394 9.829 8.756 -14.245 6.264 4.747 
3 16 -13.656 5.784 5.55 -13.797 5.077 6.38 -11.641 8.85 9.387 
3 16 -11.58 7.839 10.225 -11.641 8.85 9.387 -13.797 5.077 6.38 
3 16 -13.797 5.077 6.38 -12.748 3.12 8.266 -11.58 7.839 10.225 
3 16 -11.58 7.839 10.225 -12.748 3.12 8.266 -10.222 5.669 11.914 
3 16 -12.748 3.12 8.266 -11.906 1.847 8.884 -10.222 5.669 11.914 
3 16 -11.906 1.847 8.884 -11.101 1.433 9.268 -10.222 5.669 11.914 
3 16 -9.382 5.121 12.274 -10.222 5.669 11.914 -11.101 1.433 9.268 
3 16 -8.763 4.39 13.024 -9.382 5.121 12.274 -10.602 0.737 9.804 
3 16 -9.382 5.121 12.274 -11.101 1.433 9.268 -10.602 0.737 9.804 
3 16 -10.602 0.737 9.804 -8.838 -0.805 10.736 -8.763 4.39 13.024 
3 16 -8.838 -0.805 10.736 -7.374 3.426 13.746 -8.763 4.39 13.024 
3 16 -6.202 2.358 13.99 -7.374 3.426 13.746 -7.317 -2.737 10.226 
3 16 -8.672 -2.598 9.303 -7.317 -2.737 10.226 -8.838 -0.805 10.736 
3 16 -7.317 -2.737 10.226 -7.374 3.426 13.746 -8.838 -0.805 10.736 
3 16 -5.229 2.07 13.995 -6.202 2.358 13.99 -6.136 -2.722 10.271 
3 16 -6.136 -2.722 10.271 -6.202 2.358 13.99 -7.317 -2.737 10.226 
3 16 -6.136 -2.722 10.271 -5.197 -3.207 11.077 -5.229 2.07 13.995 
3 16 -4.164 1.195 14.414 -5.229 2.07 13.995 -5.197 -3.207 11.077 
3 16 -5.197 -3.207 11.077 -2.101 -3.313 11.603 -4.164 1.195 14.414 
3 16 -2.101 -3.313 11.603 -2.066 0.874 14.643 -4.164 1.195 14.414 
3 16 -2.101 -3.313 11.603 -1.001 -3.371 10.749 -2.066 0.874 14.643 
3 16 -1.001 -3.371 10.749 -0.893 1.131 14.519 -2.066 0.874 14.643 
3 16 -1.001 -3.371 10.749 0.3 -4.282 10.476 -0.893 1.131 14.519 
3 16 0.3 -4.282 10.476 -0.068 0.797 14.751 -0.893 1.131 14.519 
3 16 0.3 -4.282 10.476 2.944 -4.323 9.496 -0.068 0.797 14.751 
3 16 2.944 -4.323 9.496 2.787 0.654 14.06 -0.068 0.797 14.751 
3 16 2.944 -4.323 9.496 3.828 -4.003 8.842 2.787 0.654 14.06 
3 16 3.828 -4.003 8.842 3.801 0.918 13.479 2.787 0.654 14.06 
3 16 5.032 1.015 13.536 3.801 0.918 13.479 5.1 -4.313 8.725 
3 16 3.801 0.918 13.479 3.828 -4.003 8.842 5.1 -4.313 8.725 
3 16 9.011 1.616 11.677 4.685 2.2 14.322 5.032 1.015 13.536 
3 16 9.011 1.616 11.677 5.032 1.015 13.536 8.395 -1.322 10.203 
3 16 5.1 -4.313 8.725 7.702 -4.062 7.578 5.032 1.015 13.536 
3 16 8.395 -1.322 10.203 5.032 1.015 13.536 7.702 -4.062 7.578 
3 16 9.914 3.845 11.803 8.447 3.016 12.738 10.18 2.104 11.007 
3 16 8.447 3.016 12.738 9.011 1.616 11.677 10.18 2.104 11.007 
3 16 10.18 2.104 11.007 10.559 2.666 10.023 9.914 3.845 11.803 
3 16 10.559 2.666 10.023 10.243 4.373 11.102 9.914 3.845 11.803 
3 16 -6.929 -5.533 6.781 -5.872 -5.139 7.352 -7.317 -2.737 10.226 
3 16 -5.872 -5.139 7.352 -6.136 -2.722 10.271 -7.317 -2.737 10.226 
3 16 13.042 3.968 7.983 11.936 3.03 9.428 13.256 1.332 6.086 
3 16 11.936 3.03 9.428 12.134 0.894 7.778 13.256 1.332 6.086 
3 16 11.298 4.941 10.844 10.243 4.373 11.102 11.936 3.03 9.428 
3 16 11.936 3.03 9.428 10.243 4.373 11.102 10.559 2.666 10.023 
3 16 11.936 3.03 9.428 13.042 3.968 7.983 11.298 4.941 10.844 
3 16 11.298 4.941 10.844 13.042 3.968 7.983 12.17 5.378 9.609 
3 16 13.699 2.351 5.343 13.811 3.293 4.913 13.042 3.968 7.983 
3 16 13.811 3.293 4.913 12.023 6.377 9.195 13.042 3.968 7.983 
3 16 12.023 6.377 9.195 12.17 5.378 9.609 13.042 3.968 7.983 
3 16 12.78 7.144 8.678 12.023 6.377 9.195 14.424 4.085 4.521 
3 16 14.424 4.085 4.521 12.023 6.377 9.195 13.811 3.293 4.913 
3 16 14.424 4.085 4.521 14.57 6.397 3.772 12.78 7.144 8.678 
3 16 14.57 6.397 3.772 12.931 10.151 8.055 12.78 7.144 8.678 
3 16 14.443 7.604 3.278 14.394 7.852 3.118 13.134 11.1 6.992 
3 16 14.394 7.852 3.118 12.906 11.732 5.823 13.134 11.1 6.992 
3 16 -12.394 9.829 8.756 -12.997 11.229 7.428 -14.245 6.264 4.747 
3 16 -12.997 11.229 7.428 -14.466 7.246 3.796 -14.245 6.264 4.747 
3 16 -12.997 11.229 7.428 -13.027 11.725 6.029 -14.466 7.246 3.796 
3 16 -13.027 11.725 6.029 -14.42 7.841 3.131 -14.466 7.246 3.796 
3 16 -11.58 7.839 10.225 -10.222 5.669 11.914 -10.1 9.146 12.247 
3 16 -10.1 9.146 12.247 -10.222 5.669 11.914 -8.857 7.47 13.487 
3 16 -10.222 5.669 11.914 -9.382 5.121 12.274 -8.857 7.47 13.487 
3 16 -8.857 7.47 13.487 -9.382 5.121 12.274 -8.08 6.927 13.74 
3 16 -7.077 6.328 15.148 -8.08 6.927 13.74 -8.763 4.39 13.024 
3 16 -8.763 4.39 13.024 -8.08 6.927 13.74 -9.382 5.121 12.274 
3 16 -8.763 4.39 13.024 -7.374 3.426 13.746 -7.077 6.328 15.148 
3 16 -7.374 3.426 13.746 -6.498 5.375 15.274 -7.077 6.328 15.148 
3 16 -4.691 3.533 14.966 -6.498 5.375 15.274 -6.202 2.358 13.99 
3 16 -6.498 5.375 15.274 -7.374 3.426 13.746 -6.202 2.358 13.99 
3 16 -6.202 2.358 13.99 -5.229 2.07 13.995 -4.691 3.533 14.966 
3 16 -3.749 2.433 15.211 -4.691 3.533 14.966 -4.164 1.195 14.414 
3 16 -5.229 2.07 13.995 -4.164 1.195 14.414 -4.691 3.533 14.966 
3 16 -4.164 1.195 14.414 -2.066 0.874 14.643 -3.749 2.433 15.211 
3 16 -2.015 2.11 15.505 -3.749 2.433 15.211 -2.066 0.874 14.643 
3 16 -2.066 0.874 14.643 -0.893 1.131 14.519 -2.015 2.11 15.505 
3 16 -0.893 1.131 14.519 -0.91 2.502 15.551 -2.015 2.11 15.505 
3 16 -0.893 1.131 14.519 -0.068 0.797 14.751 -0.91 2.502 15.551 
3 16 -0.068 0.797 14.751 -0.148 2.42 15.815 -0.91 2.502 15.551 
3 16 2.544 1.685 14.755 -0.148 2.42 15.815 2.787 0.654 14.06 
3 16 -0.068 0.797 14.751 2.787 0.654 14.06 -0.148 2.42 15.815 
3 16 4.685 2.2 14.322 2.544 1.685 14.755 3.801 0.918 13.479 
3 16 2.544 1.685 14.755 2.787 0.654 14.06 3.801 0.918 13.479 
3 16 3.801 0.918 13.479 5.032 1.015 13.536 4.685 2.2 14.322 
3 16 -14.773 5.1 -3.132 -14.661 3.742 -2.125 -14.463 7.693 -1.493 
3 16 -14.463 7.693 -1.493 -14.661 3.742 -2.125 -14.755 7.203 0.551 
3 16 -15.149 4.248 0.951 -14.466 7.246 3.796 -14.42 7.841 3.131 
3 16 -14.42 7.841 3.131 -14.755 7.203 0.551 -14.661 3.742 -2.125 
3 16 9.296 8.271 13.22 8.953 7.548 13.635 12.17 5.378 9.609 
3 16 8.953 7.548 13.635 11.298 4.941 10.844 12.17 5.378 9.609 
3 16 9.296 8.271 13.22 12.17 5.378 9.609 9.341 8.647 13.049 
3 16 10.241 7.989 11.859 9.341 8.647 13.049 12.023 6.377 9.195 
3 16 12.023 6.377 9.195 9.341 8.647 13.049 12.17 5.378 9.609 
3 16 10.586 9.071 11.745 10.241 7.989 11.859 12.78 7.144 8.678 
3 16 10.241 7.989 11.859 12.023 6.377 9.195 12.78 7.144 8.678 
3 16 10.579 12.78 11.14 10.586 9.071 11.745 12.931 10.151 8.055 
3 16 12.931 10.151 8.055 10.586 9.071 11.745 12.78 7.144 8.678 
3 16 13.134 11.1 6.992 12.906 11.732 5.823 10.525 14.077 10.762 
3 16 12.906 11.732 5.823 10.483 16.376 9.115 10.525 14.077 10.762 
3 16 10.243 4.373 11.102 11.298 4.941 10.844 8.445 6.873 13.943 
3 16 11.298 4.941 10.844 8.953 7.548 13.635 8.445 6.873 13.943 
3 16 8.445 6.873 13.943 9.914 3.845 11.803 10.243 4.373 11.102 
3 16 6.924 5.602 14.329 4.685 2.2 14.322 8.447 3.016 12.738 
3 16 8.447 3.016 12.738 4.685 2.2 14.322 9.011 1.616 11.677 
3 16 8.447 3.016 12.738 9.914 3.845 11.803 6.924 5.602 14.329 
3 16 9.914 3.845 11.803 8.445 6.873 13.943 6.924 5.602 14.329 
3 16 -10.002 12.105 11.58 -10.526 15.325 10.115 -12.394 9.829 8.756 
3 16 -10.526 15.325 10.115 -12.997 11.229 7.428 -12.394 9.829 8.756 
3 16 -10.1 9.146 12.247 -10.002 12.105 11.58 -11.641 8.85 9.387 
3 16 -10.002 12.105 11.58 -12.394 9.829 8.756 -11.641 8.85 9.387 
3 16 -10.1 9.146 12.247 -11.641 8.85 9.387 -11.58 7.839 10.225 
3 16 -13.027 11.725 6.029 -12.997 11.229 7.428 -10.829 16.075 8.869 
3 16 -12.997 11.229 7.428 -10.526 15.325 10.115 -10.829 16.075 8.869 
3 16 -10.014 16.317 8.454 -10.829 16.075 8.869 -6.774 17.645 11.265 
3 16 -10.829 16.075 8.869 -7.047 17.706 11.821 -6.774 17.645 11.265 
3 16 -7.047 17.706 11.821 -10.829 16.075 8.869 -6.642 16.259 13.656 
3 16 -6.642 16.259 13.656 -10.829 16.075 8.869 -10.526 15.325 10.115 
3 16 -6.642 16.259 13.656 -10.526 15.325 10.115 -8.893 14.106 12.465 
3 16 -10.526 15.325 10.115 -10.002 12.105 11.58 -8.893 14.106 12.465 
3 16 -6.774 17.645 11.265 -7.047 17.706 11.821 -4.285 17.899 12.872 
3 16 -4.592 18.01 13.251 -4.285 17.899 12.872 -7.047 17.706 11.821 
3 16 -7.047 17.706 11.821 -6.642 16.259 13.656 -4.592 18.01 13.251 
3 16 -4.592 18.01 13.251 -6.642 16.259 13.656 -4.134 17.596 14.205 
3 16 -6.576 -5.583 -5.89 -1.248 -6.466 -6.603 -6.468 -5.817 -5.543 
3 16 -6.468 -5.817 -5.543 -1.248 -6.466 -6.603 -5.672 -6.266 -5.283 
3 16 -5.672 -6.266 -5.283 -1.248 -6.466 -6.603 -1.668 -7.416 -3.795 
3 16 -5.077 -7.28 -2.341 -6.165 -6.415 -4.557 -1.668 -7.416 -3.795 
3 16 -1.668 -7.416 -3.795 -6.165 -6.415 -4.557 -5.672 -6.266 -5.283 
3 16 9.89 -3.299 6.054 9.496 -3.467 6.303 9.738 -4.651 3.811 
3 16 9.496 -3.467 6.303 7.64 -5.953 3.681 9.738 -4.651 3.811 
3 16 11.432 -2.668 4.995 9.738 -4.651 3.811 12.685 -1.697 3.329 
3 16 12.685 -1.697 3.329 9.738 -4.651 3.811 10.222 -4.733 0.392 
3 16 9.738 -4.651 3.811 7.64 -5.953 3.681 10.222 -4.733 0.392 
3 16 14.339 7.217 3.525 14.57 6.397 3.772 14.818 2.917 -1.736 
3 16 14.57 6.397 3.772 14.339 7.217 3.525 12.931 10.151 8.055 
3 16 12.809 10.818 7.451 12.931 10.151 8.055 14.339 7.217 3.525 
3 16 10.475 13.337 10.916 10.579 12.78 11.14 12.809 10.818 7.451 
3 16 10.579 12.78 11.14 12.931 10.151 8.055 12.809 10.818 7.451 
3 16 11.592 4.008 -8.068 10.739 4.613 -7.762 13.661 8.686 -3.057 
3 16 12.8 8.778 -2.857 13.661 8.686 -3.057 10.739 4.613 -7.762 
3 16 13.116 7.387 0.509 14.775 7.202 0.434 12.8 8.778 -2.857 
3 16 12.8 8.778 -2.857 14.775 7.202 0.434 13.661 8.686 -3.057 
3 16 10.739 4.613 -7.762 12.316 4.619 -4.244 12.8 8.778 -2.857 
3 16 12.316 4.619 -4.244 13.008 4.615 0.001 12.8 8.778 -2.857 
3 16 13.116 7.387 0.509 12.8 8.778 -2.857 13.008 4.615 0.001 
3 16 12.809 10.818 7.451 13.134 11.1 6.992 10.475 13.337 10.916 
3 16 13.134 11.1 6.992 10.525 14.077 10.762 10.475 13.337 10.916 
3 16 13.134 11.1 6.992 12.809 10.818 7.451 14.443 7.604 3.278 
3 16 14.339 7.217 3.525 14.443 7.604 3.278 12.809 10.818 7.451 
3 16 14.339 7.217 3.525 14.818 2.917 -1.736 14.443 7.604 3.278 
3 16 14.443 7.604 3.278 14.818 2.917 -1.736 14.714 4.165 -3.089 
3 16 8.382 13.944 13.115 8.617 13.347 13.07 10.475 13.337 10.916 
3 16 8.617 13.347 13.07 10.579 12.78 11.14 10.475 13.337 10.916 
3 16 7.693 14.558 13.595 8.382 13.944 13.115 10.525 14.077 10.762 
3 16 8.382 13.944 13.115 10.475 13.337 10.916 10.525 14.077 10.762 
3 16 7.057 17.721 11.83 7.693 14.558 13.595 10.483 16.376 9.115 
3 16 7.693 14.558 13.595 10.525 14.077 10.762 10.483 16.376 9.115 
3 16 10.483 16.376 9.115 9.81 16.401 8.635 7.057 17.721 11.83 
3 16 6.643 17.582 11.272 7.057 17.721 11.83 9.81 16.401 8.635 
3 16 4.249 17.817 12.779 4.829 17.997 13.168 6.643 17.582 11.272 
3 16 4.829 17.997 13.168 7.057 17.721 11.83 6.643 17.582 11.272 
3 16 9.52 9.888 12.959 9.341 8.647 13.049 10.586 9.071 11.745 
3 16 9.341 8.647 13.049 10.241 7.989 11.859 10.586 9.071 11.745 
3 16 8.617 13.347 13.07 9.52 9.888 12.959 10.579 12.78 11.14 
3 16 9.52 9.888 12.959 10.586 9.071 11.745 10.579 12.78 11.14 
3 16 7.693 14.558 13.595 7.057 17.721 11.83 5.692 15.838 14.493 
3 16 7.057 17.721 11.83 4.829 17.997 13.168 5.692 15.838 14.493 
3 16 5.692 15.838 14.493 4.829 17.997 13.168 4.219 17.193 14.536 
3 16 -3.816 18.609 17.214 -6.383 17.585 17 -3.408 17.993 19.917 
3 16 -6.383 17.585 17 -5.719 17.225 19.685 -3.408 17.993 19.917 
3 16 -6.383 17.585 17 -3.816 18.609 17.214 -6.642 16.259 13.656 
3 16 -4.134 17.596 14.205 -6.642 16.259 13.656 -3.816 18.609 17.214 
3 16 -6.383 17.585 17 -9.582 14.524 16.972 -5.719 17.225 19.685 
3 16 -5.719 17.225 19.685 -9.582 14.524 16.972 -9.052 14.409 19.242 
3 16 -10.387 13.237 14.844 -9.582 14.524 16.972 -8.893 14.106 12.465 
3 16 -9.582 14.524 16.972 -6.383 17.585 17 -8.893 14.106 12.465 
3 16 -6.383 17.585 17 -6.642 16.259 13.656 -8.893 14.106 12.465 
3 16 -8.893 14.106 12.465 -10.002 12.105 11.58 -10.387 13.237 14.844 
3 16 -10.387 13.237 14.844 -10.002 12.105 11.58 -10.939 11.524 14.215 
3 16 -10.1 9.146 12.247 -10.882 9.866 14.715 -10.002 12.105 11.58 
3 16 -10.939 11.524 14.215 -10.002 12.105 11.58 -10.882 9.866 14.715 
3 16 -8.857 7.47 13.487 -10.615 8.885 15.874 -10.1 9.146 12.247 
3 16 -10.882 9.866 14.715 -10.1 9.146 12.247 -10.615 8.885 15.874 
3 16 -10.615 8.885 15.874 -8.857 7.47 13.487 -10.108 8.16 17.559 
3 16 -7.077 6.328 15.148 -10.108 8.16 17.559 -8.08 6.927 13.74 
3 16 -8.857 7.47 13.487 -8.08 6.927 13.74 -10.108 8.16 17.559 
3 16 -7.41 10.788 16.468 -7.374 10.904 17.019 -7.243 11.543 16.531 
3 16 -7.243 11.543 16.531 -7.374 10.904 17.019 -7.219 11.385 17.173 
3 16 -7.243 11.543 16.531 -7.6 11.419 15.647 -7.523 11.009 15.912 
3 16 -7.352 12.289 16.686 -7.243 11.543 16.531 -7.244 11.871 17.256 
3 16 -7.243 11.543 16.531 -7.219 11.385 17.173 -7.244 11.871 17.256 
3 16 -7.41 10.788 16.468 -7.243 11.543 16.531 -7.523 11.009 15.912 
3 16 -7.534 11.977 15.889 -7.6 11.419 15.647 -7.243 11.543 16.531 
3 16 -7.352 12.289 16.686 -7.534 11.977 15.889 -7.243 11.543 16.531 
3 16 -9.924 12.745 15.512 -7.534 11.977 15.889 -9.344 13.431 17.349 
3 16 -7.352 12.289 16.686 -9.344 13.431 17.349 -7.534 11.977 15.889 
3 16 -10.308 11.421 14.985 -7.6 11.419 15.647 -9.924 12.745 15.512 
3 16 -7.534 11.977 15.889 -9.924 12.745 15.512 -7.6 11.419 15.647 
3 16 -10.308 11.421 14.985 -10.255 10.34 15.488 -7.6 11.419 15.647 
3 16 -7.6 11.419 15.647 -10.255 10.34 15.488 -7.523 11.009 15.912 
3 16 -10.17 9.703 16.455 -7.41 10.788 16.468 -10.255 10.34 15.488 
3 16 -7.523 11.009 15.912 -10.255 10.34 15.488 -7.41 10.788 16.468 
3 16 -9.938 9.368 17.889 -7.374 10.904 17.019 -10.17 9.703 16.455 
3 16 -7.374 10.904 17.019 -7.41 10.788 16.468 -10.17 9.703 16.455 
3 16 -7.219 11.385 17.173 -7.374 10.904 17.019 -9.6 11.246 18.638 
3 16 -7.374 10.904 17.019 -9.938 9.368 17.889 -9.6 11.246 18.638 
3 16 -7.219 11.385 17.173 -9.6 11.246 18.638 -7.244 11.871 17.256 
3 16 -7.244 11.871 17.256 -9.6 11.246 18.638 -9.106 13.216 18.838 
3 16 -9.106 13.216 18.838 -9.344 13.431 17.349 -7.244 11.871 17.256 
3 16 -9.344 13.431 17.349 -7.352 12.289 16.686 -7.244 11.871 17.256 
3 16 -9.052 14.409 19.242 -9.582 14.524 16.972 -9.106 13.216 18.838 
3 16 -9.582 14.524 16.972 -9.344 13.431 17.349 -9.106 13.216 18.838 
3 16 -9.582 14.524 16.972 -10.387 13.237 14.844 -9.344 13.431 17.349 
3 16 -9.924 12.745 15.512 -9.344 13.431 17.349 -10.387 13.237 14.844 
3 16 -10.939 11.524 14.215 -10.308 11.421 14.985 -10.387 13.237 14.844 
3 16 -10.308 11.421 14.985 -9.924 12.745 15.512 -10.387 13.237 14.844 
3 16 -10.882 9.866 14.715 -10.255 10.34 15.488 -10.939 11.524 14.215 
3 16 -10.255 10.34 15.488 -10.308 11.421 14.985 -10.939 11.524 14.215 
3 16 -10.615 8.885 15.874 -10.17 9.703 16.455 -10.882 9.866 14.715 
3 16 -10.17 9.703 16.455 -10.255 10.34 15.488 -10.882 9.866 14.715 
3 16 -10.108 8.16 17.559 -9.938 9.368 17.889 -10.615 8.885 15.874 
3 16 -9.938 9.368 17.889 -10.17 9.703 16.455 -10.615 8.885 15.874 
3 16 -2.06 18.355 21.458 -3.408 17.993 19.917 -5.345 17.92 21.162 
3 16 -3.408 17.993 19.917 -5.719 17.225 19.685 -5.345 17.92 21.162 
3 16 -5.345 17.92 21.162 -5.719 17.225 19.685 -9.734 14.427 20.945 
3 16 -5.719 17.225 19.685 -9.052 14.409 19.242 -9.734 14.427 20.945 
3 16 -6.498 5.375 15.274 -9.368 4.805 17.744 -7.077 6.328 15.148 
3 16 -9.368 4.805 17.744 -10.864 7.531 19.065 -7.077 6.328 15.148 
3 16 -10.864 7.531 19.065 -10.108 8.16 17.559 -7.077 6.328 15.148 
3 16 -10.108 8.16 17.559 -10.864 7.531 19.065 -9.938 9.368 17.889 
3 16 -9.938 9.368 17.889 -10.864 7.531 19.065 -10.916 11.158 20.105 
3 16 -10.916 11.158 20.105 -9.6 11.246 18.638 -9.938 9.368 17.889 
3 16 -10.916 11.158 20.105 -9.734 14.427 20.945 -9.106 13.216 18.838 
3 16 -9.734 14.427 20.945 -9.052 14.409 19.242 -9.106 13.216 18.838 
3 16 -9.106 13.216 18.838 -9.6 11.246 18.638 -10.916 11.158 20.105 
3 16 -9.368 4.805 17.744 -8.591 5.235 20.055 -10.864 7.531 19.065 
3 16 -9.596 7.588 21.028 -10.864 7.531 19.065 -8.591 5.235 20.055 
3 16 -4.691 3.533 14.966 -6.775 2.624 17.025 -6.498 5.375 15.274 
3 16 -6.775 2.624 17.025 -9.368 4.805 17.744 -6.498 5.375 15.274 
3 16 -4.691 3.533 14.966 -3.749 2.433 15.211 -6.775 2.624 17.025 
3 16 -2.015 2.11 15.505 -2.912 1.365 16.986 -3.749 2.433 15.211 
3 16 -2.912 1.365 16.986 -6.775 2.624 17.025 -3.749 2.433 15.211 
3 16 -0.148 2.42 15.815 -1.194 1.476 17.585 -0.91 2.502 15.551 
3 16 -1.194 1.476 17.585 -2.912 1.365 16.986 -0.91 2.502 15.551 
3 16 -2.912 1.365 16.986 -2.015 2.11 15.505 -0.91 2.502 15.551 
3 16 -5.345 17.92 21.162 -4.824 16.519 22.987 -2.06 18.355 21.458 
3 16 -4.824 16.519 22.987 -2.148 16.775 23.004 -2.06 18.355 21.458 
3 16 -4.824 16.519 22.987 -5.345 17.92 21.162 -8.707 13.59 22.686 
3 16 -8.707 13.59 22.686 -5.345 17.92 21.162 -9.734 14.427 20.945 
3 16 -10.916 11.158 20.105 -10.864 7.531 19.065 -9.531 11.079 22.142 
3 16 -9.531 11.079 22.142 -10.864 7.531 19.065 -9.596 7.588 21.028 
3 16 -9.734 14.427 20.945 -10.916 11.158 20.105 -8.707 13.59 22.686 
3 16 -8.707 13.59 22.686 -10.916 11.158 20.105 -9.531 11.079 22.142 
3 16 -9.368 4.805 17.744 -6.775 2.624 17.025 -8.591 5.235 20.055 
3 16 -8.591 5.235 20.055 -6.775 2.624 17.025 -7.168 3.416 19.411 
3 16 -6.775 2.624 17.025 -2.912 1.365 16.986 -7.168 3.416 19.411 
3 16 -7.168 3.416 19.411 -2.912 1.365 16.986 -3.684 2.451 18.946 
3 16 -2.955 3.532 19.784 -3.684 2.451 18.946 -1.194 1.476 17.585 
3 16 -3.684 2.451 18.946 -2.912 1.365 16.986 -1.194 1.476 17.585 
3 16 -2.169 15.591 23.349 -2.148 16.775 23.004 -4.689 15.325 23.235 
3 16 -4.689 15.325 23.235 -2.148 16.775 23.004 -4.824 16.519 22.987 
3 16 -4.689 15.325 23.235 -4.824 16.519 22.987 -7.851 12.865 22.8 
3 16 -7.851 12.865 22.8 -4.824 16.519 22.987 -8.707 13.59 22.686 
3 16 -6.36 10.605 22.115 -7.272 11.665 22.499 -9.531 11.079 22.142 
3 16 -8.707 13.59 22.686 -9.531 11.079 22.142 -7.851 12.865 22.8 
3 16 -7.272 11.665 22.499 -7.851 12.865 22.8 -9.531 11.079 22.142 
3 16 -6.36 10.605 22.115 -9.531 11.079 22.142 -7.729 9.412 21.856 
3 16 -9.596 7.588 21.028 -8.572 7.952 21.28 -9.531 11.079 22.142 
3 16 -7.729 9.412 21.856 -9.531 11.079 22.142 -8.572 7.952 21.28 
3 16 -8.591 5.235 20.055 -7.047 6.108 20.683 -9.596 7.588 21.028 
3 16 -8.572 7.952 21.28 -9.596 7.588 21.028 -7.047 6.108 20.683 
3 16 -7.168 3.416 19.411 -7.18 4.521 19.973 -8.591 5.235 20.055 
3 16 -7.047 6.108 20.683 -8.591 5.235 20.055 -7.18 4.521 19.973 
3 16 -4.073 3.458 19.702 -6.406 3.833 19.778 -3.684 2.451 18.946 
3 16 -3.684 2.451 18.946 -6.406 3.833 19.778 -7.168 3.416 19.411 
3 16 -6.406 3.833 19.778 -7.18 4.521 19.973 -7.168 3.416 19.411 
3 16 -2.955 3.532 19.784 -4.073 3.458 19.702 -3.684 2.451 18.946 
3 16 2.337 0.81 16.353 4.937 1.82 15.776 3.297 1.16 18.534 
3 16 4.937 1.82 15.776 4.814 2.112 17.699 3.297 1.16 18.534 
3 16 4.937 1.82 15.776 7.147 5.371 15.86 4.814 2.112 17.699 
3 16 7.147 5.371 15.86 5.976 4.906 17.686 4.814 2.112 17.699 
3 16 -0.311 0.74 19.131 2.337 0.81 16.353 1.769 1.507 20.281 
3 16 1.769 1.507 20.281 2.337 0.81 16.353 3.297 1.16 18.534 
3 16 -0.311 0.74 19.131 1.769 1.507 20.281 -1.599 2.481 21.398 
3 16 1.053 2.573 21.775 -1.599 2.481 21.398 1.769 1.507 20.281 
3 16 4.884 4.784 18.465 4.652 3.198 18.437 5.976 4.906 17.686 
3 16 3.297 1.16 18.534 4.814 2.112 17.699 3.703 2.392 19.119 
3 16 5.976 4.906 17.686 4.652 3.198 18.437 4.814 2.112 17.699 
3 16 4.652 3.198 18.437 3.703 2.392 19.119 4.814 2.112 17.699 
3 16 3.703 2.392 19.119 2.368 3.266 21.231 3.297 1.16 18.534 
3 16 2.368 3.266 21.231 1.053 2.573 21.775 3.297 1.16 18.534 
3 16 1.053 2.573 21.775 1.769 1.507 20.281 3.297 1.16 18.534 
3 16 9.693 7.786 15.993 9.341 8.647 13.049 9.52 9.888 12.959 
3 16 9.693 7.786 15.993 9.52 9.888 12.959 10.2 12.379 15.047 
3 16 9.52 9.888 12.959 8.617 13.347 13.07 10.2 12.379 15.047 
3 16 9.341 8.647 13.049 9.693 7.786 15.993 9.374 7.403 14.99 
3 16 9.341 8.647 13.049 9.374 7.403 14.99 9.296 8.271 13.22 
3 16 9.374 7.403 14.99 8.953 7.548 13.635 9.296 8.271 13.22 
3 16 9.374 7.403 14.99 8.445 6.873 13.943 8.953 7.548 13.635 
3 16 6.924 5.602 14.329 8.445 6.873 13.943 8.325 5.955 16.303 
3 16 8.445 6.873 13.943 9.374 7.403 14.99 8.325 5.955 16.303 
3 16 7.693 14.558 13.595 9.25 15.104 16.056 8.382 13.944 13.115 
3 16 10.2 12.379 15.047 8.617 13.347 13.07 9.25 15.104 16.056 
3 16 8.617 13.347 13.07 8.382 13.944 13.115 9.25 15.104 16.056 
3 16 8.325 5.955 16.303 7.147 5.371 15.86 6.924 5.602 14.329 
3 16 7.147 5.371 15.86 8.325 5.955 16.303 5.976 4.906 17.686 
3 16 8.055 6.845 20.81 5.976 4.906 17.686 8.948 6.501 17.377 
3 16 5.976 4.906 17.686 8.325 5.955 16.303 8.948 6.501 17.377 
3 16 5.692 15.838 14.493 4.219 17.193 14.536 5.037 17.438 16.693 
3 16 3.971 18.153 16.793 5.037 17.438 16.693 4.219 17.193 14.536 
3 16 3.38 18.294 19.777 5.037 17.438 16.693 3.971 18.153 16.793 
3 16 -2.169 15.591 23.349 -4.689 15.325 23.235 -1.705 13.449 25.896 
3 16 -4.355 13.402 25.472 -1.705 13.449 25.896 -4.689 15.325 23.235 
3 16 -7.851 12.865 22.8 -4.355 13.402 25.472 -4.689 15.325 23.235 
3 16 -4.231 12.13 25.379 -7.272 11.665 22.499 -4.201 10.56 23.525 
3 16 -4.201 10.56 23.525 -7.272 11.665 22.499 -6.36 10.605 22.115 
3 16 -1.705 13.449 25.896 -4.355 13.402 25.472 -2.257 11.885 25.782 
3 16 -4.231 12.13 25.379 -2.257 11.885 25.782 -4.355 13.402 25.472 
3 16 -4.355 13.402 25.472 -7.851 12.865 22.8 -4.231 12.13 25.379 
3 16 -7.272 11.665 22.499 -4.231 12.13 25.379 -7.851 12.865 22.8 
3 16 -4.201 10.56 23.525 -2.389 10.29 24.274 -4.231 12.13 25.379 
3 16 -2.389 10.29 24.274 -2.257 11.885 25.782 -4.231 12.13 25.379 
3 16 -6.36 10.605 22.115 -7.729 9.412 21.856 -4.201 10.56 23.525 
3 16 -7.729 9.412 21.856 -5.935 9.101 24.035 -4.201 10.56 23.525 
3 16 -7.729 9.412 21.856 -8.572 7.952 21.28 -5.935 9.101 24.035 
3 16 -8.572 7.952 21.28 -6.522 7.594 23.864 -5.935 9.101 24.035 
3 16 -5.169 5.625 22.425 -6.522 7.594 23.864 -7.047 6.108 20.683 
3 16 -7.047 6.108 20.683 -6.522 7.594 23.864 -8.572 7.952 21.28 
3 16 -5.501 3.822 21.904 -5.169 5.625 22.425 -7.18 4.521 19.973 
3 16 -5.169 5.625 22.425 -7.047 6.108 20.683 -7.18 4.521 19.973 
3 16 -5.014 3.055 21.558 -5.501 3.822 21.904 -6.406 3.833 19.778 
3 16 -6.406 3.833 19.778 -5.501 3.822 21.904 -7.18 4.521 19.973 
3 16 -5.014 3.055 21.558 -6.406 3.833 19.778 -4.073 3.458 19.702 
3 16 2.195 7.929 26.448 1.949 9.16 25.157 0.585 8.16 26.775 
3 16 0.656 8.869 26.067 0.585 8.16 26.775 1.949 9.16 25.157 
3 16 2.021 6.435 26.883 2.195 7.929 26.448 0.398 6.735 27.149 
3 16 0.585 8.16 26.775 0.398 6.735 27.149 2.195 7.929 26.448 
3 16 0.398 6.735 27.149 0.709 4.681 25.57 2.021 6.435 26.883 
3 16 2.55 4.681 25.295 2.021 6.435 26.883 0.709 4.681 25.57 
3 16 3.578 3.918 24.21 2.55 4.681 25.295 1.51 2.839 25.06 
3 16 2.55 4.681 25.295 0.709 4.681 25.57 1.51 2.839 25.06 
3 16 3.771 3.356 23.176 3.578 3.918 24.21 1.622 2.263 24.067 
3 16 1.622 2.263 24.067 3.578 3.918 24.21 1.51 2.839 25.06 
3 16 3.771 3.356 23.176 1.622 2.263 24.067 2.368 3.266 21.231 
3 16 1.622 2.263 24.067 1.053 2.573 21.775 2.368 3.266 21.231 
3 16 -5.935 9.101 24.035 -2.394 8.552 26.222 -4.201 10.56 23.525 
3 16 -4.201 10.56 23.525 -2.394 8.552 26.222 -2.389 10.29 24.274 
3 16 -2.389 10.29 24.274 -2.394 8.552 26.222 -0.951 9.061 26.096 
3 16 -0.951 9.061 26.096 -2.394 8.552 26.222 0.656 8.869 26.067 
3 16 -2.394 8.552 26.222 0.585 8.16 26.775 0.656 8.869 26.067 
3 16 -2.394 8.552 26.222 -2.724 7.142 26.538 0.585 8.16 26.775 
3 16 -2.724 7.142 26.538 0.398 6.735 27.149 0.585 8.16 26.775 
3 16 0.709 4.681 25.57 0.398 6.735 27.149 -2.17 5.009 24.845 
3 16 0.398 6.735 27.149 -2.724 7.142 26.538 -2.17 5.009 24.845 
3 16 1.51 2.839 25.06 0.709 4.681 25.57 -2.126 2.826 24.801 
3 16 0.709 4.681 25.57 -2.17 5.009 24.845 -2.126 2.826 24.801 
3 16 -2.126 2.826 24.801 -1.742 2.112 24.004 1.51 2.839 25.06 
3 16 1.622 2.263 24.067 1.51 2.839 25.06 -1.742 2.112 24.004 
3 16 -1.742 2.112 24.004 -1.599 2.481 21.398 1.622 2.263 24.067 
3 16 1.622 2.263 24.067 -1.599 2.481 21.398 1.053 2.573 21.775 
3 16 -5.935 9.101 24.035 -6.522 7.594 23.864 -2.394 8.552 26.222 
3 16 -6.522 7.594 23.864 -2.724 7.142 26.538 -2.394 8.552 26.222 
3 16 -2.17 5.009 24.845 -2.724 7.142 26.538 -5.169 5.625 22.425 
3 16 -5.169 5.625 22.425 -2.724 7.142 26.538 -6.522 7.594 23.864 
3 16 -5.169 5.625 22.425 -5.501 3.822 21.904 -2.17 5.009 24.845 
3 16 -5.501 3.822 21.904 -2.126 2.826 24.801 -2.17 5.009 24.845 
3 16 -5.501 3.822 21.904 -5.014 3.055 21.558 -2.126 2.826 24.801 
3 16 -1.742 2.112 24.004 -2.126 2.826 24.801 -5.014 3.055 21.558 
3 16 -4.073 3.458 19.702 -2.955 3.532 19.784 -5.014 3.055 21.558 
3 16 -1.599 2.481 21.398 -1.742 2.112 24.004 -2.955 3.532 19.784 
3 16 -5.014 3.055 21.558 -2.955 3.532 19.784 -1.742 2.112 24.004 
3 16 -1.194 1.476 17.585 -0.311 0.74 19.131 -2.955 3.532 19.784 
3 16 -1.599 2.481 21.398 -2.955 3.532 19.784 -0.311 0.74 19.131 
3 16 2.544 1.685 14.755 2.337 0.81 16.353 -0.148 2.42 15.815 
3 16 -0.311 0.74 19.131 -1.194 1.476 17.585 2.337 0.81 16.353 
3 16 2.337 0.81 16.353 -1.194 1.476 17.585 -0.148 2.42 15.815 
3 16 4.937 1.82 15.776 2.337 0.81 16.353 4.685 2.2 14.322 
3 16 2.337 0.81 16.353 2.544 1.685 14.755 4.685 2.2 14.322 
3 16 7.147 5.371 15.86 4.937 1.82 15.776 6.924 5.602 14.329 
3 16 6.924 5.602 14.329 4.937 1.82 15.776 4.685 2.2 14.322 
3 16 2.021 6.435 26.883 2.55 4.681 25.295 5.093 5.17 24.965 
3 16 2.55 4.681 25.295 3.578 3.918 24.21 5.093 5.17 24.965 
3 16 2.195 7.929 26.448 2.021 6.435 26.883 5.46 6.331 24.744 
3 16 2.021 6.435 26.883 5.093 5.17 24.965 5.46 6.331 24.744 
3 16 1.949 9.16 25.157 2.195 7.929 26.448 5.324 7.289 23.736 
3 16 2.195 7.929 26.448 5.46 6.331 24.744 5.324 7.289 23.736 
3 16 5.672 4.047 23.267 4.652 3.198 18.437 4.884 4.784 18.465 
3 16 4.884 4.784 18.465 6.012 6.205 22.092 6.225 5.276 23.036 
3 16 6.225 5.276 23.036 6.012 6.205 22.092 5.46 6.331 24.744 
3 16 5.46 6.331 24.744 6.012 6.205 22.092 5.324 7.289 23.736 
3 16 4.884 4.784 18.465 6.225 5.276 23.036 5.672 4.047 23.267 
3 16 3.703 2.392 19.119 4.652 3.198 18.437 3.771 3.356 23.176 
3 16 4.652 3.198 18.437 5.672 4.047 23.267 3.771 3.356 23.176 
3 16 3.703 2.392 19.119 3.771 3.356 23.176 2.368 3.266 21.231 
3 16 5.093 5.17 24.965 3.578 3.918 24.21 5.672 4.047 23.267 
3 16 5.672 4.047 23.267 3.578 3.918 24.21 3.771 3.356 23.176 
3 16 5.672 4.047 23.267 6.225 5.276 23.036 5.093 5.17 24.965 
3 16 6.225 5.276 23.036 5.46 6.331 24.744 5.093 5.17 24.965 
3 16 2.634 11.952 25.107 1.949 9.16 25.157 6.643 8.918 23.898 
3 16 1.949 9.16 25.157 5.324 7.289 23.736 6.643 8.918 23.898 
3 16 2.253 18.261 21.186 0.003 18.92 21.952 0.586 16.545 24.709 
3 16 -0.353 16.442 24.82 0.586 16.545 24.709 0.003 18.92 21.952 
3 16 8.325 5.955 16.303 9.374 7.403 14.99 8.948 6.501 17.377 
3 16 8.948 6.501 17.377 9.374 7.403 14.99 9.693 7.786 15.993 
3 16 9.25 15.104 16.056 7.693 14.558 13.595 7.838 16.932 18.233 
3 16 7.693 14.558 13.595 5.692 15.838 14.493 7.838 16.932 18.233 
3 16 5.037 17.438 16.693 7.838 16.932 18.233 5.692 15.838 14.493 
3 16 5.925 17.405 20.818 3.38 18.294 19.777 4.862 17.271 22.101 
3 16 2.253 18.261 21.186 4.862 17.271 22.101 3.38 18.294 19.777 
3 16 7.838 16.932 18.233 5.037 17.438 16.693 5.925 17.405 20.818 
3 16 5.925 17.405 20.818 5.037 17.438 16.693 3.38 18.294 19.777 
3 16 4.884 4.784 18.465 5.976 4.906 17.686 6.012 6.205 22.092 
3 16 5.976 4.906 17.686 8.055 6.845 20.81 6.012 6.205 22.092 
3 16 8.129 7.855 20.679 6.643 8.918 23.898 5.324 7.289 23.736 
3 16 5.324 7.289 23.736 6.012 6.205 22.092 8.055 6.845 20.81 
3 16 6.643 8.918 23.898 6.8 9.646 23.339 2.634 11.952 25.107 
3 16 3.066 12.659 24.244 2.634 11.952 25.107 6.8 9.646 23.339 
3 16 5.324 7.289 23.736 8.055 6.845 20.81 8.129 7.855 20.679 
3 16 7.211 9.295 20.413 6.8 9.646 23.339 6.643 8.918 23.898 
3 16 8.129 7.855 20.679 8.055 6.845 20.81 8.832 7.687 18.095 
3 16 8.832 7.687 18.095 8.055 6.845 20.81 8.948 6.501 17.377 
3 16 8.948 6.501 17.377 9.693 7.786 15.993 8.832 7.687 18.095 
3 16 8.832 7.687 18.095 9.693 7.786 15.993 9.393 8.444 16.724 
3 16 10.2 12.379 15.047 9.787 12.139 16.062 9.693 7.786 15.993 
3 16 9.393 8.444 16.724 9.693 7.786 15.993 9.787 12.139 16.062 
3 16 9.25 15.104 16.056 9.255 14.037 17.058 10.2 12.379 15.047 
3 16 9.787 12.139 16.062 10.2 12.379 15.047 9.255 14.037 17.058 
3 16 7.838 16.932 18.233 8.198 15.36 18.647 9.25 15.104 16.056 
3 16 9.255 14.037 17.058 9.25 15.104 16.056 8.198 15.36 18.647 
3 16 7.838 16.932 18.233 5.925 17.405 20.818 8.198 15.36 18.647 
3 16 8.198 15.36 18.647 5.925 17.405 20.818 6.753 16.085 20.519 
3 16 5.925 17.405 20.818 4.862 17.271 22.101 6.753 16.085 20.519 
3 16 4.862 17.271 22.101 5.734 16 21.665 6.753 16.085 20.519 
3 16 4.862 17.271 22.101 2.039 15.761 24.839 5.734 16 21.665 
3 16 2.039 15.761 24.839 3.793 15.123 23.561 5.734 16 21.665 
3 16 2.039 15.761 24.839 4.862 17.271 22.101 0.586 16.545 24.709 
3 16 4.862 17.271 22.101 2.253 18.261 21.186 0.586 16.545 24.709 
3 16 -2.169 15.591 23.349 -0.353 16.442 24.82 -2.148 16.775 23.004 
3 16 0.003 18.92 21.952 -2.06 18.355 21.458 -0.353 16.442 24.82 
3 16 -2.148 16.775 23.004 -0.353 16.442 24.82 -2.06 18.355 21.458 
3 16 -0.951 9.061 26.096 -0.488 11.932 27.062 -2.389 10.29 24.274 
3 16 -0.488 11.932 27.062 -2.257 11.885 25.782 -2.389 10.29 24.274 
3 16 -1.705 13.449 25.896 -2.257 11.885 25.782 -0.392 13.407 26.767 
3 16 -0.392 13.407 26.767 -2.257 11.885 25.782 -0.488 11.932 27.062 
3 16 2.634 11.952 25.107 3.066 12.659 24.244 1.061 11.813 26.996 
3 16 3.066 12.659 24.244 1.212 13.078 26.645 1.061 11.813 26.996 
3 16 3.066 12.659 24.244 3.793 15.123 23.561 1.212 13.078 26.645 
3 16 3.793 15.123 23.561 2.039 15.761 24.839 1.212 13.078 26.645 
3 16 -0.392 13.407 26.767 -0.353 16.442 24.82 -1.705 13.449 25.896 
3 16 -0.353 16.442 24.82 -2.169 15.591 23.349 -1.705 13.449 25.896 
3 16 -0.392 13.407 26.767 -0.488 11.932 27.062 1.212 13.078 26.645 
3 16 1.212 13.078 26.645 -0.488 11.932 27.062 1.061 11.813 26.996 
3 16 1.212 13.078 26.645 2.039 15.761 24.839 -0.392 13.407 26.767 
3 16 -0.392 13.407 26.767 2.039 15.761 24.839 0.586 16.545 24.709 
3 16 0.586 16.545 24.709 -0.353 16.442 24.82 -0.392 13.407 26.767 
3 16 1.949 9.16 25.157 2.634 11.952 25.107 0.656 8.869 26.067 
3 16 0.656 8.869 26.067 2.634 11.952 25.107 1.061 11.813 26.996 
3 16 0.656 8.869 26.067 1.061 11.813 26.996 -0.951 9.061 26.096 
3 16 1.061 11.813 26.996 -0.488 11.932 27.062 -0.951 9.061 26.096 
3 16 9.393 8.444 16.724 7.706 9.641 17.44 8.832 7.687 18.095 
3 16 7.706 9.641 17.44 7.23 9.279 18.479 8.832 7.687 18.095 
3 16 7.706 9.641 17.44 9.393 8.444 16.724 8.663 11.887 16.879 
3 16 8.663 11.887 16.879 9.393 8.444 16.724 9.787 12.139 16.062 
3 16 8.663 11.887 16.879 9.787 12.139 16.062 8.289 13.202 17.456 
3 16 8.289 13.202 17.456 9.787 12.139 16.062 9.255 14.037 17.058 
3 16 8.289 13.202 17.456 9.255 14.037 17.058 7.33 14.202 18.577 
3 16 7.33 14.202 18.577 9.255 14.037 17.058 8.198 15.36 18.647 
3 16 7.211 9.295 20.413 8.129 7.855 20.679 7.23 9.279 18.479 
3 16 7.23 9.279 18.479 8.129 7.855 20.679 8.832 7.687 18.095 
3 16 6.753 16.085 20.519 5.734 16 21.665 6.21 14.427 19.868 
3 16 5.734 16 21.665 5.617 14.344 20.394 6.21 14.427 19.868 
3 16 3.793 15.123 23.561 4.545 13.929 21.438 5.734 16 21.665 
3 16 5.617 14.344 20.394 5.734 16 21.665 4.545 13.929 21.438 
3 16 8.198 15.36 18.647 6.753 16.085 20.519 7.33 14.202 18.577 
3 16 7.33 14.202 18.577 6.753 16.085 20.519 6.21 14.427 19.868 
3 16 3.066 12.659 24.244 6.8 9.646 23.339 3.582 12.556 22.713 
3 16 3.582 12.556 22.713 6.8 9.646 23.339 6.606 10.535 22.392 
3 16 6.643 8.918 23.898 8.129 7.855 20.679 7.211 9.295 20.413 
3 16 6.606 10.535 22.392 6.8 9.646 23.339 7.211 9.295 20.413 
3 16 4.545 13.929 21.438 3.793 15.123 23.561 3.582 12.556 22.713 
3 16 3.793 15.123 23.561 3.066 12.659 24.244 3.582 12.556 22.713 
3 16 7.347 11.676 22.004 7.364 12.7 21.397 3.582 12.556 22.713 
3 16 7.364 12.7 21.397 4.545 13.929 21.438 3.582 12.556 22.713 
3 16 8.404 11.043 20.918 8.462 12.312 20.493 7.347 11.676 22.004 
3 16 7.364 12.7 21.397 7.347 11.676 22.004 8.462 12.312 20.493 
3 16 7.211 9.295 20.413 8.404 11.043 20.918 6.606 10.535 22.392 
3 16 7.347 11.676 22.004 6.606 10.535 22.392 8.404 11.043 20.918 
3 16 8.462 12.312 20.493 7.33 14.202 18.577 7.364 12.7 21.397 
3 16 7.364 12.7 21.397 7.33 14.202 18.577 6.21 14.427 19.868 
3 16 8.663 11.887 16.879 8.289 13.202 17.456 8.462 12.312 20.493 
3 16 7.33 14.202 18.577 8.462 12.312 20.493 8.289 13.202 17.456 
3 16 4.545 13.929 21.438 7.364 12.7 21.397 5.617 14.344 20.394 
3 16 6.21 14.427 19.868 5.617 14.344 20.394 7.364 12.7 21.397 
3 16 7.347 11.676 22.004 3.582 12.556 22.713 6.606 10.535 22.392 
3 16 7.706 9.641 17.44 8.404 11.043 20.918 7.23 9.279 18.479 
3 16 8.404 11.043 20.918 7.211 9.295 20.413 7.23 9.279 18.479 
3 16 7.706 9.641 17.44 8.663 11.887 16.879 8.404 11.043 20.918 
3 16 8.663 11.887 16.879 8.462 12.312 20.493 8.404 11.043 20.918 
3 16 4.249 17.817 12.779 6.643 17.582 11.272 4.094 12.349 12.931 
3 16 4.094 12.349 12.931 6.643 17.582 11.272 9.301 11.524 9.082 
3 16 6.643 17.582 11.272 9.81 16.401 8.635 9.301 11.524 9.082 
3 16 7.152 -1.592 4.129 7.593 -1.726 4.384 8.259 -1.592 0 
3 16 8.259 -1.592 0 7.593 -1.726 4.384 8.768 -1.726 0 
3 16 4.129 -1.592 7.152 4.384 -1.726 7.593 7.152 -1.592 4.129 
3 16 7.152 -1.592 4.129 4.384 -1.726 7.593 7.593 -1.726 4.384 
3 16 0 -1.592 8.259 0 -1.726 8.768 4.129 -1.592 7.152 
3 16 4.129 -1.592 7.152 0 -1.726 8.768 4.384 -1.726 7.593 
3 16 -4.129 -1.592 7.152 -4.384 -1.726 7.593 0 -1.592 8.259 
3 16 0 -1.592 8.259 -4.384 -1.726 7.593 0 -1.726 8.768 
3 16 -7.152 -1.592 4.129 -7.593 -1.726 4.384 -4.129 -1.592 7.152 
3 16 -4.129 -1.592 7.152 -7.593 -1.726 4.384 -4.384 -1.726 7.593 
3 16 -8.259 -1.592 0 -8.768 -1.726 0 -7.152 -1.592 4.129 
3 16 -7.152 -1.592 4.129 -8.768 -1.726 0 -7.593 -1.726 4.384 
3 16 -7.152 -1.592 -4.129 -7.593 -1.726 -4.384 -8.259 -1.592 0 
3 16 -8.259 -1.592 0 -7.593 -1.726 -4.384 -8.768 -1.726 0 
3 16 -4.129 -1.592 -7.152 -4.384 -1.726 -7.593 -7.152 -1.592 -4.129 
3 16 -7.152 -1.592 -4.129 -4.384 -1.726 -7.593 -7.593 -1.726 -4.384 
3 16 0 -1.592 -8.259 0 -1.726 -8.768 -4.129 -1.592 -7.152 
3 16 -4.129 -1.592 -7.152 0 -1.726 -8.768 -4.384 -1.726 -7.593 
3 16 4.129 -1.592 -7.152 4.384 -1.726 -7.593 0 -1.592 -8.259 
3 16 0 -1.592 -8.259 4.384 -1.726 -7.593 0 -1.726 -8.768 
3 16 7.152 -1.592 -4.129 7.593 -1.726 -4.384 4.129 -1.592 -7.152 
3 16 4.129 -1.592 -7.152 7.593 -1.726 -4.384 4.384 -1.726 -7.593 
3 16 8.259 -1.592 0 8.768 -1.726 0 7.152 -1.592 -4.129 
3 16 7.152 -1.592 -4.129 8.768 -1.726 0 7.593 -1.726 -4.384 
3 16 -0.107 -6.957 -3.481 0.032 -7.175 -2.325 -1.668 -7.416 -3.795 
3 16 -1.668 -7.416 -3.795 0.032 -7.175 -2.325 -1.294 -7.472 -2.83 
3 16 -0.107 -6.957 -3.481 0.069 -5.961 -6.851 0.952 -7.133 -3.223 
3 16 0.069 -5.961 -6.851 1.375 -5.882 -7.664 0.952 -7.133 -3.223 
3 16 1.57 -7.219 -4.237 0.952 -7.133 -3.223 1.375 -5.882 -7.664 
3 16 1.779 -7.659 -2.433 0.032 -7.175 -2.325 0.952 -7.133 -3.223 
3 16 0.032 -7.175 -2.325 -0.107 -6.957 -3.481 0.952 -7.133 -3.223 
2 24 7.044 0 4.067 4.067 0 7.044 
2 24 4.129 -1.592 7.152 7.152 -1.592 4.129 
2 24 4.067 0 7.044 0 0 8.134 
2 24 0 -1.592 8.259 4.129 -1.592 7.152 
2 24 0 0 -8.134 4.067 0 -7.007 
2 24 4.129 -1.592 -7.152 0 -1.592 -8.259 
2 24 7.152 -1.592 -4.129 4.129 -1.592 -7.152 
2 24 4.067 0 -7.007 7.044 0 -4.067 
2 24 7.044 0 -4.067 8.134 0 0 
2 24 8.259 -1.592 0 7.152 -1.592 -4.129 
2 24 8.134 0 0 7.044 0 4.067 
2 24 7.152 -1.592 4.129 8.259 -1.592 0 
2 24 10.739 4.613 -7.762 5.731 2.114 -11.057 
2 24 4.384 -1.726 -7.593 7.593 -1.726 -4.384 
2 24 7.593 -1.726 -4.384 8.768 -1.726 0 
2 24 8.768 -1.726 0 7.593 -1.726 4.384 
2 24 7.593 -1.726 4.384 4.384 -1.726 7.593 
2 24 4.384 -1.726 7.593 0 -1.726 8.768 
2 24 12.779 7.971 2.721 13.116 7.387 0.509 
2 24 2.561 6.109 16.844 3.721 5.048 12.745 
2 24 1.242 6.155 20.355 2.561 6.109 16.844 
2 24 0 6.302 20.771 1.242 6.155 20.355 
2 24 4.249 17.817 12.779 4.094 12.349 12.931 
2 24 3.689 17.11 14.497 4.249 17.817 12.779 
2 24 3.463 18.073 16.863 3.689 17.11 14.497 
2 24 1.834 18.204 20.869 3.463 18.073 16.863 
2 24 9.81 16.401 8.635 11.87 11.756 5.441 
2 24 0 18.743 21.34 1.834 18.204 20.869 
2 24 0.128 1.073 -11.355 1.508 1.323 -11.556 
2 24 1.629 0.373 -12.168 0.059 0.259 -11.962 
2 24 11.592 4.008 -8.068 6.407 1.359 -11.405 
2 24 14.394 7.852 3.118 14.775 7.202 0.434 
2 24 3.689 17.11 14.497 4.219 17.193 14.536 
2 24 4.219 17.193 14.536 4.829 17.997 13.168 
2 24 3.971 18.153 16.793 4.219 17.193 14.536 
2 24 3.38 18.294 19.777 3.971 18.153 16.793 
2 24 2.253 18.261 21.186 3.38 18.294 19.777 
2 24 10.483 16.376 9.115 12.906 11.732 5.823 
2 24 0.003 18.92 21.952 2.253 18.261 21.186 
2 24 12.906 11.732 5.823 14.394 7.852 3.118 
2 24 12.779 7.971 2.721 11.87 11.756 5.441 
2 24 3.721 5.048 12.745 4.094 12.349 12.931 
2 24 -4.067 0 7.044 -7.044 0 4.067 
2 24 -7.152 -1.592 4.129 -4.129 -1.592 7.152 
2 24 0 0 8.134 -4.067 0 7.044 
2 24 -4.129 -1.592 7.152 0 -1.592 8.259 
2 24 -4.067 0 -7.044 0 0 -8.134 
2 24 0 -1.592 -8.259 -4.129 -1.592 -7.152 
2 24 -7.044 0 -4.067 -4.067 0 -7.044 
2 24 -4.129 -1.592 -7.152 -7.152 -1.592 -4.129 
2 24 -8.134 0 0 -7.044 0 -4.067 
2 24 -7.152 -1.592 -4.129 -8.259 -1.592 0 
2 24 -7.044 0 4.067 -8.134 0 0 
2 24 -8.259 -1.592 0 -7.152 -1.592 4.129 
2 24 -4.384 -1.726 7.593 -7.593 -1.726 4.384 
2 24 0 -1.726 8.768 -4.384 -1.726 7.593 
2 24 -0.968 1.394 -11.63 -5.728 2.142 -10.975 
2 24 0.128 1.073 -11.355 -0.968 1.394 -11.63 
2 24 -4.384 -1.726 -7.593 0 -1.726 -8.768 
2 24 -5.728 2.142 -10.975 -10.739 4.613 -7.762 
2 24 -7.593 -1.726 -4.384 -4.384 -1.726 -7.593 
2 24 -8.768 -1.726 0 -7.593 -1.726 -4.384 
2 24 -7.593 -1.726 4.384 -8.768 -1.726 0 
2 24 -12.779 7.971 2.721 -11.87 11.756 5.441 
2 24 -4.118 12.349 12.899 -3.721 5.048 12.745 
2 24 -10.739 4.613 -7.762 -12.341 7.564 -4.572 
2 24 -13.116 7.387 0.509 -12.779 7.971 2.721 
2 24 -2.561 6.109 16.844 -3.721 5.048 12.745 
2 24 -1.242 6.155 20.355 -2.561 6.109 16.844 
2 24 0 6.302 20.771 -1.242 6.155 20.355 
2 24 -11.87 11.756 5.441 -10.014 16.317 8.454 
2 24 -4.285 17.899 12.872 -4.118 12.349 12.899 
2 24 -6.774 17.645 11.265 -4.285 17.899 12.872 
2 24 -10.014 16.317 8.454 -6.774 17.645 11.265 
2 24 -4.285 17.899 12.872 -3.574 17.292 14.399 
2 24 -3.574 17.292 14.399 -3.387 18.333 17.035 
2 24 -3.387 18.333 17.035 -1.824 18.237 20.831 
2 24 -1.824 18.237 20.831 0 18.743 21.34 
2 24 0.059 0.259 -11.962 -1.133 0.227 -12.349 
2 24 -1.133 0.227 -12.349 -6.441 1.083 -11.361 
2 24 -6.441 1.083 -11.361 -11.678 3.817 -8.057 
2 24 -11.678 3.817 -8.057 -13.476 7.397 -4.656 
2 24 -14.463 7.693 -1.493 -14.755 7.203 0.551 
2 24 -13.116 7.387 0.509 -13.077 7.98 -1.319 
2 24 -14.755 7.203 0.551 -14.42 7.841 3.131 
2 24 -13.027 11.725 6.029 -10.829 16.075 8.869 
2 24 -4.134 17.596 14.205 -3.574 17.292 14.399 
2 24 -4.592 18.01 13.251 -4.134 17.596 14.205 
2 24 -3.408 17.993 19.917 -2.06 18.355 21.458 
2 24 -3.816 18.609 17.214 -3.408 17.993 19.917 
2 24 -4.134 17.596 14.205 -3.816 18.609 17.214 
2 24 -14.42 7.841 3.131 -13.027 11.725 6.029 
2 24 -2.06 18.355 21.458 0.003 18.92 21.952 
2 24 11.592 4.008 -8.068 13.661 8.686 -3.057 
2 24 1.629 0.373 -12.168 6.407 1.359 -11.405 
2 24 1.508 1.323 -11.556 5.731 2.114 -11.057 
2 24 -11.847 0.534 -6.596 -14.661 3.742 -2.125 
2 24 -6.284 -1.866 -9.967 -11.847 0.534 -6.596 
2 24 0.086 -1.152 -11.571 0.181 -2.513 -10.787 
2 24 1.438 -1.487 -11.397 6.646 -0.662 -10.673 
2 24 6.646 -0.662 -10.673 11.974 1.785 -7.5 
2 24 11.974 1.785 -7.5 14.714 4.165 -3.089 
2 24 0.142 -3.923 -9.544 0.181 -2.513 -10.787 
2 24 11.968 -1.57 -4.221 6.555 -4.298 -7.455 
2 24 6.555 -4.298 -7.455 0.582 -4.951 -8.416 
2 24 0.142 -3.923 -9.544 0.069 -5.961 -6.851 
2 24 -1.015 -6.136 -7.024 -6.325 -4.639 -6.578 
2 24 -6.325 -4.639 -6.578 -11.261 -2.19 -4.273 
2 24 10.322 -4.218 -0.401 6.149 -6.507 -2.656 
2 24 12.678 -1.104 2.708 10.322 -4.218 -0.401 
2 24 6.149 -6.507 -2.656 0.952 -7.133 -3.223 
2 24 -12.763 8.772 -3.059 -12.341 7.564 -4.572 
2 24 -13.476 7.397 -4.656 -13.661 8.686 -3.057 
2 24 -13.661 8.686 -3.057 -12.763 8.772 -3.059 
2 24 -14.463 7.693 -1.493 -13.661 8.686 -3.057 
2 24 -14.422 1.811 -0.569 -11.261 -2.19 -4.273 
2 24 -5.672 -6.266 -5.283 -10.005 -3.94 -2.135 
2 24 -10.005 -3.94 -2.135 -12.588 -1.329 2.247 
2 24 -1.294 -7.472 -2.83 -4.545 -7.162 -1.455 
2 24 -4.545 -7.162 -1.455 -7.311 -6.391 1.267 
2 24 -7.311 -6.391 1.267 -8.808 -4.94 4.873 
2 24 -0.043 -7.312 -0.339 -0.023 -7.372 0.741 
2 24 -4.9 -6.775 4.326 -5.872 -5.139 7.352 
2 24 -0.004 -7.284 -1.248 0.032 -7.175 -2.325 
2 24 -0.043 -7.312 -0.339 -0.004 -7.284 -1.248 
2 24 9.738 -4.651 3.811 10.305 -2.717 5.44 
2 24 6.457 -5.661 4.402 4.022 -6.946 2.565 
2 24 8.349 -3.366 6.818 6.457 -5.661 4.402 
2 24 4.022 -6.946 2.565 1.038 -7.518 0.931 
2 24 3.828 -4.003 8.842 2.027 -6.848 4.758 
2 24 2.027 -6.848 4.758 0.912 -7.251 4.469 
2 24 -1.001 -3.371 10.749 -0.432 -6.371 6.518 
2 24 0.069 -5.961 -6.851 -0.107 -6.957 -3.481 
2 24 -13.077 7.98 -1.319 -12.763 8.772 -3.059 
2 24 0 -1.726 -8.768 4.384 -1.726 -7.593 
2 24 -6.136 -2.722 10.271 -5.872 -5.139 7.352 
2 24 10.559 2.666 10.023 10.61 0.48 8.327 
2 24 -14.274 4.259 3.697 -13.656 5.784 5.55 
2 24 -13.138 1.332 6.466 -12.588 -1.329 2.247 
2 24 -14.274 4.259 3.697 -14.588 1.949 2.488 
2 24 13.916 0.572 1.136 13.811 3.293 4.913 
2 24 13.661 8.686 -3.057 14.775 7.202 0.434 
2 24 8.349 -3.366 6.818 8.804 -0.571 9.831 
2 24 10.305 -2.717 5.44 10.61 0.48 8.327 
2 24 12.678 -1.104 2.708 13.408 1.626 5.726 
2 24 -13.656 5.784 5.55 -11.641 8.85 9.387 
2 24 -6.136 -2.722 10.271 -5.229 2.07 13.995 
2 24 -1.001 -3.371 10.749 -0.893 1.131 14.519 
2 24 3.828 -4.003 8.842 3.801 0.918 13.479 
2 24 10.559 2.666 10.023 10.243 4.373 11.102 
2 24 13.811 3.293 4.913 12.023 6.377 9.195 
2 24 -8.857 7.47 13.487 -10.1 9.146 12.247 
2 24 -8.08 6.927 13.74 -8.857 7.47 13.487 
2 24 -7.077 6.328 15.148 -8.08 6.927 13.74 
2 24 -6.498 5.375 15.274 -7.077 6.328 15.148 
2 24 -4.691 3.533 14.966 -6.498 5.375 15.274 
2 24 -3.749 2.433 15.211 -4.691 3.533 14.966 
2 24 -2.015 2.11 15.505 -3.749 2.433 15.211 
2 24 -0.893 1.131 14.519 -0.91 2.502 15.551 
2 24 -0.91 2.502 15.551 -2.015 2.11 15.505 
2 24 -0.148 2.42 15.815 -0.91 2.502 15.551 
2 24 2.544 1.685 14.755 -0.148 2.42 15.815 
2 24 4.685 2.2 14.322 2.544 1.685 14.755 
2 24 9.296 8.271 13.22 8.953 7.548 13.635 
2 24 9.341 8.647 13.049 9.296 8.271 13.22 
2 24 12.023 6.377 9.195 10.241 7.989 11.859 
2 24 8.953 7.548 13.635 8.445 6.873 13.943 
2 24 6.924 5.602 14.329 4.685 2.2 14.322 
2 24 8.445 6.873 13.943 6.924 5.602 14.329 
2 24 -10.1 9.146 12.247 -10.002 12.105 11.58 
2 24 -10.829 16.075 8.869 -7.047 17.706 11.821 
2 24 -8.893 14.106 12.465 -6.642 16.259 13.656 
2 24 -10.002 12.105 11.58 -8.893 14.106 12.465 
2 24 -7.047 17.706 11.821 -4.592 18.01 13.251 
2 24 -6.642 16.259 13.656 -4.134 17.596 14.205 
2 24 12.8 8.778 -2.857 13.661 8.686 -3.057 
2 24 10.739 4.613 -7.762 12.8 8.778 -2.857 
2 24 12.8 8.778 -2.857 13.116 7.387 0.509 
2 24 8.382 13.944 13.115 8.617 13.347 13.07 
2 24 7.693 14.558 13.595 8.382 13.944 13.115 
2 24 10.483 16.376 9.115 7.057 17.721 11.83 
2 24 9.81 16.401 8.635 6.643 17.582 11.272 
2 24 6.643 17.582 11.272 4.249 17.817 12.779 
2 24 4.829 17.997 13.168 7.057 17.721 11.83 
2 24 9.52 9.888 12.959 9.341 8.647 13.049 
2 24 8.617 13.347 13.07 9.52 9.888 12.959 
2 24 5.692 15.838 14.493 7.693 14.558 13.595 
2 24 4.219 17.193 14.536 5.692 15.838 14.493 
2 24 -5.719 17.225 19.685 -3.408 17.993 19.917 
2 24 -9.052 14.409 19.242 -5.719 17.225 19.685 
2 24 -7.077 6.328 15.148 -10.108 8.16 17.559 
2 24 -7.41 10.788 16.468 -7.374 10.904 17.019 
2 24 -7.374 10.904 17.019 -7.219 11.385 17.173 
2 24 -7.6 11.419 15.647 -7.523 11.009 15.912 
2 24 -7.244 11.871 17.256 -7.352 12.289 16.686 
2 24 -7.219 11.385 17.173 -7.244 11.871 17.256 
2 24 -7.523 11.009 15.912 -7.41 10.788 16.468 
2 24 -7.534 11.977 15.889 -7.6 11.419 15.647 
2 24 -7.352 12.289 16.686 -7.534 11.977 15.889 
2 24 -9.938 9.368 17.889 -7.374 10.904 17.019 
2 24 -9.106 13.216 18.838 -7.244 11.871 17.256 
2 24 -9.106 13.216 18.838 -9.052 14.409 19.242 
2 24 -10.108 8.16 17.559 -9.938 9.368 17.889 
2 24 -0.148 2.42 15.815 -1.194 1.476 17.585 
2 24 -2.148 16.775 23.004 -2.06 18.355 21.458 
2 24 -1.194 1.476 17.585 -2.955 3.532 19.784 
2 24 -2.169 15.591 23.349 -2.148 16.775 23.004 
2 24 -4.689 15.325 23.235 -2.169 15.591 23.349 
2 24 -7.851 12.865 22.8 -4.689 15.325 23.235 
2 24 -6.36 10.605 22.115 -7.272 11.665 22.499 
2 24 -7.272 11.665 22.499 -7.851 12.865 22.8 
2 24 -7.729 9.412 21.856 -6.36 10.605 22.115 
2 24 -8.572 7.952 21.28 -7.729 9.412 21.856 
2 24 -7.047 6.108 20.683 -8.572 7.952 21.28 
2 24 -7.18 4.521 19.973 -7.047 6.108 20.683 
2 24 -4.073 3.458 19.702 -6.406 3.833 19.778 
2 24 -6.406 3.833 19.778 -7.18 4.521 19.973 
2 24 -2.955 3.532 19.784 -4.073 3.458 19.702 
2 24 7.147 5.371 15.86 5.976 4.906 17.686 
2 24 1.053 2.573 21.775 -1.599 2.481 21.398 
2 24 4.884 4.784 18.465 4.652 3.198 18.437 
2 24 5.976 4.906 17.686 4.884 4.784 18.465 
2 24 4.652 3.198 18.437 3.703 2.392 19.119 
2 24 3.703 2.392 19.119 2.368 3.266 21.231 
2 24 2.368 3.266 21.231 1.053 2.573 21.775 
2 24 7.147 5.371 15.86 6.924 5.602 14.329 
2 24 5.037 17.438 16.693 5.692 15.838 14.493 
2 24 3.38 18.294 19.777 5.037 17.438 16.693 
2 24 -1.705 13.449 25.896 -2.169 15.591 23.349 
2 24 -6.36 10.605 22.115 -4.201 10.56 23.525 
2 24 -2.257 11.885 25.782 -1.705 13.449 25.896 
2 24 -4.201 10.56 23.525 -2.389 10.29 24.274 
2 24 -2.389 10.29 24.274 -2.257 11.885 25.782 
2 24 -7.047 6.108 20.683 -5.169 5.625 22.425 
2 24 1.949 9.16 25.157 0.656 8.869 26.067 
2 24 0.709 4.681 25.57 2.55 4.681 25.295 
2 24 3.578 3.918 24.21 2.55 4.681 25.295 
2 24 3.771 3.356 23.176 3.578 3.918 24.21 
2 24 2.368 3.266 21.231 3.771 3.356 23.176 
2 24 -0.951 9.061 26.096 -2.389 10.29 24.274 
2 24 0.656 8.869 26.067 -0.951 9.061 26.096 
2 24 -2.17 5.009 24.845 0.709 4.681 25.57 
2 24 -5.169 5.625 22.425 -2.17 5.009 24.845 
2 24 -2.955 3.532 19.784 -1.599 2.481 21.398 
2 24 5.324 7.289 23.736 1.949 9.16 25.157 
2 24 4.884 4.784 18.465 6.012 6.205 22.092 
2 24 6.012 6.205 22.092 5.324 7.289 23.736 
2 24 2.634 11.952 25.107 1.949 9.16 25.157 
2 24 0.586 16.545 24.709 2.253 18.261 21.186 
2 24 3.066 12.659 24.244 2.634 11.952 25.107 
2 24 7.706 9.641 17.44 7.23 9.279 18.479 
2 24 8.663 11.887 16.879 7.706 9.641 17.44 
2 24 8.289 13.202 17.456 8.663 11.887 16.879 
2 24 7.33 14.202 18.577 8.289 13.202 17.456 
2 24 7.23 9.279 18.479 7.211 9.295 20.413 
2 24 5.617 14.344 20.394 6.21 14.427 19.868 
2 24 4.545 13.929 21.438 5.617 14.344 20.394 
2 24 6.21 14.427 19.868 7.33 14.202 18.577 
2 24 3.582 12.556 22.713 3.066 12.659 24.244 
2 24 6.606 10.535 22.392 3.582 12.556 22.713 
2 24 7.211 9.295 20.413 6.606 10.535 22.392 
2 24 3.582 12.556 22.713 4.545 13.929 21.438 
2 24 -0.107 -6.957 -3.481 0.032 -7.175 -2.325 

0 // Stud4
3 16 0 -4.892 0 -3.184 -4.794 5.515 0 -4.794 6.368 
3 16 -5.515 -4.794 3.184 -3.184 -4.794 5.515 0 -4.892 0 
3 16 0 -4.892 0 3.184 -4.794 5.515 5.515 -4.794 3.184 
3 16 0 -4.892 0 0 -4.794 6.368 3.184 -4.794 5.515 
3 16 5.515 -4.794 3.184 6.368 -4.794 0 0 -4.892 0 
3 16 0 -4.794 -6.368 -3.184 -4.794 -5.515 0 -4.892 0 
3 16 3.184 -4.794 -5.515 0 -4.794 -6.368 0 -4.892 0 
3 16 -3.184 -4.794 -5.515 -5.515 -4.794 -3.184 0 -4.892 0 
3 16 -5.515 -4.794 -3.184 -6.368 -4.794 0 0 -4.892 0 
3 16 -6.368 -4.794 0 -5.515 -4.794 3.184 0 -4.892 0 
3 16 6.368 -4.794 0 5.515 -4.794 -3.184 0 -4.892 0 
3 16 5.515 -4.794 -3.184 3.184 -4.794 -5.515 0 -4.892 0 
3 16 3.184 0 5.515 3.184 -4.794 5.515 0 0 6.368 
3 16 3.184 -4.794 5.515 0 -4.794 6.368 0 0 6.368 
3 16 5.515 0 3.184 5.515 -4.794 3.184 3.184 0 5.515 
3 16 5.515 -4.794 3.184 3.184 -4.794 5.515 3.184 0 5.515 
3 16 6.368 0 0 6.368 -4.794 0 5.515 0 3.184 
3 16 6.368 -4.794 0 5.515 -4.794 3.184 5.515 0 3.184 
3 16 5.515 0 -3.184 5.515 -4.794 -3.184 6.368 0 0 
3 16 5.515 -4.794 -3.184 6.368 -4.794 0 6.368 0 0 
3 16 3.184 0 -5.515 3.184 -4.794 -5.515 5.515 0 -3.184 
3 16 3.184 -4.794 -5.515 5.515 -4.794 -3.184 5.515 0 -3.184 
3 16 0 0 -6.368 0 -4.794 -6.368 3.184 0 -5.515 
3 16 0 -4.794 -6.368 3.184 -4.794 -5.515 3.184 0 -5.515 
3 16 -3.184 0 -5.515 -3.184 -4.794 -5.515 0 0 -6.368 
3 16 -3.184 -4.794 -5.515 0 -4.794 -6.368 0 0 -6.368 
3 16 -5.515 0 -3.184 -5.515 -4.794 -3.184 -3.184 0 -5.515 
3 16 -5.515 -4.794 -3.184 -3.184 -4.794 -5.515 -3.184 0 -5.515 
3 16 -6.368 0 0 -6.368 -4.794 0 -5.515 0 -3.184 
3 16 -6.368 -4.794 0 -5.515 -4.794 -3.184 -5.515 0 -3.184 
3 16 -5.515 0 3.184 -5.515 -4.794 3.184 -6.368 0 0 
3 16 -5.515 -4.794 3.184 -6.368 -4.794 0 -6.368 0 0 
3 16 -3.184 0 5.515 -3.184 -4.794 5.515 -5.515 0 3.184 
3 16 -3.184 -4.794 5.515 -5.515 -4.794 3.184 -5.515 0 3.184 
3 16 0 0 6.368 0 -4.794 6.368 -3.184 0 5.515 
3 16 0 -4.794 6.368 -3.184 -4.794 5.515 -3.184 0 5.515 
3 16 6.368 0 0 8.134 0 0 5.515 0 -3.184 
3 16 8.134 0 0 7.044 0 -4.067 5.515 0 -3.184 
3 16 7.044 0 4.067 8.134 0 0 6.368 0 0 
3 16 7.044 0 4.067 6.368 0 0 5.515 0 3.184 
3 16 3.184 0 5.515 4.067 0 7.044 5.515 0 3.184 
3 16 4.067 0 7.044 7.044 0 4.067 5.515 0 3.184 
3 16 0 0 6.368 0 0 8.134 3.184 0 5.515 
3 16 0 0 8.134 4.067 0 7.044 3.184 0 5.515 
3 16 -3.184 0 5.515 -4.067 0 7.044 0 0 6.368 
3 16 -4.067 0 7.044 0 0 8.134 0 0 6.368 
3 16 -7.044 0 4.067 -4.067 0 7.044 -3.184 0 5.515 
3 16 -7.044 0 4.067 -3.184 0 5.515 -5.515 0 3.184 
3 16 -6.368 0 0 -8.134 0 0 -5.515 0 3.184 
3 16 -8.134 0 0 -7.044 0 4.067 -5.515 0 3.184 
3 16 -5.515 0 -3.184 -7.044 0 -4.067 -6.368 0 0 
3 16 -7.044 0 -4.067 -8.134 0 0 -6.368 0 0 
3 16 -3.184 0 -5.515 -4.067 0 -7.044 -5.515 0 -3.184 
3 16 -4.067 0 -7.044 -7.044 0 -4.067 -5.515 0 -3.184 
3 16 0 0 -6.368 0 0 -8.134 -3.184 0 -5.515 
3 16 0 0 -8.134 -4.067 0 -7.044 -3.184 0 -5.515 
3 16 3.184 0 -5.515 4.067 0 -7.007 0 0 -6.368 
3 16 4.067 0 -7.007 0 0 -8.134 0 0 -6.368 
3 16 7.044 0 -4.067 4.067 0 -7.007 3.184 0 -5.515 
3 16 5.515 0 -3.184 7.044 0 -4.067 3.184 0 -5.515 
2 24 -3.184 -4.794 5.515 0 -4.794 6.368 
2 24 -5.515 -4.794 3.184 -3.184 -4.794 5.515 
2 24 3.184 -4.794 5.515 5.515 -4.794 3.184 
2 24 0 -4.794 6.368 3.184 -4.794 5.515 
2 24 5.515 -4.794 3.184 6.368 -4.794 0 
2 24 0 -4.794 -6.368 -3.184 -4.794 -5.515 
2 24 3.184 -4.794 -5.515 0 -4.794 -6.368 
2 24 -3.184 -4.794 -5.515 -5.515 -4.794 -3.184 
2 24 -5.515 -4.794 -3.184 -6.368 -4.794 0 
2 24 -6.368 -4.794 0 -5.515 -4.794 3.184 
2 24 6.368 -4.794 0 5.515 -4.794 -3.184 
2 24 5.515 -4.794 -3.184 3.184 -4.794 -5.515 
2 24 0 0 6.368 3.184 0 5.515 
2 24 3.184 0 5.515 5.515 0 3.184 
2 24 5.515 0 3.184 6.368 0 0 
2 24 6.368 0 0 5.515 0 -3.184 
2 24 5.515 0 -3.184 3.184 0 -5.515 
2 24 3.184 0 -5.515 0 0 -6.368 
2 24 0 0 -6.368 -3.184 0 -5.515 
2 24 -3.184 0 -5.515 -5.515 0 -3.184 
2 24 -5.515 0 -3.184 -6.368 0 0 
2 24 -6.368 0 0 -5.515 0 3.184 
2 24 -5.515 0 3.184 -3.184 0 5.515 
2 24 -3.184 0 5.515 0 0 6.368 
2 24 8.134 0 0 7.044 0 -4.067 
2 24 7.044 0 4.067 8.134 0 0 
2 24 4.067 0 7.044 7.044 0 4.067 
2 24 0 0 8.134 4.067 0 7.044 
2 24 -4.067 0 7.044 0 0 8.134 
2 24 -7.044 0 4.067 -4.067 0 7.044 
2 24 -8.134 0 0 -7.044 0 4.067 
2 24 -7.044 0 -4.067 -8.134 0 0 
2 24 -4.067 0 -7.044 -7.044 0 -4.067 
2 24 0 0 -8.134 -4.067 0 -7.044 
2 24 4.067 0 -7.007 0 0 -8.134 
2 24 7.044 0 -4.067 4.067 0 -7.007 

