0 MINI BEARD NO. 1 (Needs Work)
0 Name: 15439.dat
0 Author: <AuthorRealName> [<AuthorLDrawName>]
0 !LDRAW_ORG Unofficial_Part
0 !LICENSE Redistributable under CCAL version 2.0 : see CAreadme.txt

0 BFC CERTIFY CCW

0 !HISTORY 2014-05-16 {LEGO Digital Designer} Original part shape
0 !HISTORY 2014-05-16 [<AuthorLDrawName>] File preparation for LDraw Parts Tracker

0 // Needs Work: Clean necessary

0 // Outside
3 16 3.157 0 7.589 3.145 -3.132 7.605 -0.001 0 8.231 
3 16 -0.001 0 8.231 3.145 -3.132 7.605 -0.001 -3.132 8.23 
3 16 5.927 0 5.69 5.812 -3.132 5.823 3.157 0 7.589 
3 16 3.157 0 7.589 5.812 -3.132 5.823 3.145 -3.132 7.605 
3 16 7.637 0 3.13 7.628 -3.139 3.109 5.927 0 5.69 
3 16 5.927 0 5.69 7.628 -3.139 3.109 5.812 -3.132 5.823 
3 16 7.637 0 3.13 8.237 0 0.111 7.628 -3.139 3.109 
3 16 7.628 -3.139 3.109 8.237 0 0.111 8.254 -3.139 -0.036 
3 16 8.237 0 0.111 7.637 0 -2.908 8.254 -3.139 -0.036 
3 16 8.254 -3.139 -0.036 7.637 0 -2.908 7.658 -3.14 -3.182 
3 16 5.957 -3.133 -5.696 7.658 -3.14 -3.182 5.989 -0.475 -5.694 
3 16 5.989 -0.475 -5.694 7.658 -3.14 -3.182 7.637 0 -2.908 
3 16 5.022 -3.197 -6.791 5.957 -3.133 -5.696 5.06 -1.338 -7.101 
3 16 5.06 -1.338 -7.101 5.957 -3.133 -5.696 5.989 -0.475 -5.694 
3 16 5.06 -1.338 -7.101 5.1 -1.256 -8.7 5.022 -3.197 -6.791 
3 16 5.022 -3.197 -6.791 5.1 -1.256 -8.7 4.378 -3.557 -9.091 
3 16 -0.001 -3.132 8.23 3.145 -3.132 7.605 -0.001 -3.544 10.098 
3 16 -0.001 -3.544 10.098 3.145 -3.132 7.605 3.927 -3.562 9.289 
3 16 3.145 -3.132 7.605 5.812 -3.132 5.823 3.927 -3.562 9.289 
3 16 3.927 -3.562 9.289 5.812 -3.132 5.823 7.226 -3.588 7.066 
3 16 5.812 -3.132 5.823 7.628 -3.139 3.109 7.226 -3.588 7.066 
3 16 7.226 -3.588 7.066 7.628 -3.139 3.109 9.401 -3.559 3.701 
3 16 7.628 -3.139 3.109 8.254 -3.139 -0.036 9.401 -3.559 3.701 
3 16 9.401 -3.559 3.701 8.254 -3.139 -0.036 10.189 -3.606 -0.111 
3 16 8.254 -3.139 -0.036 7.658 -3.14 -3.182 10.189 -3.606 -0.111 
3 16 10.189 -3.606 -0.111 7.658 -3.14 -3.182 9.852 -3.883 -4.205 
3 16 7.658 -3.14 -3.182 5.957 -3.133 -5.696 9.852 -3.883 -4.205 
3 16 9.852 -3.883 -4.205 5.957 -3.133 -5.696 8.827 -4.406 -7.156 
3 16 5.957 -3.133 -5.696 5.022 -3.197 -6.791 8.827 -4.406 -7.156 
3 16 8.827 -4.406 -7.156 5.022 -3.197 -6.791 7.445 -5.154 -9.456 
3 16 5.022 -3.197 -6.791 4.378 -3.557 -9.091 7.445 -5.154 -9.456 
3 16 7.445 -5.154 -9.456 4.378 -3.557 -9.091 5.399 -5.857 -11.238 
3 16 2.088 -8.573 -12.813 5.604 -8.28 -11.712 1.951 -6.341 -12.538 
3 16 1.951 -6.341 -12.538 5.604 -8.28 -11.712 5.399 -5.857 -11.238 
3 16 -0.001 -4.461 11.95 -0.001 -4.461 11.374 4.665 -4.363 11.065 
3 16 4.665 -4.363 11.065 -0.001 -4.461 11.374 4.471 -4.461 10.48 
3 16 4.471 -4.461 10.48 8.279 -4.461 7.936 4.665 -4.363 11.065 
3 16 4.665 -4.363 11.065 8.279 -4.461 7.936 8.977 -4.395 8.569 
3 16 8.279 -4.461 7.936 10.705 -4.461 4.064 8.977 -4.395 8.569 
3 16 8.977 -4.395 8.569 10.705 -4.461 4.064 12.071 -4.432 4.431 
3 16 10.705 -4.461 4.064 11.782 -4.772 -0.333 12.071 -4.432 4.431 
3 16 12.071 -4.432 4.431 11.782 -4.772 -0.333 12.627 -4.218 -0.332 
3 16 12.627 -4.218 -0.332 11.782 -4.772 -0.333 11.955 -4.905 -4.915 
3 16 11.955 -4.905 -4.915 11.782 -4.772 -0.333 11.438 -5.534 -4.717 
3 16 11.955 -4.905 -4.915 11.438 -5.534 -4.717 10.985 -6.663 -7.897 
3 16 10.985 -6.663 -7.897 11.438 -5.534 -4.717 10.65 -7.145 -7.34 
3 16 9.567 -9.086 -8.818 9.911 -8.617 -9.444 10.65 -7.145 -7.34 
3 16 10.65 -7.145 -7.34 9.911 -8.617 -9.444 10.985 -6.663 -7.897 
3 16 9.911 -8.617 -9.444 9.567 -9.086 -8.818 8.07 -10.633 -11.34 
3 16 8.07 -10.633 -11.34 9.567 -9.086 -8.818 7.694 -10.879 -10.448 
3 16 5.435 -11.906 -12.716 8.07 -10.633 -11.34 5.239 -12.087 -11.907 
3 16 5.239 -12.087 -11.907 8.07 -10.633 -11.34 7.694 -10.879 -10.448 
3 16 5.239 -12.087 -11.907 2.38 -12.27 -12.818 5.435 -11.906 -12.716 
3 16 5.435 -11.906 -12.716 2.38 -12.27 -12.818 2.515 -12.158 -13.41 
3 16 2.38 -12.27 -12.818 -0.001 -11.695 -13.019 2.515 -12.158 -13.41 
3 16 2.515 -12.158 -13.41 -0.001 -11.695 -13.019 -0.001 -11.638 -13.684 
3 16 3.157 0 7.589 -0.001 0 8.231 4.456 0.019 10.549 
3 16 4.456 0.019 10.549 -0.001 0 8.231 -0.001 0.019 11.679 
3 16 3.157 0 7.589 4.456 0.019 10.549 5.927 0 5.69 
3 16 5.927 0 5.69 4.456 0.019 10.549 8.287 0.019 7.932 
3 16 5.927 0 5.69 8.287 0.019 7.932 7.637 0 3.13 
3 16 7.637 0 3.13 8.287 0.019 7.932 11.495 0.019 4.233 
3 16 7.637 0 3.13 11.495 0.019 4.233 8.237 0 0.111 
3 16 8.237 0 0.111 11.495 0.019 4.233 12.495 0.019 -0.281 
3 16 8.237 0 0.111 12.495 0.019 -0.281 7.637 0 -2.908 
3 16 7.637 0 -2.908 12.495 0.019 -0.281 12.143 -0.038 -4.988 
3 16 12.025 -0.143 -7.856 8.938 -0.232 -7.452 12.143 -0.038 -4.988 
3 16 12.143 -0.038 -4.988 8.938 -0.232 -7.452 7.637 0 -2.908 
3 16 4.824 -2.074 11.053 4.456 0.019 10.549 -0.001 -2.199 11.991 
3 16 -0.001 -2.199 11.991 4.456 0.019 10.549 -0.001 0.019 11.679 
3 16 12.091 -2.155 4.472 11.495 0.019 4.233 9.013 -2.138 8.563 
3 16 9.013 -2.138 8.563 11.495 0.019 4.233 8.287 0.019 7.932 
3 16 9.013 -2.138 8.563 8.287 0.019 7.932 4.824 -2.074 11.053 
3 16 4.824 -2.074 11.053 8.287 0.019 7.932 4.456 0.019 10.549 
3 16 12.978 -2.177 -0.309 12.495 0.019 -0.281 12.091 -2.155 4.472 
3 16 12.091 -2.155 4.472 12.495 0.019 -0.281 11.495 0.019 4.233 
3 16 12.777 -2.676 -5.079 12.143 -0.038 -4.988 12.978 -2.177 -0.309 
3 16 12.978 -2.177 -0.309 12.143 -0.038 -4.988 12.495 0.019 -0.281 
3 16 -0.001 -4.461 11.95 4.665 -4.363 11.065 -0.001 -2.199 11.991 
3 16 -0.001 -2.199 11.991 4.665 -4.363 11.065 4.824 -2.074 11.053 
3 16 4.665 -4.363 11.065 8.977 -4.395 8.569 4.824 -2.074 11.053 
3 16 4.824 -2.074 11.053 8.977 -4.395 8.569 9.013 -2.138 8.563 
3 16 12.071 -4.432 4.431 12.091 -2.155 4.472 8.977 -4.395 8.569 
3 16 8.977 -4.395 8.569 12.091 -2.155 4.472 9.013 -2.138 8.563 
3 16 12.071 -4.432 4.431 12.627 -4.218 -0.332 12.091 -2.155 4.472 
3 16 12.091 -2.155 4.472 12.627 -4.218 -0.332 12.978 -2.177 -0.309 
3 16 11.955 -4.905 -4.915 12.777 -2.676 -5.079 12.627 -4.218 -0.332 
3 16 12.627 -4.218 -0.332 12.777 -2.676 -5.079 12.978 -2.177 -0.309 
3 16 2.38 -12.27 -12.818 2.088 -8.573 -12.813 -0.001 -11.695 -13.019 
3 16 -0.001 -11.695 -13.019 2.088 -8.573 -12.813 -0.001 -8.45 -12.987 
3 16 2.38 -12.27 -12.818 5.239 -12.087 -11.907 2.088 -8.573 -12.813 
3 16 2.088 -8.573 -12.813 5.239 -12.087 -11.907 5.604 -8.28 -11.712 
3 16 8.134 -7.813 -10.12 5.604 -8.28 -11.712 7.694 -10.879 -10.448 
3 16 7.694 -10.879 -10.448 5.604 -8.28 -11.712 5.239 -12.087 -11.907 
3 16 8.134 -7.813 -10.12 10.65 -7.145 -7.34 7.445 -5.154 -9.456 
3 16 7.445 -5.154 -9.456 10.65 -7.145 -7.34 8.827 -4.406 -7.156 
3 16 10.65 -7.145 -7.34 11.438 -5.534 -4.717 8.827 -4.406 -7.156 
3 16 8.827 -4.406 -7.156 11.438 -5.534 -4.717 9.852 -3.883 -4.205 
3 16 10.189 -3.606 -0.111 9.852 -3.883 -4.205 11.782 -4.772 -0.333 
3 16 11.782 -4.772 -0.333 9.852 -3.883 -4.205 11.438 -5.534 -4.717 
3 16 9.401 -3.559 3.701 10.189 -3.606 -0.111 10.705 -4.461 4.064 
3 16 10.705 -4.461 4.064 10.189 -3.606 -0.111 11.782 -4.772 -0.333 
3 16 7.226 -3.588 7.066 9.401 -3.559 3.701 8.279 -4.461 7.936 
3 16 8.279 -4.461 7.936 9.401 -3.559 3.701 10.705 -4.461 4.064 
3 16 3.927 -3.562 9.289 7.226 -3.588 7.066 4.471 -4.461 10.48 
3 16 4.471 -4.461 10.48 7.226 -3.588 7.066 8.279 -4.461 7.936 
3 16 -0.001 -3.544 10.098 3.927 -3.562 9.289 -0.001 -4.461 11.374 
3 16 -0.001 -4.461 11.374 3.927 -3.562 9.289 4.471 -4.461 10.48 
3 16 7.445 -5.154 -9.456 5.399 -5.857 -11.238 8.134 -7.813 -10.12 
3 16 8.134 -7.813 -10.12 5.399 -5.857 -11.238 5.604 -8.28 -11.712 
3 16 1.951 -6.341 -12.538 0.022 -7.533 -12.972 2.088 -8.573 -12.813 
3 16 2.088 -8.573 -12.813 0.022 -7.533 -12.972 -0.001 -8.45 -12.987 
3 16 4.774 -2.933 -14.25 4.298 -2.419 -9.263 7.016 -0.928 -13.246 
3 16 4.298 -2.419 -9.263 5.1 -1.256 -8.7 7.016 -0.928 -13.246 
3 16 5.1 -1.256 -8.7 6.39 -0.259 -8.685 7.016 -0.928 -13.246 
3 16 1.544 -8.4 -15.557 1.54 -8.742 -15.544 -0.001 -8.836 -14.993 
3 16 -0.001 -8.836 -14.993 1.54 -8.742 -15.544 -0.001 -9.286 -15.077 
3 16 3.68 -3.514 -9.369 4.378 -3.557 -9.091 4.298 -2.419 -9.263 
3 16 4.298 -2.419 -9.263 4.378 -3.557 -9.091 5.1 -1.256 -8.7 
3 16 9.824 -0.616 -12.68 9.896 -0.066 -11.615 11.602 -0.626 -11.669 
3 16 11.602 -0.626 -11.669 9.896 -0.066 -11.615 12.055 -0.404 -10.679 
3 16 9.896 -0.066 -11.615 9.824 -0.616 -12.68 7.016 -0.928 -13.246 
3 16 7.016 -0.928 -13.246 9.824 -0.616 -12.68 7.362 -1.776 -14.209 
3 16 9.896 -0.066 -11.615 9.274 -0.32 -8.741 12.055 -0.404 -10.679 
3 16 12.055 -0.404 -10.679 9.274 -0.32 -8.741 12.561 -0.39 -8.805 
3 16 6.298 -0.309 -7.106 5.06 -1.338 -7.101 5.989 -0.475 -5.694 
3 16 15.768 -2.616 -11.741 13.154 -1.184 -11.306 15.989 -2.421 -11.148 
3 16 15.989 -2.421 -11.148 13.154 -1.184 -11.306 13.45 -0.89 -10.571 
3 16 15.989 -2.421 -11.148 13.45 -0.89 -10.571 16.11 -2.366 -9.716 
3 16 16.11 -2.366 -9.716 13.45 -0.89 -10.571 13.595 -0.917 -9.197 
3 16 12.561 -0.39 -8.805 9.274 -0.32 -8.741 12.025 -0.143 -7.856 
3 16 12.025 -0.143 -7.856 9.274 -0.32 -8.741 8.938 -0.232 -7.452 
3 16 6.39 -0.259 -8.685 5.1 -1.256 -8.7 6.298 -0.309 -7.106 
3 16 6.298 -0.309 -7.106 5.1 -1.256 -8.7 5.06 -1.338 -7.101 
3 16 5.49 -3.737 -15.175 4.774 -2.933 -14.25 7.362 -1.776 -14.209 
3 16 7.362 -1.776 -14.209 4.774 -2.933 -14.25 7.016 -0.928 -13.246 
3 16 4.774 -2.933 -14.25 5.49 -3.737 -15.175 3.113 -5.403 -14.918 
3 16 3.113 -5.403 -14.918 5.49 -3.737 -15.175 3.382 -6.368 -15.735 
3 16 3.113 -5.403 -14.918 1.046 -7.894 -15.006 1.951 -6.341 -12.538 
3 16 1.951 -6.341 -12.538 1.046 -7.894 -15.006 0.022 -7.533 -12.972 
3 16 1.046 -7.894 -15.006 0.002 -8.066 -14.728 0.022 -7.533 -12.972 
3 16 11.602 -0.626 -11.669 12.055 -0.404 -10.679 13.154 -1.184 -11.306 
3 16 13.154 -1.184 -11.306 12.055 -0.404 -10.679 13.45 -0.89 -10.571 
3 16 12.055 -0.404 -10.679 12.561 -0.39 -8.805 13.45 -0.89 -10.571 
3 16 13.45 -0.89 -10.571 12.561 -0.39 -8.805 13.595 -0.917 -9.197 
3 16 9.824 -0.616 -12.68 11.602 -0.626 -11.669 10.372 -1.68 -12.522 
3 16 10.372 -1.68 -12.522 11.602 -0.626 -11.669 11.788 -1.427 -11.812 
3 16 6.044 -4.667 -14.739 5.49 -3.737 -15.175 8.066 -2.85 -13.836 
3 16 8.066 -2.85 -13.836 5.49 -3.737 -15.175 7.362 -1.776 -14.209 
3 16 10.372 -1.68 -12.522 8.066 -2.85 -13.836 9.824 -0.616 -12.68 
3 16 9.824 -0.616 -12.68 8.066 -2.85 -13.836 7.362 -1.776 -14.209 
3 16 3.792 -6.93 -15.478 3.382 -6.368 -15.735 6.044 -4.667 -14.739 
3 16 6.044 -4.667 -14.739 3.382 -6.368 -15.735 5.49 -3.737 -15.175 
3 16 11.788 -1.427 -11.812 12.142 -2.041 -12.761 10.372 -1.68 -12.522 
3 16 10.372 -1.68 -12.522 12.142 -2.041 -12.761 10.884 -2.333 -13.34 
3 16 8.655 -3.55 -14.568 8.066 -2.85 -13.836 10.884 -2.333 -13.34 
3 16 10.884 -2.333 -13.34 8.066 -2.85 -13.836 10.372 -1.68 -12.522 
3 16 6.678 -5.502 -15.616 6.044 -4.667 -14.739 8.655 -3.55 -14.568 
3 16 8.655 -3.55 -14.568 6.044 -4.667 -14.739 8.066 -2.85 -13.836 
3 16 4.41 -7.611 -16.117 3.792 -6.93 -15.478 6.678 -5.502 -15.616 
3 16 6.678 -5.502 -15.616 3.792 -6.93 -15.478 6.044 -4.667 -14.739 
3 16 13.187 -1.553 -11.631 13.154 -1.184 -11.306 14.269 -2.18 -12.16 
3 16 14.269 -2.18 -12.16 13.154 -1.184 -11.306 15.768 -2.616 -11.741 
3 16 13.187 -1.553 -11.631 11.788 -1.427 -11.812 13.154 -1.184 -11.306 
3 16 13.154 -1.184 -11.306 11.788 -1.427 -11.812 11.602 -0.626 -11.669 
3 16 13.187 -1.553 -11.631 14.269 -2.18 -12.16 13.198 -2.053 -12.353 
3 16 11.788 -1.427 -11.812 13.187 -1.553 -11.631 12.142 -2.041 -12.761 
3 16 12.142 -2.041 -12.761 13.187 -1.553 -11.631 13.198 -2.053 -12.353 
3 16 1.54 -8.742 -15.544 1.544 -8.4 -15.557 3.792 -6.93 -15.478 
3 16 3.792 -6.93 -15.478 1.544 -8.4 -15.557 3.382 -6.368 -15.735 
3 16 1.54 -8.742 -15.544 3.792 -6.93 -15.478 1.974 -8.93 -15.698 
3 16 1.974 -8.93 -15.698 3.792 -6.93 -15.478 4.41 -7.611 -16.117 
3 16 12.142 -2.041 -12.761 12.036 -3.262 -12.905 10.884 -2.333 -13.34 
3 16 10.884 -2.333 -13.34 12.036 -3.262 -12.905 11.114 -3.413 -13.426 
3 16 6.917 -6.476 -15.618 6.678 -5.502 -15.616 9.019 -4.476 -14.557 
3 16 9.019 -4.476 -14.557 6.678 -5.502 -15.616 8.655 -3.55 -14.568 
3 16 9.019 -4.476 -14.557 8.655 -3.55 -14.568 11.114 -3.413 -13.426 
3 16 11.114 -3.413 -13.426 8.655 -3.55 -14.568 10.884 -2.333 -13.34 
3 16 4.726 -8.486 -16.025 4.41 -7.611 -16.117 6.917 -6.476 -15.618 
3 16 6.917 -6.476 -15.618 4.41 -7.611 -16.117 6.678 -5.502 -15.616 
3 16 12.872 -4.424 -11.902 13.024 -3.4 -12.383 15.279 -4.396 -11.731 
3 16 15.279 -4.396 -11.731 13.024 -3.4 -12.383 15.511 -3.534 -11.932 
3 16 12.189 -3.608 -12.732 13.024 -3.4 -12.383 12.175 -3.913 -12.715 
3 16 12.175 -3.913 -12.715 13.024 -3.4 -12.383 12.872 -4.424 -11.902 
3 16 2.182 -9.794 -15.694 1.974 -8.93 -15.698 4.726 -8.486 -16.025 
3 16 4.726 -8.486 -16.025 1.974 -8.93 -15.698 4.41 -7.611 -16.117 
3 16 13.024 -3.4 -12.383 13.198 -2.053 -12.353 15.511 -3.534 -11.932 
3 16 13.198 -2.053 -12.353 14.269 -2.18 -12.16 15.511 -3.534 -11.932 
3 16 14.269 -2.18 -12.16 15.768 -2.616 -11.741 15.511 -3.534 -11.932 
3 16 7.194 -7.119 -15.058 6.917 -6.476 -15.618 9.269 -5.198 -14.055 
3 16 9.269 -5.198 -14.055 6.917 -6.476 -15.618 9.019 -4.476 -14.557 
3 16 11.248 -3.917 -13.014 9.269 -5.198 -14.055 11.114 -3.413 -13.426 
3 16 11.114 -3.413 -13.426 9.269 -5.198 -14.055 9.019 -4.476 -14.557 
3 16 4.96 -8.875 -15.552 4.726 -8.486 -16.025 7.194 -7.119 -15.058 
3 16 7.194 -7.119 -15.058 4.726 -8.486 -16.025 6.917 -6.476 -15.618 
3 16 2.26 -10.055 -15.502 2.182 -9.794 -15.694 4.96 -8.875 -15.552 
3 16 4.96 -8.875 -15.552 2.182 -9.794 -15.694 4.726 -8.486 -16.025 
3 16 9.86 -5.91 -14.068 9.269 -5.198 -14.055 11.532 -4.331 -12.987 
3 16 11.532 -4.331 -12.987 9.269 -5.198 -14.055 11.248 -3.917 -13.014 
3 16 7.725 -7.902 -15.153 7.194 -7.119 -15.058 9.86 -5.91 -14.068 
3 16 9.86 -5.91 -14.068 7.194 -7.119 -15.058 9.269 -5.198 -14.055 
3 16 5.36 -9.602 -15.601 4.96 -8.875 -15.552 7.725 -7.902 -15.153 
3 16 7.725 -7.902 -15.153 4.96 -8.875 -15.552 7.194 -7.119 -15.058 
3 16 2.26 -10.055 -15.502 4.96 -8.875 -15.552 2.285 -10.34 -15.482 
3 16 2.285 -10.34 -15.482 4.96 -8.875 -15.552 5.36 -9.602 -15.601 
3 16 11.114 -3.413 -13.426 12.036 -3.262 -12.905 11.248 -3.917 -13.014 
3 16 11.248 -3.917 -13.014 12.036 -3.262 -12.905 12.189 -3.608 -12.732 
3 16 11.532 -4.331 -12.987 11.248 -3.917 -13.014 12.175 -3.913 -12.715 
3 16 12.175 -3.913 -12.715 11.248 -3.917 -13.014 12.189 -3.608 -12.732 
3 16 8.08 -8.884 -14.458 7.725 -7.902 -15.153 10.227 -6.594 -13.476 
3 16 10.227 -6.594 -13.476 7.725 -7.902 -15.153 9.86 -5.91 -14.068 
3 16 9.86 -5.91 -14.068 11.532 -4.331 -12.987 10.227 -6.594 -13.476 
3 16 10.227 -6.594 -13.476 11.532 -4.331 -12.987 11.923 -5.037 -12.41 
3 16 5.61 -10.317 -14.902 5.36 -9.602 -15.601 8.08 -8.884 -14.458 
3 16 8.08 -8.884 -14.458 5.36 -9.602 -15.601 7.725 -7.902 -15.153 
3 16 2.285 -10.34 -15.482 5.36 -9.602 -15.601 2.372 -10.682 -15.221 
3 16 2.372 -10.682 -15.221 5.36 -9.602 -15.601 5.61 -10.317 -14.902 
3 16 8.101 -9.387 -13.432 8.08 -8.884 -14.458 10.174 -6.973 -12.416 
3 16 10.174 -6.973 -12.416 8.08 -8.884 -14.458 10.227 -6.594 -13.476 
3 16 10.227 -6.594 -13.476 11.923 -5.037 -12.41 10.174 -6.973 -12.416 
3 16 10.174 -6.973 -12.416 11.923 -5.037 -12.41 11.797 -5.302 -11.821 
3 16 5.61 -10.317 -14.902 8.08 -8.884 -14.458 5.61 -10.631 -14.243 
3 16 5.61 -10.631 -14.243 8.08 -8.884 -14.458 8.101 -9.387 -13.432 
3 16 2.372 -10.682 -15.221 5.61 -10.317 -14.902 2.391 -10.893 -14.901 
3 16 2.391 -10.893 -14.901 5.61 -10.317 -14.902 5.61 -10.631 -14.243 
3 16 8.349 -9.655 -13.261 8.101 -9.387 -13.432 10.25 -7.398 -12.211 
3 16 10.25 -7.398 -12.211 8.101 -9.387 -13.432 10.174 -6.973 -12.416 
3 16 10.25 -7.398 -12.211 10.174 -6.973 -12.416 11.489 -5.799 -11.668 
3 16 11.489 -5.799 -11.668 10.174 -6.973 -12.416 11.797 -5.302 -11.821 
3 16 5.61 -10.631 -14.243 8.101 -9.387 -13.432 5.683 -11.132 -14.051 
3 16 5.683 -11.132 -14.051 8.101 -9.387 -13.432 8.349 -9.655 -13.261 
3 16 2.391 -10.893 -14.901 5.61 -10.631 -14.243 2.438 -11.445 -14.63 
3 16 2.438 -11.445 -14.63 5.61 -10.631 -14.243 5.683 -11.132 -14.051 
3 16 2.26 -10.055 -15.502 -0.001 -10.013 -15.086 2.182 -9.794 -15.694 
3 16 2.182 -9.794 -15.694 -0.001 -10.013 -15.086 -0.001 -9.684 -15.086 
3 16 2.285 -10.34 -15.482 -0.001 -10.251 -15.058 2.26 -10.055 -15.502 
3 16 2.26 -10.055 -15.502 -0.001 -10.251 -15.058 -0.001 -10.013 -15.086 
3 16 2.372 -10.682 -15.221 -0.001 -10.614 -15.012 2.285 -10.34 -15.482 
3 16 2.285 -10.34 -15.482 -0.001 -10.614 -15.012 -0.001 -10.251 -15.058 
3 16 2.391 -10.893 -14.901 -0.001 -10.906 -14.948 2.372 -10.682 -15.221 
3 16 2.372 -10.682 -15.221 -0.001 -10.906 -14.948 -0.001 -10.614 -15.012 
3 16 -0.001 -10.906 -14.948 2.391 -10.893 -14.901 -0.001 -11.19 -14.826 
3 16 -0.001 -11.19 -14.826 2.391 -10.893 -14.901 2.438 -11.445 -14.63 
3 16 2.469 -11.922 -14.085 -0.001 -11.49 -14.287 2.438 -11.445 -14.63 
3 16 2.438 -11.445 -14.63 -0.001 -11.49 -14.287 -0.001 -11.19 -14.826 
3 16 15.435 -4.542 -11.11 15.539 -4.378 -9.708 12.725 -4.916 -10.717 
3 16 12.725 -4.916 -10.717 15.539 -4.378 -9.708 12.791 -4.881 -8.786 
3 16 15.859 -3.451 -9.506 13.47 -2.9 -8.304 15.539 -4.378 -9.708 
3 16 15.539 -4.378 -9.708 13.47 -2.9 -8.304 12.791 -4.881 -8.786 
3 16 13.595 -0.917 -9.197 13.47 -2.9 -8.304 16.11 -2.366 -9.716 
3 16 16.11 -2.366 -9.716 13.47 -2.9 -8.304 15.859 -3.451 -9.506 
3 16 12.725 -4.916 -10.717 12.872 -4.424 -11.902 15.435 -4.542 -11.11 
3 16 15.435 -4.542 -11.11 12.872 -4.424 -11.902 15.279 -4.396 -11.731 
3 16 16.096 -3.494 -11.083 15.435 -4.542 -11.11 15.511 -3.534 -11.932 
3 16 15.511 -3.534 -11.932 15.435 -4.542 -11.11 15.279 -4.396 -11.731 
3 16 15.435 -4.542 -11.11 16.096 -3.494 -11.083 15.539 -4.378 -9.708 
3 16 15.539 -4.378 -9.708 16.096 -3.494 -11.083 15.859 -3.451 -9.506 
3 16 15.989 -2.421 -11.148 16.096 -3.494 -11.083 15.768 -2.616 -11.741 
3 16 15.768 -2.616 -11.741 16.096 -3.494 -11.083 15.511 -3.534 -11.932 
3 16 15.989 -2.421 -11.148 16.11 -2.366 -9.716 16.096 -3.494 -11.083 
3 16 16.096 -3.494 -11.083 16.11 -2.366 -9.716 15.859 -3.451 -9.506 
3 16 5.603 -11.627 -13.437 5.683 -11.132 -14.051 8.286 -10.218 -12.33 
3 16 8.286 -10.218 -12.33 5.683 -11.132 -14.051 8.349 -9.655 -13.261 
3 16 2.438 -11.445 -14.63 5.683 -11.132 -14.051 2.469 -11.922 -14.085 
3 16 2.469 -11.922 -14.085 5.683 -11.132 -14.051 5.603 -11.627 -13.437 
3 16 8.349 -9.655 -13.261 10.25 -7.398 -12.211 8.286 -10.218 -12.33 
3 16 8.286 -10.218 -12.33 10.25 -7.398 -12.211 10.226 -8.015 -10.854 
3 16 12.025 -0.143 -7.856 12.897 -2.869 -7.655 12.561 -0.39 -8.805 
3 16 12.561 -0.39 -8.805 12.897 -2.869 -7.655 13.595 -0.917 -9.197 
3 16 13.595 -0.917 -9.197 12.897 -2.869 -7.655 13.47 -2.9 -8.304 
3 16 13.47 -2.9 -8.304 12.897 -2.869 -7.655 12.791 -4.881 -8.786 
3 16 12.791 -4.881 -8.786 12.897 -2.869 -7.655 11.891 -5.562 -8.544 
3 16 12.725 -4.916 -10.717 11.797 -5.302 -11.821 12.872 -4.424 -11.902 
3 16 12.872 -4.424 -11.902 11.797 -5.302 -11.821 11.923 -5.037 -12.41 
3 16 12.143 -0.038 -4.988 12.777 -2.676 -5.079 12.025 -0.143 -7.856 
3 16 12.025 -0.143 -7.856 12.777 -2.676 -5.079 12.897 -2.869 -7.655 
3 16 10.25 -7.398 -12.211 11.489 -5.799 -11.668 10.226 -8.015 -10.854 
3 16 10.226 -8.015 -10.854 11.489 -5.799 -11.668 11.7 -5.884 -10.471 
3 16 10.226 -8.015 -10.854 11.7 -5.884 -10.471 9.911 -8.617 -9.444 
3 16 11.7 -5.884 -10.471 11.891 -5.562 -8.544 9.911 -8.617 -9.444 
3 16 9.911 -8.617 -9.444 11.891 -5.562 -8.544 10.985 -6.663 -7.897 
3 16 9.911 -8.617 -9.444 8.07 -10.633 -11.34 10.226 -8.015 -10.854 
3 16 10.226 -8.015 -10.854 8.07 -10.633 -11.34 8.286 -10.218 -12.33 
3 16 8.07 -10.633 -11.34 5.435 -11.906 -12.716 8.286 -10.218 -12.33 
3 16 8.286 -10.218 -12.33 5.435 -11.906 -12.716 5.603 -11.627 -13.437 
3 16 5.435 -11.906 -12.716 2.515 -12.158 -13.41 5.603 -11.627 -13.437 
3 16 5.603 -11.627 -13.437 2.515 -12.158 -13.41 2.469 -11.922 -14.085 
3 16 2.515 -12.158 -13.41 -0.001 -11.638 -13.684 2.469 -11.922 -14.085 
3 16 2.469 -11.922 -14.085 -0.001 -11.638 -13.684 -0.001 -11.49 -14.287 
3 16 12.725 -4.916 -10.717 11.7 -5.884 -10.471 11.797 -5.302 -11.821 
3 16 11.797 -5.302 -11.821 11.7 -5.884 -10.471 11.489 -5.799 -11.668 
3 16 10.985 -6.663 -7.897 11.891 -5.562 -8.544 11.955 -4.905 -4.915 
3 16 11.891 -5.562 -8.544 12.897 -2.869 -7.655 11.955 -4.905 -4.915 
3 16 11.955 -4.905 -4.915 12.897 -2.869 -7.655 12.777 -2.676 -5.079 
3 16 12.725 -4.916 -10.717 12.791 -4.881 -8.786 11.7 -5.884 -10.471 
3 16 11.7 -5.884 -10.471 12.791 -4.881 -8.786 11.891 -5.562 -8.544 
3 16 2.182 -9.794 -15.694 -0.001 -9.684 -15.086 1.974 -8.93 -15.698 
3 16 1.974 -8.93 -15.698 -0.001 -9.684 -15.086 1.54 -8.742 -15.544 
3 16 1.54 -8.742 -15.544 -0.001 -9.684 -15.086 -0.001 -9.286 -15.077 
3 16 1.544 -8.4 -15.557 1.046 -7.894 -15.006 3.382 -6.368 -15.735 
3 16 3.382 -6.368 -15.735 1.046 -7.894 -15.006 3.113 -5.403 -14.918 
3 16 10.65 -7.145 -7.34 8.134 -7.813 -10.12 9.567 -9.086 -8.818 
3 16 9.567 -9.086 -8.818 8.134 -7.813 -10.12 7.694 -10.879 -10.448 
3 16 11.532 -4.331 -12.987 12.175 -3.913 -12.715 11.923 -5.037 -12.41 
3 16 11.923 -5.037 -12.41 12.175 -3.913 -12.715 12.872 -4.424 -11.902 
3 16 12.189 -3.608 -12.732 12.036 -3.262 -12.905 13.024 -3.4 -12.383 
3 16 13.024 -3.4 -12.383 12.036 -3.262 -12.905 13.198 -2.053 -12.353 
3 16 12.036 -3.262 -12.905 12.142 -2.041 -12.761 13.198 -2.053 -12.353 
3 16 -4.472 -4.461 10.48 -0.001 -4.461 11.374 -4.667 -4.363 11.065 
3 16 -4.667 -4.363 11.065 -0.001 -4.461 11.374 -0.001 -4.461 11.95 
3 16 -8.978 -4.395 8.569 -8.28 -4.461 7.936 -4.667 -4.363 11.065 
3 16 -4.667 -4.363 11.065 -8.28 -4.461 7.936 -4.472 -4.461 10.48 
3 16 -12.072 -4.432 4.431 -10.706 -4.461 4.064 -8.978 -4.395 8.569 
3 16 -8.978 -4.395 8.569 -10.706 -4.461 4.064 -8.28 -4.461 7.936 
3 16 -12.629 -4.218 -0.332 -11.861 -4.858 -0.322 -12.072 -4.432 4.431 
3 16 -12.072 -4.432 4.431 -11.861 -4.858 -0.322 -10.706 -4.461 4.064 
3 16 -11.472 -5.534 -4.637 -11.861 -4.858 -0.322 -11.929 -4.849 -4.697 
3 16 -11.929 -4.849 -4.697 -11.861 -4.858 -0.322 -12.629 -4.218 -0.332 
3 16 -10.514 -6.956 -7.448 -11.472 -5.534 -4.637 -10.796 -6.543 -7.921 
3 16 -10.796 -6.543 -7.921 -11.472 -5.534 -4.637 -11.929 -4.849 -4.697 
3 16 -2.505 -12.268 -13.438 -2.369 -12.316 -12.781 -5.436 -11.906 -12.716 
3 16 -5.436 -11.906 -12.716 -2.369 -12.316 -12.781 -5.241 -12.087 -11.907 
3 16 -7.778 -10.478 -10.427 -8.055 -10.117 -11.33 -5.241 -12.087 -11.907 
3 16 -5.241 -12.087 -11.907 -8.055 -10.117 -11.33 -5.436 -11.906 -12.716 
3 16 -5.401 -5.857 -11.238 -4.38 -3.557 -9.091 -7.447 -5.154 -9.456 
3 16 -7.447 -5.154 -9.456 -4.38 -3.557 -9.091 -5.079 -3.197 -6.414 
3 16 -7.447 -5.154 -9.456 -5.079 -3.197 -6.414 -8.829 -4.406 -7.156 
3 16 -8.829 -4.406 -7.156 -5.079 -3.197 -6.414 -5.959 -3.133 -5.696 
3 16 -8.829 -4.406 -7.156 -5.959 -3.133 -5.696 -9.854 -3.883 -4.205 
3 16 -9.854 -3.883 -4.205 -5.959 -3.133 -5.696 -7.659 -3.14 -3.182 
3 16 -8.255 -3.139 -0.036 -10.191 -3.606 -0.111 -7.659 -3.14 -3.182 
3 16 -7.659 -3.14 -3.182 -10.191 -3.606 -0.111 -9.854 -3.883 -4.205 
3 16 -7.63 -3.139 3.109 -9.402 -3.559 3.701 -8.255 -3.139 -0.036 
3 16 -8.255 -3.139 -0.036 -9.402 -3.559 3.701 -10.191 -3.606 -0.111 
3 16 -5.813 -3.132 5.823 -7.227 -3.588 7.066 -7.63 -3.139 3.109 
3 16 -7.63 -3.139 3.109 -7.227 -3.588 7.066 -9.402 -3.559 3.701 
3 16 -3.147 -3.132 7.605 -3.928 -3.562 9.289 -5.813 -3.132 5.823 
3 16 -5.813 -3.132 5.823 -3.928 -3.562 9.289 -7.227 -3.588 7.066 
3 16 -0.001 -3.132 8.23 -0.001 -3.544 10.098 -3.147 -3.132 7.605 
3 16 -3.147 -3.132 7.605 -0.001 -3.544 10.098 -3.928 -3.562 9.289 
3 16 -1.438 -5.7 -12.368 -2.261 -4.222 -11.003 -5.401 -5.857 -11.238 
3 16 -2.261 -4.222 -11.003 -2.617 -3.497 -9.784 -5.401 -5.857 -11.238 
3 16 -5.401 -5.857 -11.238 -2.617 -3.497 -9.784 -4.38 -3.557 -9.091 
3 16 -5.606 -8.28 -11.712 -5.401 -5.857 -11.238 -8.136 -7.813 -10.12 
3 16 -8.136 -7.813 -10.12 -5.401 -5.857 -11.238 -7.447 -5.154 -9.456 
3 16 -8.136 -7.813 -10.12 -7.447 -5.154 -9.456 -10.514 -6.956 -7.448 
3 16 -10.514 -6.956 -7.448 -7.447 -5.154 -9.456 -8.829 -4.406 -7.156 
3 16 -10.514 -6.956 -7.448 -8.829 -4.406 -7.156 -11.472 -5.534 -4.637 
3 16 -11.472 -5.534 -4.637 -8.829 -4.406 -7.156 -9.854 -3.883 -4.205 
3 16 -10.191 -3.606 -0.111 -11.861 -4.858 -0.322 -9.854 -3.883 -4.205 
3 16 -9.854 -3.883 -4.205 -11.861 -4.858 -0.322 -11.472 -5.534 -4.637 
3 16 -9.402 -3.559 3.701 -10.706 -4.461 4.064 -10.191 -3.606 -0.111 
3 16 -10.191 -3.606 -0.111 -10.706 -4.461 4.064 -11.861 -4.858 -0.322 
3 16 -7.227 -3.588 7.066 -8.28 -4.461 7.936 -9.402 -3.559 3.701 
3 16 -9.402 -3.559 3.701 -8.28 -4.461 7.936 -10.706 -4.461 4.064 
3 16 -3.928 -3.562 9.289 -4.472 -4.461 10.48 -7.227 -3.588 7.066 
3 16 -7.227 -3.588 7.066 -4.472 -4.461 10.48 -8.28 -4.461 7.936 
3 16 -0.001 -3.544 10.098 -0.001 -4.461 11.374 -3.928 -3.562 9.289 
3 16 -3.928 -3.562 9.289 -0.001 -4.461 11.374 -4.472 -4.461 10.48 
3 16 -3.159 0 7.589 -4.458 0.019 10.549 -0.001 0 8.231 
3 16 -0.001 0 8.231 -4.458 0.019 10.549 -0.001 0.019 11.679 
3 16 -8.289 0.019 7.932 -4.458 0.019 10.549 -5.928 0 5.69 
3 16 -5.928 0 5.69 -4.458 0.019 10.549 -3.159 0 7.589 
3 16 -11.497 0.019 4.233 -8.289 0.019 7.932 -7.638 0 3.13 
3 16 -7.638 0 3.13 -8.289 0.019 7.932 -5.928 0 5.69 
3 16 -12.382 -0.11 -0.24 -11.497 0.019 4.233 -8.239 0 0.111 
3 16 -8.239 0 0.111 -11.497 0.019 4.233 -7.638 0 3.13 
3 16 -12 -0.09 -4.959 -12.382 -0.11 -0.24 -7.683 -0.071 -2.918 
3 16 -7.683 -0.071 -2.918 -12.382 -0.11 -0.24 -8.239 0 0.111 
3 16 -7.683 -0.071 -2.918 -5.991 -0.845 -5.694 -8.907 -0.369 -7.617 
3 16 -8.907 -0.369 -7.617 -5.991 -0.845 -5.694 -6.434 -0.571 -7.121 
3 16 -2.369 -12.316 -12.781 -2.089 -8.573 -12.813 -5.241 -12.087 -11.907 
3 16 -5.241 -12.087 -11.907 -2.089 -8.573 -12.813 -5.606 -8.28 -11.712 
3 16 -9.394 -0.489 -9.018 -8.907 -0.369 -7.617 -6.538 -0.589 -8.681 
3 16 -6.538 -0.589 -8.681 -8.907 -0.369 -7.617 -6.434 -0.571 -7.121 
3 16 -2.433 -5.14 -15.021 -0.648 -7.924 -14.779 -2.774 -5.433 -15.486 
3 16 -2.774 -5.433 -15.486 -0.648 -7.924 -14.779 -0.613 -8.37 -15.093 
3 16 -2.617 -3.497 -9.784 -3.823 -2.206 -9.323 -4.38 -3.557 -9.091 
3 16 -4.38 -3.557 -9.091 -3.823 -2.206 -9.323 -5 -1.417 -8.68 
3 16 -10.033 -1.184 -13.206 -11.455 -1.318 -12.629 -9.896 -0.535 -11.669 
3 16 -9.896 -0.535 -11.669 -11.455 -1.318 -12.629 -11.537 -0.922 -11.413 
3 16 -6.434 -0.571 -7.121 -5.991 -0.845 -5.694 -5.117 -1.338 -6.723 
3 16 -6.538 -0.589 -8.681 -6.434 -0.571 -7.121 -5 -1.417 -8.68 
3 16 -5 -1.417 -8.68 -6.434 -0.571 -7.121 -5.117 -1.338 -6.723 
3 16 -9.896 -0.535 -11.669 -7.06 -1.084 -13.176 -10.033 -1.184 -13.206 
3 16 -10.033 -1.184 -13.206 -7.06 -1.084 -13.176 -7.525 -1.62 -14.293 
3 16 -7.525 -1.62 -14.293 -7.06 -1.084 -13.176 -5.067 -2.876 -15.127 
3 16 -5.067 -2.876 -15.127 -7.06 -1.084 -13.176 -4.31 -2.624 -14.392 
3 16 -2.433 -5.14 -15.021 -2.774 -5.433 -15.486 -4.31 -2.624 -14.392 
3 16 -4.31 -2.624 -14.392 -2.774 -5.433 -15.486 -5.067 -2.876 -15.127 
3 16 -13.091 -1.539 -11.242 -12.956 -1.696 -12.022 -15.021 -2.735 -11.611 
3 16 -15.021 -2.735 -11.611 -12.956 -1.696 -12.022 -14.887 -2.996 -12.367 
3 16 -11.455 -1.318 -12.629 -12.956 -1.696 -12.022 -11.537 -0.922 -11.413 
3 16 -11.537 -0.922 -11.413 -12.956 -1.696 -12.022 -13.091 -1.539 -11.242 
3 16 -2.369 -12.316 -12.781 -0.001 -11.695 -13.019 -2.089 -8.573 -12.813 
3 16 -2.089 -8.573 -12.813 -0.001 -11.695 -13.019 -0.001 -8.45 -12.987 
3 16 -0.001 -11.638 -13.684 -0.001 -11.695 -13.019 -2.505 -12.268 -13.438 
3 16 -2.505 -12.268 -13.438 -0.001 -11.695 -13.019 -2.369 -12.316 -12.781 
3 16 -0.001 -8.45 -12.987 0.022 -7.533 -12.972 -2.089 -8.573 -12.813 
3 16 -2.089 -8.573 -12.813 0.022 -7.533 -12.972 -1.438 -5.7 -12.368 
3 16 -10.033 -1.184 -13.206 -10.494 -1.559 -13.173 -11.455 -1.318 -12.629 
3 16 -11.455 -1.318 -12.629 -10.494 -1.559 -13.173 -11.529 -1.522 -12.827 
3 16 -10.494 -1.559 -13.173 -10.033 -1.184 -13.206 -8.009 -2.358 -14.008 
3 16 -8.009 -2.358 -14.008 -10.033 -1.184 -13.206 -7.525 -1.62 -14.293 
3 16 -5.067 -2.876 -15.127 -2.774 -5.433 -15.486 -5.591 -3.919 -14.814 
3 16 -5.591 -3.919 -14.814 -2.774 -5.433 -15.486 -3.319 -6.095 -15.207 
3 16 -2.774 -5.433 -15.486 -0.613 -8.37 -15.093 -3.319 -6.095 -15.207 
3 16 -3.319 -6.095 -15.207 -0.613 -8.37 -15.093 -0.505 -8.828 -15.119 
3 16 -8.009 -2.358 -14.008 -7.525 -1.62 -14.293 -5.591 -3.919 -14.814 
3 16 -5.591 -3.919 -14.814 -7.525 -1.62 -14.293 -5.067 -2.876 -15.127 
3 16 -10.617 -1.995 -13.542 -11.581 -1.766 -13.035 -10.494 -1.559 -13.173 
3 16 -10.494 -1.559 -13.173 -11.581 -1.766 -13.035 -11.529 -1.522 -12.827 
3 16 -10.494 -1.559 -13.173 -8.009 -2.358 -14.008 -10.617 -1.995 -13.542 
3 16 -10.617 -1.995 -13.542 -8.009 -2.358 -14.008 -8.3 -2.893 -14.738 
3 16 -8.009 -2.358 -14.008 -5.591 -3.919 -14.814 -8.3 -2.893 -14.738 
3 16 -8.3 -2.893 -14.738 -5.591 -3.919 -14.814 -5.861 -4.666 -15.764 
3 16 -5.591 -3.919 -14.814 -3.319 -6.095 -15.207 -5.861 -4.666 -15.764 
3 16 -5.861 -4.666 -15.764 -3.319 -6.095 -15.207 -3.774 -7.023 -16.224 
3 16 -3.774 -7.023 -16.224 -3.319 -6.095 -15.207 -1.525 -8.983 -15.607 
3 16 -1.525 -8.983 -15.607 -3.319 -6.095 -15.207 -0.505 -8.828 -15.119 
3 16 -11.455 -1.318 -12.629 -11.529 -1.522 -12.827 -12.956 -1.696 -12.022 
3 16 -12.956 -1.696 -12.022 -11.529 -1.522 -12.827 -13.012 -1.883 -12.43 
3 16 -12.956 -1.696 -12.022 -13.012 -1.883 -12.43 -14.887 -2.996 -12.367 
3 16 -14.887 -2.996 -12.367 -13.012 -1.883 -12.43 -12.778 -2.046 -12.732 
3 16 -11.581 -1.766 -13.035 -12.778 -2.046 -12.732 -11.529 -1.522 -12.827 
3 16 -11.529 -1.522 -12.827 -12.778 -2.046 -12.732 -13.012 -1.883 -12.43 
3 16 -12.771 -4.145 -12.46 -13 -3.386 -12.81 -11.887 -3.732 -13.074 
3 16 -11.887 -3.732 -13.074 -13 -3.386 -12.81 -11.966 -3.381 -13.104 
3 16 -14.795 -3.663 -12.542 -13 -3.386 -12.81 -14.604 -4.293 -12.264 
3 16 -14.604 -4.293 -12.264 -13 -3.386 -12.81 -12.771 -4.145 -12.46 
3 16 -14.795 -3.663 -12.542 -14.887 -2.996 -12.367 -13 -3.386 -12.81 
3 16 -13 -3.386 -12.81 -14.887 -2.996 -12.367 -12.778 -2.046 -12.732 
3 16 -10.907 -3.2 -13.597 -8.958 -3.923 -14.693 -11.046 -3.614 -13.437 
3 16 -11.046 -3.614 -13.437 -8.958 -3.923 -14.693 -9.013 -4.579 -14.342 
3 16 -6.732 -5.932 -15.751 -4.815 -8.576 -16.256 -6.929 -6.492 -15.193 
3 16 -6.929 -6.492 -15.193 -4.815 -8.576 -16.256 -5.113 -9.046 -15.435 
3 16 -4.815 -8.576 -16.256 -2.193 -10.045 -15.75 -5.113 -9.046 -15.435 
3 16 -5.113 -9.046 -15.435 -2.193 -10.045 -15.75 -2.348 -10.372 -15.386 
3 16 -8.958 -3.923 -14.693 -6.732 -5.932 -15.751 -9.013 -4.579 -14.342 
3 16 -9.013 -4.579 -14.342 -6.732 -5.932 -15.751 -6.929 -6.492 -15.193 
3 16 -11.22 -3.958 -13.391 -11.046 -3.614 -13.437 -9.381 -5.061 -14.52 
3 16 -9.381 -5.061 -14.52 -11.046 -3.614 -13.437 -9.013 -4.579 -14.342 
3 16 -9.013 -4.579 -14.342 -6.929 -6.492 -15.193 -9.381 -5.061 -14.52 
3 16 -9.381 -5.061 -14.52 -6.929 -6.492 -15.193 -7.408 -7.409 -15.482 
3 16 -6.929 -6.492 -15.193 -5.113 -9.046 -15.435 -7.408 -7.409 -15.482 
3 16 -7.408 -7.409 -15.482 -5.113 -9.046 -15.435 -5.525 -10.066 -15.812 
3 16 -5.113 -9.046 -15.435 -2.348 -10.372 -15.386 -5.525 -10.066 -15.812 
3 16 -5.525 -10.066 -15.812 -2.348 -10.372 -15.386 -2.381 -10.874 -15.373 
3 16 -11.966 -3.381 -13.104 -11.868 -3.16 -13.167 -11.046 -3.614 -13.437 
3 16 -11.046 -3.614 -13.437 -11.868 -3.16 -13.167 -10.907 -3.2 -13.597 
3 16 -11.22 -3.958 -13.391 -11.887 -3.732 -13.074 -11.046 -3.614 -13.437 
3 16 -11.046 -3.614 -13.437 -11.887 -3.732 -13.074 -11.966 -3.381 -13.104 
3 16 -11.535 -4.459 -12.943 -11.22 -3.958 -13.391 -9.771 -5.907 -13.946 
3 16 -9.771 -5.907 -13.946 -11.22 -3.958 -13.391 -9.381 -5.061 -14.52 
3 16 -7.408 -7.409 -15.482 -5.525 -10.066 -15.812 -7.774 -8.241 -14.861 
3 16 -7.774 -8.241 -14.861 -5.525 -10.066 -15.812 -5.638 -10.319 -15.275 
3 16 -5.525 -10.066 -15.812 -2.381 -10.874 -15.373 -5.638 -10.319 -15.275 
3 16 -5.638 -10.319 -15.275 -2.381 -10.874 -15.373 -2.346 -11.02 -15.185 
3 16 -9.381 -5.061 -14.52 -7.408 -7.409 -15.482 -9.771 -5.907 -13.946 
3 16 -9.771 -5.907 -13.946 -7.408 -7.409 -15.482 -7.774 -8.241 -14.861 
3 16 -11.91 -4.582 -12.258 -11.535 -4.459 -12.943 -9.637 -6.433 -13.057 
3 16 -9.637 -6.433 -13.057 -11.535 -4.459 -12.943 -9.771 -5.907 -13.946 
3 16 -7.774 -8.241 -14.861 -5.638 -10.319 -15.275 -7.789 -8.856 -13.664 
3 16 -7.789 -8.856 -13.664 -5.638 -10.319 -15.275 -5.607 -10.6 -14.374 
3 16 -5.638 -10.319 -15.275 -2.346 -11.02 -15.185 -5.607 -10.6 -14.374 
3 16 -5.607 -10.6 -14.374 -2.346 -11.02 -15.185 -2.371 -11.196 -14.997 
3 16 -9.771 -5.907 -13.946 -7.774 -8.241 -14.861 -9.637 -6.433 -13.057 
3 16 -9.637 -6.433 -13.057 -7.774 -8.241 -14.861 -7.789 -8.856 -13.664 
3 16 -7.789 -8.856 -13.664 -5.607 -10.6 -14.374 -8.101 -9.443 -13.264 
3 16 -8.101 -9.443 -13.264 -5.607 -10.6 -14.374 -5.721 -11.327 -14.016 
3 16 -5.721 -11.327 -14.016 -5.607 -10.6 -14.374 -2.374 -11.804 -14.905 
3 16 -2.374 -11.804 -14.905 -5.607 -10.6 -14.374 -2.371 -11.196 -14.997 
3 16 -9.637 -6.433 -13.057 -7.789 -8.856 -13.664 -9.916 -7.016 -12.717 
3 16 -9.916 -7.016 -12.717 -7.789 -8.856 -13.664 -8.101 -9.443 -13.264 
3 16 -11.91 -4.582 -12.258 -9.637 -6.433 -13.057 -11.671 -4.83 -12.191 
3 16 -11.671 -4.83 -12.191 -9.637 -6.433 -13.057 -9.916 -7.016 -12.717 
3 16 -2.348 -10.372 -15.386 -2.193 -10.045 -15.75 -0.001 -10.013 -15.086 
3 16 -0.001 -10.013 -15.086 -2.193 -10.045 -15.75 -0.001 -9.684 -15.086 
3 16 -2.381 -10.874 -15.373 -2.348 -10.372 -15.386 -0.001 -10.251 -15.058 
3 16 -0.001 -10.251 -15.058 -2.348 -10.372 -15.386 -0.001 -10.013 -15.086 
3 16 -2.346 -11.02 -15.185 -2.381 -10.874 -15.373 -0.001 -10.614 -15.012 
3 16 -0.001 -10.614 -15.012 -2.381 -10.874 -15.373 -0.001 -10.251 -15.058 
3 16 -2.371 -11.196 -14.997 -2.346 -11.02 -15.185 -0.001 -10.906 -14.948 
3 16 -0.001 -10.906 -14.948 -2.346 -11.02 -15.185 -0.001 -10.614 -15.012 
3 16 -2.374 -11.804 -14.905 -2.371 -11.196 -14.997 -0.001 -11.19 -14.826 
3 16 -0.001 -11.19 -14.826 -2.371 -11.196 -14.997 -0.001 -10.906 -14.948 
3 16 -15.025 -3.582 -9.935 -14.638 -4.629 -10.181 -12.832 -3.122 -8.77 
3 16 -12.832 -3.122 -8.77 -14.638 -4.629 -10.181 -12.492 -4.692 -9.332 
3 16 -15.025 -3.582 -9.935 -12.832 -3.122 -8.77 -15.082 -2.738 -10.105 
3 16 -15.082 -2.738 -10.105 -12.832 -3.122 -8.77 -13.059 -1.321 -9.673 
3 16 -12.684 -4.696 -11.249 -14.615 -4.519 -11.672 -12.771 -4.145 -12.46 
3 16 -12.771 -4.145 -12.46 -14.615 -4.519 -11.672 -14.604 -4.293 -12.264 
3 16 -14.795 -3.663 -12.542 -14.604 -4.293 -12.264 -15.282 -3.614 -11.668 
3 16 -15.282 -3.614 -11.668 -14.604 -4.293 -12.264 -14.615 -4.519 -11.672 
3 16 -14.795 -3.663 -12.542 -15.282 -3.614 -11.668 -14.887 -2.996 -12.367 
3 16 -14.887 -2.996 -12.367 -15.282 -3.614 -11.668 -15.021 -2.735 -11.611 
3 16 -2.469 -12.112 -14.159 -2.374 -11.804 -14.905 -0.001 -11.49 -14.287 
3 16 -0.001 -11.49 -14.287 -2.374 -11.804 -14.905 -0.001 -11.19 -14.826 
3 16 -2.374 -11.804 -14.905 -2.469 -12.112 -14.159 -5.721 -11.327 -14.016 
3 16 -5.721 -11.327 -14.016 -2.469 -12.112 -14.159 -5.605 -11.627 -13.437 
3 16 -9.916 -7.016 -12.717 -8.101 -9.443 -13.264 -9.98 -7.581 -11.149 
3 16 -9.98 -7.581 -11.149 -8.101 -9.443 -13.264 -8.047 -9.935 -12.291 
3 16 -7.778 -10.478 -10.427 -9.557 -8.505 -8.813 -8.055 -10.117 -11.33 
3 16 -8.055 -10.117 -11.33 -9.557 -8.505 -8.813 -9.86 -8.005 -9.444 
3 16 -12.684 -4.696 -11.249 -12.771 -4.145 -12.46 -11.91 -4.582 -12.258 
3 16 -11.91 -4.582 -12.258 -12.771 -4.145 -12.46 -11.535 -4.459 -12.943 
3 16 -12.382 -0.11 -0.24 -12 -0.09 -4.959 -12.852 -2.178 -0.31 
3 16 -12.852 -2.178 -0.31 -12 -0.09 -4.959 -12.54 -2.669 -5.073 
3 16 -11.497 0.019 4.233 -12.382 -0.11 -0.24 -12.035 -2.155 4.472 
3 16 -12.035 -2.155 4.472 -12.382 -0.11 -0.24 -12.852 -2.178 -0.31 
3 16 -8.289 0.019 7.932 -11.497 0.019 4.233 -9.015 -2.138 8.563 
3 16 -9.015 -2.138 8.563 -11.497 0.019 4.233 -12.035 -2.155 4.472 
3 16 -4.458 0.019 10.549 -8.289 0.019 7.932 -4.826 -2.074 11.053 
3 16 -4.826 -2.074 11.053 -8.289 0.019 7.932 -9.015 -2.138 8.563 
3 16 -0.001 0.019 11.679 -4.458 0.019 10.549 -0.001 -2.199 11.991 
3 16 -0.001 -2.199 11.991 -4.458 0.019 10.549 -4.826 -2.074 11.053 
3 16 -12.852 -2.178 -0.31 -12.54 -2.669 -5.073 -12.629 -4.218 -0.332 
3 16 -12.629 -4.218 -0.332 -12.54 -2.669 -5.073 -11.929 -4.849 -4.697 
3 16 -12.072 -4.432 4.431 -12.035 -2.155 4.472 -12.629 -4.218 -0.332 
3 16 -12.629 -4.218 -0.332 -12.035 -2.155 4.472 -12.852 -2.178 -0.31 
3 16 -9.015 -2.138 8.563 -12.035 -2.155 4.472 -8.978 -4.395 8.569 
3 16 -8.978 -4.395 8.569 -12.035 -2.155 4.472 -12.072 -4.432 4.431 
3 16 -4.667 -4.363 11.065 -4.826 -2.074 11.053 -8.978 -4.395 8.569 
3 16 -8.978 -4.395 8.569 -4.826 -2.074 11.053 -9.015 -2.138 8.563 
3 16 -0.001 -4.461 11.95 -0.001 -2.199 11.991 -4.667 -4.363 11.065 
3 16 -4.667 -4.363 11.065 -0.001 -2.199 11.991 -4.826 -2.074 11.053 
3 16 -8.101 -9.443 -13.264 -5.721 -11.327 -14.016 -8.047 -9.935 -12.291 
3 16 -8.047 -9.935 -12.291 -5.721 -11.327 -14.016 -5.605 -11.627 -13.437 
3 16 -11.38 -0.167 -8.113 -11.74 -0.406 -9.295 -12.295 -2.911 -7.94 
3 16 -11.74 -0.406 -9.295 -13.059 -1.321 -9.673 -12.295 -2.911 -7.94 
3 16 -13.059 -1.321 -9.673 -12.832 -3.122 -8.77 -12.295 -2.911 -7.94 
3 16 -12.295 -2.911 -7.94 -12.54 -2.669 -5.073 -11.38 -0.167 -8.113 
3 16 -11.38 -0.167 -8.113 -12.54 -2.669 -5.073 -12 -0.09 -4.959 
3 16 -8.047 -9.935 -12.291 -8.055 -10.117 -11.33 -9.98 -7.581 -11.149 
3 16 -9.98 -7.581 -11.149 -8.055 -10.117 -11.33 -9.86 -8.005 -9.444 
3 16 -8.055 -10.117 -11.33 -8.047 -9.935 -12.291 -5.436 -11.906 -12.716 
3 16 -5.436 -11.906 -12.716 -8.047 -9.935 -12.291 -5.605 -11.627 -13.437 
3 16 -2.469 -12.112 -14.159 -2.505 -12.268 -13.438 -5.605 -11.627 -13.437 
3 16 -5.605 -11.627 -13.437 -2.505 -12.268 -13.438 -5.436 -11.906 -12.716 
3 16 -2.505 -12.268 -13.438 -2.469 -12.112 -14.159 -0.001 -11.638 -13.684 
3 16 -0.001 -11.638 -13.684 -2.469 -12.112 -14.159 -0.001 -11.49 -14.287 
3 16 -9.98 -7.581 -11.149 -11.478 -5.385 -10.859 -9.916 -7.016 -12.717 
3 16 -9.916 -7.016 -12.717 -11.478 -5.385 -10.859 -11.671 -4.83 -12.191 
3 16 -11.91 -4.582 -12.258 -11.671 -4.83 -12.191 -12.684 -4.696 -11.249 
3 16 -12.684 -4.696 -11.249 -11.671 -4.83 -12.191 -11.478 -5.385 -10.859 
3 16 -10.796 -6.543 -7.921 -11.929 -4.849 -4.697 -11.624 -5.377 -8.636 
3 16 -11.624 -5.377 -8.636 -11.929 -4.849 -4.697 -12.295 -2.911 -7.94 
3 16 -11.929 -4.849 -4.697 -12.54 -2.669 -5.073 -12.295 -2.911 -7.94 
3 16 -11.624 -5.377 -8.636 -12.295 -2.911 -7.94 -12.492 -4.692 -9.332 
3 16 -12.492 -4.692 -9.332 -12.295 -2.911 -7.94 -12.832 -3.122 -8.77 
3 16 -0.001 -8.836 -14.993 -0.001 -9.286 -15.077 -0.505 -8.828 -15.119 
3 16 -0.505 -8.828 -15.119 -0.001 -9.286 -15.077 -1.525 -8.983 -15.607 
3 16 -5.079 -3.197 -6.414 -5.117 -1.338 -6.723 -5.959 -3.133 -5.696 
3 16 -5.959 -3.133 -5.696 -5.117 -1.338 -6.723 -5.991 -0.845 -5.694 
3 16 -5.959 -3.133 -5.696 -5.991 -0.845 -5.694 -7.659 -3.14 -3.182 
3 16 -7.659 -3.14 -3.182 -5.991 -0.845 -5.694 -7.683 -0.071 -2.918 
3 16 -8.239 0 0.111 -8.255 -3.139 -0.036 -7.683 -0.071 -2.918 
3 16 -7.683 -0.071 -2.918 -8.255 -3.139 -0.036 -7.659 -3.14 -3.182 
3 16 -7.638 0 3.13 -7.63 -3.139 3.109 -8.239 0 0.111 
3 16 -8.239 0 0.111 -7.63 -3.139 3.109 -8.255 -3.139 -0.036 
3 16 -7.638 0 3.13 -5.928 0 5.69 -7.63 -3.139 3.109 
3 16 -7.63 -3.139 3.109 -5.928 0 5.69 -5.813 -3.132 5.823 
3 16 -5.928 0 5.69 -3.159 0 7.589 -5.813 -3.132 5.823 
3 16 -5.813 -3.132 5.823 -3.159 0 7.589 -3.147 -3.132 7.605 
3 16 -3.159 0 7.589 -0.001 0 8.231 -3.147 -3.132 7.605 
3 16 -3.147 -3.132 7.605 -0.001 0 8.231 -0.001 -3.132 8.23 
3 16 -9.557 -8.505 -8.813 -10.514 -6.956 -7.448 -9.86 -8.005 -9.444 
3 16 -9.86 -8.005 -9.444 -10.514 -6.956 -7.448 -10.796 -6.543 -7.921 
3 16 -1.438 -5.7 -12.368 -2.433 -5.14 -15.021 -2.261 -4.222 -11.003 
3 16 -3.823 -2.206 -9.323 -2.617 -3.497 -9.784 -4.31 -2.624 -14.392 
3 16 -2.617 -3.497 -9.784 -2.261 -4.222 -11.003 -4.31 -2.624 -14.392 
3 16 -4.31 -2.624 -14.392 -2.261 -4.222 -11.003 -2.433 -5.14 -15.021 
3 16 -3.823 -2.206 -9.323 -4.31 -2.624 -14.392 -5 -1.417 -8.68 
3 16 -4.31 -2.624 -14.392 -7.06 -1.084 -13.176 -5 -1.417 -8.68 
3 16 -7.06 -1.084 -13.176 -6.538 -0.589 -8.681 -5 -1.417 -8.68 
3 16 -9.394 -0.489 -9.018 -6.538 -0.589 -8.681 -9.896 -0.535 -11.669 
3 16 -9.896 -0.535 -11.669 -6.538 -0.589 -8.681 -7.06 -1.084 -13.176 
3 16 -13.091 -1.539 -11.242 -13.059 -1.321 -9.673 -11.537 -0.922 -11.413 
3 16 -11.537 -0.922 -11.413 -13.059 -1.321 -9.673 -11.74 -0.406 -9.295 
3 16 -15.021 -2.735 -11.611 -15.082 -2.738 -10.105 -13.091 -1.539 -11.242 
3 16 -13.091 -1.539 -11.242 -15.082 -2.738 -10.105 -13.059 -1.321 -9.673 
3 16 -15.025 -3.582 -9.935 -15.082 -2.738 -10.105 -15.282 -3.614 -11.668 
3 16 -15.282 -3.614 -11.668 -15.082 -2.738 -10.105 -15.021 -2.735 -11.611 
3 16 -14.615 -4.519 -11.672 -14.638 -4.629 -10.181 -15.282 -3.614 -11.668 
3 16 -15.282 -3.614 -11.668 -14.638 -4.629 -10.181 -15.025 -3.582 -9.935 
3 16 -12.492 -4.692 -9.332 -14.638 -4.629 -10.181 -12.684 -4.696 -11.249 
3 16 -12.684 -4.696 -11.249 -14.638 -4.629 -10.181 -14.615 -4.519 -11.672 
3 16 -11.624 -5.377 -8.636 -12.492 -4.692 -9.332 -11.478 -5.385 -10.859 
3 16 -11.478 -5.385 -10.859 -12.492 -4.692 -9.332 -12.684 -4.696 -11.249 
3 16 -11.478 -5.385 -10.859 -9.98 -7.581 -11.149 -11.624 -5.377 -8.636 
3 16 -9.98 -7.581 -11.149 -9.86 -8.005 -9.444 -11.624 -5.377 -8.636 
3 16 -9.86 -8.005 -9.444 -10.796 -6.543 -7.921 -11.624 -5.377 -8.636 
3 16 -8.136 -7.813 -10.12 -7.778 -10.478 -10.427 -5.606 -8.28 -11.712 
3 16 -5.606 -8.28 -11.712 -7.778 -10.478 -10.427 -5.241 -12.087 -11.907 
3 16 -7.778 -10.478 -10.427 -8.136 -7.813 -10.12 -9.557 -8.505 -8.813 
3 16 -9.557 -8.505 -8.813 -8.136 -7.813 -10.12 -10.514 -6.956 -7.448 
3 16 -11.22 -3.958 -13.391 -11.535 -4.459 -12.943 -11.887 -3.732 -13.074 
3 16 -11.887 -3.732 -13.074 -11.535 -4.459 -12.943 -12.771 -4.145 -12.46 
3 16 -10.617 -1.995 -13.542 -10.907 -3.2 -13.597 -11.581 -1.766 -13.035 
3 16 -11.581 -1.766 -13.035 -10.907 -3.2 -13.597 -11.868 -3.16 -13.167 
3 16 -10.907 -3.2 -13.597 -10.617 -1.995 -13.542 -8.958 -3.923 -14.693 
3 16 -8.958 -3.923 -14.693 -10.617 -1.995 -13.542 -8.3 -2.893 -14.738 
3 16 -6.732 -5.932 -15.751 -8.958 -3.923 -14.693 -5.861 -4.666 -15.764 
3 16 -5.861 -4.666 -15.764 -8.958 -3.923 -14.693 -8.3 -2.893 -14.738 
3 16 -4.815 -8.576 -16.256 -6.732 -5.932 -15.751 -3.774 -7.023 -16.224 
3 16 -3.774 -7.023 -16.224 -6.732 -5.932 -15.751 -5.861 -4.666 -15.764 
3 16 -2.193 -10.045 -15.75 -4.815 -8.576 -16.256 -1.525 -8.983 -15.607 
3 16 -1.525 -8.983 -15.607 -4.815 -8.576 -16.256 -3.774 -7.023 -16.224 
3 16 -11.581 -1.766 -13.035 -11.868 -3.16 -13.167 -12.778 -2.046 -12.732 
3 16 -11.966 -3.381 -13.104 -13 -3.386 -12.81 -11.868 -3.16 -13.167 
3 16 -13 -3.386 -12.81 -12.778 -2.046 -12.732 -11.868 -3.16 -13.167 
3 16 -0.613 -8.37 -15.093 -0.001 -8.432 -14.918 -0.505 -8.828 -15.119 
3 16 -0.505 -8.828 -15.119 -0.001 -8.432 -14.918 -0.001 -8.836 -14.993 
3 16 1.544 -8.4 -15.557 -0.001 -8.836 -14.993 1.046 -7.894 -15.006 
3 16 1.046 -7.894 -15.006 -0.001 -8.836 -14.993 -0.001 -8.432 -14.918 
3 16 -0.001 -8.432 -14.918 -0.613 -8.37 -15.093 0.002 -8.066 -14.728 
3 16 0.002 -8.066 -14.728 -0.613 -8.37 -15.093 -0.648 -7.924 -14.779 
3 16 1.046 -7.894 -15.006 -0.001 -8.432 -14.918 0.002 -8.066 -14.728 
3 16 4.378 -3.557 -9.091 3.68 -3.514 -9.369 5.399 -5.857 -11.238 
3 16 5.399 -5.857 -11.238 3.68 -3.514 -9.369 1.951 -6.341 -12.538 
3 16 -5.606 -8.28 -11.712 -2.089 -8.573 -12.813 -5.401 -5.857 -11.238 
3 16 -5.401 -5.857 -11.238 -2.089 -8.573 -12.813 -1.438 -5.7 -12.368 
3 16 -0.001 -9.286 -15.077 -0.001 -9.684 -15.086 -1.525 -8.983 -15.607 
3 16 -1.525 -8.983 -15.607 -0.001 -9.684 -15.086 -2.193 -10.045 -15.75 
3 16 7.016 -0.928 -13.246 6.39 -0.259 -8.685 9.896 -0.066 -11.615 
3 16 9.896 -0.066 -11.615 6.39 -0.259 -8.685 9.274 -0.32 -8.741 
3 16 9.274 -0.32 -8.741 6.39 -0.259 -8.685 8.938 -0.232 -7.452 
3 16 8.938 -0.232 -7.452 6.39 -0.259 -8.685 6.298 -0.309 -7.106 
3 16 7.637 0 -2.908 8.938 -0.232 -7.452 5.989 -0.475 -5.694 
3 16 5.989 -0.475 -5.694 8.938 -0.232 -7.452 6.298 -0.309 -7.106 
3 16 -11.537 -0.922 -11.413 -11.74 -0.406 -9.295 -9.896 -0.535 -11.669 
3 16 -9.896 -0.535 -11.669 -11.74 -0.406 -9.295 -9.394 -0.489 -9.018 
3 16 -11.74 -0.406 -9.295 -11.38 -0.167 -8.113 -9.394 -0.489 -9.018 
3 16 -9.394 -0.489 -9.018 -11.38 -0.167 -8.113 -8.907 -0.369 -7.617 
3 16 -11.38 -0.167 -8.113 -12 -0.09 -4.959 -8.907 -0.369 -7.617 
3 16 -8.907 -0.369 -7.617 -12 -0.09 -4.959 -7.683 -0.071 -2.918 
3 16 -4.38 -3.557 -9.091 -5 -1.417 -8.68 -5.079 -3.197 -6.414 
3 16 -5.079 -3.197 -6.414 -5 -1.417 -8.68 -5.117 -1.338 -6.723 
3 16 4.298 -2.419 -9.263 4.774 -2.933 -14.25 3.68 -3.514 -9.369 
3 16 3.68 -3.514 -9.369 4.774 -2.933 -14.25 1.951 -6.341 -12.538 
3 16 3.113 -5.403 -14.918 1.951 -6.341 -12.538 4.774 -2.933 -14.25 
3 16 -1.438 -5.7 -12.368 0.022 -7.533 -12.972 -2.433 -5.14 -15.021 
3 16 0.002 -8.066 -14.728 -0.648 -7.924 -14.779 0.022 -7.533 -12.972 
3 16 0.022 -7.533 -12.972 -0.648 -7.924 -14.779 -2.433 -5.14 -15.021 
2 24 -0.001 0 8.231 3.157 0 7.589 
2 24 3.145 -3.132 7.605 -0.001 -3.132 8.23 
2 24 3.157 0 7.589 5.927 0 5.69 
2 24 5.812 -3.132 5.823 3.145 -3.132 7.605 
2 24 5.927 0 5.69 7.637 0 3.13 
2 24 7.628 -3.139 3.109 5.812 -3.132 5.823 
2 24 7.637 0 3.13 8.237 0 0.111 
2 24 8.254 -3.139 -0.036 7.628 -3.139 3.109 
2 24 8.237 0 0.111 7.637 0 -2.908 
2 24 7.658 -3.14 -3.182 8.254 -3.139 -0.036 
2 24 5.957 -3.133 -5.696 7.658 -3.14 -3.182 
2 24 7.637 0 -2.908 5.989 -0.475 -5.694 
2 24 5.022 -3.197 -6.791 5.957 -3.133 -5.696 
2 24 5.989 -0.475 -5.694 5.06 -1.338 -7.101 
2 24 5.06 -1.338 -7.101 5.1 -1.256 -8.7 
2 24 5.1 -1.256 -8.7 4.378 -3.557 -9.091 
2 24 4.378 -3.557 -9.091 5.022 -3.197 -6.791 
2 24 8.827 -4.406 -7.156 9.852 -3.883 -4.205 
2 24 7.445 -5.154 -9.456 8.827 -4.406 -7.156 
2 24 5.399 -5.857 -11.238 7.445 -5.154 -9.456 
2 24 5.399 -5.857 -11.238 1.951 -6.341 -12.538 
2 24 4.665 -4.363 11.065 -0.001 -4.461 11.95 
2 24 -0.001 -4.461 11.374 4.471 -4.461 10.48 
2 24 4.471 -4.461 10.48 8.279 -4.461 7.936 
2 24 8.977 -4.395 8.569 4.665 -4.363 11.065 
2 24 8.279 -4.461 7.936 10.705 -4.461 4.064 
2 24 12.071 -4.432 4.431 8.977 -4.395 8.569 
2 24 10.705 -4.461 4.064 11.782 -4.772 -0.333 
2 24 12.627 -4.218 -0.332 12.071 -4.432 4.431 
2 24 11.955 -4.905 -4.915 12.627 -4.218 -0.332 
2 24 11.782 -4.772 -0.333 11.438 -5.534 -4.717 
2 24 11.438 -5.534 -4.717 10.65 -7.145 -7.34 
2 24 10.65 -7.145 -7.34 9.567 -9.086 -8.818 
2 24 9.567 -9.086 -8.818 7.694 -10.879 -10.448 
2 24 7.694 -10.879 -10.448 5.239 -12.087 -11.907 
2 24 5.239 -12.087 -11.907 2.38 -12.27 -12.818 
2 24 2.38 -12.27 -12.818 -0.001 -11.695 -13.019 
2 24 -0.001 -11.695 -13.019 -0.001 -11.638 -13.684 
2 24 -0.001 0.019 11.679 4.456 0.019 10.549 
2 24 4.456 0.019 10.549 8.287 0.019 7.932 
2 24 8.287 0.019 7.932 11.495 0.019 4.233 
2 24 11.495 0.019 4.233 12.495 0.019 -0.281 
2 24 12.495 0.019 -0.281 12.143 -0.038 -4.988 
2 24 12.143 -0.038 -4.988 12.025 -0.143 -7.856 
2 24 -0.001 -8.45 -12.987 -0.001 -11.695 -13.019 
2 24 1.951 -6.341 -12.538 0.022 -7.533 -12.972 
2 24 0.022 -7.533 -12.972 -0.001 -8.45 -12.987 
2 24 7.016 -0.928 -13.246 4.774 -2.933 -14.25 
2 24 4.298 -2.419 -9.263 5.1 -1.256 -8.7 
2 24 6.39 -0.259 -8.685 7.016 -0.928 -13.246 
2 24 1.544 -8.4 -15.557 1.54 -8.742 -15.544 
2 24 -0.001 -9.286 -15.077 -0.001 -8.836 -14.993 
2 24 3.68 -3.514 -9.369 4.378 -3.557 -9.091 
2 24 4.298 -2.419 -9.263 3.68 -3.514 -9.369 
2 24 11.602 -0.626 -11.669 9.824 -0.616 -12.68 
2 24 7.016 -0.928 -13.246 9.896 -0.066 -11.615 
2 24 9.824 -0.616 -12.68 7.362 -1.776 -14.209 
2 24 5.989 -0.475 -5.694 6.298 -0.309 -7.106 
2 24 15.989 -2.421 -11.148 15.768 -2.616 -11.741 
2 24 16.11 -2.366 -9.716 15.989 -2.421 -11.148 
2 24 13.595 -0.917 -9.197 16.11 -2.366 -9.716 
2 24 12.025 -0.143 -7.856 12.561 -0.39 -8.805 
2 24 6.298 -0.309 -7.106 6.39 -0.259 -8.685 
2 24 7.362 -1.776 -14.209 5.49 -3.737 -15.175 
2 24 3.113 -5.403 -14.918 4.774 -2.933 -14.25 
2 24 5.49 -3.737 -15.175 3.382 -6.368 -15.735 
2 24 3.113 -5.403 -14.918 1.046 -7.894 -15.006 
2 24 1.046 -7.894 -15.006 0.002 -8.066 -14.728 
2 24 0.002 -8.066 -14.728 0.022 -7.533 -12.972 
2 24 13.154 -1.184 -11.306 11.602 -0.626 -11.669 
2 24 12.561 -0.39 -8.805 13.595 -0.917 -9.197 
2 24 11.788 -1.427 -11.812 10.372 -1.68 -12.522 
2 24 8.066 -2.85 -13.836 6.044 -4.667 -14.739 
2 24 10.372 -1.68 -12.522 8.066 -2.85 -13.836 
2 24 6.044 -4.667 -14.739 3.792 -6.93 -15.478 
2 24 12.142 -2.041 -12.761 10.884 -2.333 -13.34 
2 24 10.884 -2.333 -13.34 8.655 -3.55 -14.568 
2 24 8.655 -3.55 -14.568 6.678 -5.502 -15.616 
2 24 6.678 -5.502 -15.616 4.41 -7.611 -16.117 
2 24 13.187 -1.553 -11.631 13.154 -1.184 -11.306 
2 24 15.768 -2.616 -11.741 14.269 -2.18 -12.16 
2 24 13.187 -1.553 -11.631 11.788 -1.427 -11.812 
2 24 14.269 -2.18 -12.16 13.198 -2.053 -12.353 
2 24 13.198 -2.053 -12.353 12.142 -2.041 -12.761 
2 24 3.792 -6.93 -15.478 1.54 -8.742 -15.544 
2 24 1.544 -8.4 -15.557 3.382 -6.368 -15.735 
2 24 1.974 -8.93 -15.698 1.54 -8.742 -15.544 
2 24 4.41 -7.611 -16.117 1.974 -8.93 -15.698 
2 24 12.036 -3.262 -12.905 11.114 -3.413 -13.426 
2 24 9.019 -4.476 -14.557 6.917 -6.476 -15.618 
2 24 11.114 -3.413 -13.426 9.019 -4.476 -14.557 
2 24 6.917 -6.476 -15.618 4.726 -8.486 -16.025 
2 24 15.279 -4.396 -11.731 12.872 -4.424 -11.902 
2 24 15.511 -3.534 -11.932 15.279 -4.396 -11.731 
2 24 4.726 -8.486 -16.025 2.182 -9.794 -15.694 
2 24 15.768 -2.616 -11.741 15.511 -3.534 -11.932 
2 24 9.269 -5.198 -14.055 7.194 -7.119 -15.058 
2 24 11.248 -3.917 -13.014 9.269 -5.198 -14.055 
2 24 7.194 -7.119 -15.058 4.96 -8.875 -15.552 
2 24 4.96 -8.875 -15.552 2.26 -10.055 -15.502 
2 24 11.532 -4.331 -12.987 9.86 -5.91 -14.068 
2 24 9.86 -5.91 -14.068 7.725 -7.902 -15.153 
2 24 7.725 -7.902 -15.153 5.36 -9.602 -15.601 
2 24 5.36 -9.602 -15.601 2.285 -10.34 -15.482 
2 24 12.175 -3.913 -12.715 11.532 -4.331 -12.987 
2 24 10.227 -6.594 -13.476 8.08 -8.884 -14.458 
2 24 11.923 -5.037 -12.41 10.227 -6.594 -13.476 
2 24 8.08 -8.884 -14.458 5.61 -10.317 -14.902 
2 24 5.61 -10.317 -14.902 2.372 -10.682 -15.221 
2 24 10.174 -6.973 -12.416 8.101 -9.387 -13.432 
2 24 8.101 -9.387 -13.432 5.61 -10.631 -14.243 
2 24 5.61 -10.631 -14.243 2.391 -10.893 -14.901 
2 24 10.25 -7.398 -12.211 8.349 -9.655 -13.261 
2 24 8.349 -9.655 -13.261 5.683 -11.132 -14.051 
2 24 5.683 -11.132 -14.051 2.438 -11.445 -14.63 
2 24 2.26 -10.055 -15.502 -0.001 -10.013 -15.086 
2 24 -0.001 -10.013 -15.086 -0.001 -9.684 -15.086 
2 24 -0.001 -9.684 -15.086 2.182 -9.794 -15.694 
2 24 2.285 -10.34 -15.482 -0.001 -10.251 -15.058 
2 24 -0.001 -10.251 -15.058 -0.001 -10.013 -15.086 
2 24 2.372 -10.682 -15.221 -0.001 -10.614 -15.012 
2 24 -0.001 -10.614 -15.012 -0.001 -10.251 -15.058 
2 24 2.391 -10.893 -14.901 -0.001 -10.906 -14.948 
2 24 -0.001 -10.906 -14.948 -0.001 -10.614 -15.012 
2 24 -0.001 -11.19 -14.826 -0.001 -10.906 -14.948 
2 24 2.438 -11.445 -14.63 -0.001 -11.19 -14.826 
2 24 -0.001 -11.49 -14.287 -0.001 -11.19 -14.826 
2 24 15.435 -4.542 -11.11 15.539 -4.378 -9.708 
2 24 15.539 -4.378 -9.708 12.791 -4.881 -8.786 
2 24 12.791 -4.881 -8.786 12.725 -4.916 -10.717 
2 24 15.859 -3.451 -9.506 13.47 -2.9 -8.304 
2 24 15.539 -4.378 -9.708 15.859 -3.451 -9.506 
2 24 15.859 -3.451 -9.506 16.11 -2.366 -9.716 
2 24 12.725 -4.916 -10.717 12.872 -4.424 -11.902 
2 24 15.279 -4.396 -11.731 15.435 -4.542 -11.11 
2 24 15.989 -2.421 -11.148 16.096 -3.494 -11.083 
2 24 12.025 -0.143 -7.856 12.897 -2.869 -7.655 
2 24 12.897 -2.869 -7.655 13.47 -2.9 -8.304 
2 24 12.897 -2.869 -7.655 11.891 -5.562 -8.544 
2 24 11.891 -5.562 -8.544 12.791 -4.881 -8.786 
2 24 11.923 -5.037 -12.41 12.872 -4.424 -11.902 
2 24 12.777 -2.676 -5.079 12.897 -2.869 -7.655 
2 24 -0.001 -11.638 -13.684 -0.001 -11.49 -14.287 
2 24 -0.001 -9.684 -15.086 -0.001 -9.286 -15.077 
2 24 -4.472 -4.461 10.48 -0.001 -4.461 11.374 
2 24 -0.001 -4.461 11.95 -4.667 -4.363 11.065 
2 24 -4.667 -4.363 11.065 -8.978 -4.395 8.569 
2 24 -8.28 -4.461 7.936 -4.472 -4.461 10.48 
2 24 -8.978 -4.395 8.569 -12.072 -4.432 4.431 
2 24 -10.706 -4.461 4.064 -8.28 -4.461 7.936 
2 24 -12.629 -4.218 -0.332 -11.861 -4.858 -0.322 
2 24 -12.072 -4.432 4.431 -12.629 -4.218 -0.332 
2 24 -11.861 -4.858 -0.322 -10.706 -4.461 4.064 
2 24 -11.472 -5.534 -4.637 -11.861 -4.858 -0.322 
2 24 -12.629 -4.218 -0.332 -11.929 -4.849 -4.697 
2 24 -10.514 -6.956 -7.448 -11.472 -5.534 -4.637 
2 24 -2.369 -12.316 -12.781 -5.241 -12.087 -11.907 
2 24 -5.241 -12.087 -11.907 -7.778 -10.478 -10.427 
2 24 -7.447 -5.154 -9.456 -5.401 -5.857 -11.238 
2 24 -4.38 -3.557 -9.091 -5.079 -3.197 -6.414 
2 24 -8.829 -4.406 -7.156 -7.447 -5.154 -9.456 
2 24 -5.079 -3.197 -6.414 -5.959 -3.133 -5.696 
2 24 -9.854 -3.883 -4.205 -8.829 -4.406 -7.156 
2 24 -5.959 -3.133 -5.696 -7.659 -3.14 -3.182 
2 24 -7.659 -3.14 -3.182 -8.255 -3.139 -0.036 
2 24 -8.255 -3.139 -0.036 -7.63 -3.139 3.109 
2 24 -7.63 -3.139 3.109 -5.813 -3.132 5.823 
2 24 -5.813 -3.132 5.823 -3.147 -3.132 7.605 
2 24 -3.147 -3.132 7.605 -0.001 -3.132 8.23 
2 24 -1.438 -5.7 -12.368 -2.261 -4.222 -11.003 
2 24 -5.401 -5.857 -11.238 -1.438 -5.7 -12.368 
2 24 -2.261 -4.222 -11.003 -2.617 -3.497 -9.784 
2 24 -2.617 -3.497 -9.784 -4.38 -3.557 -9.091 
2 24 -0.001 0 8.231 -3.159 0 7.589 
2 24 -4.458 0.019 10.549 -0.001 0.019 11.679 
2 24 -8.289 0.019 7.932 -4.458 0.019 10.549 
2 24 -3.159 0 7.589 -5.928 0 5.69 
2 24 -11.497 0.019 4.233 -8.289 0.019 7.932 
2 24 -5.928 0 5.69 -7.638 0 3.13 
2 24 -12.382 -0.11 -0.24 -11.497 0.019 4.233 
2 24 -7.638 0 3.13 -8.239 0 0.111 
2 24 -12 -0.09 -4.959 -12.382 -0.11 -0.24 
2 24 -8.239 0 0.111 -7.683 -0.071 -2.918 
2 24 -7.683 -0.071 -2.918 -5.991 -0.845 -5.694 
2 24 -0.613 -8.37 -15.093 -2.774 -5.433 -15.486 
2 24 -2.617 -3.497 -9.784 -3.823 -2.206 -9.323 
2 24 -3.823 -2.206 -9.323 -5 -1.417 -8.68 
2 24 -5 -1.417 -8.68 -4.38 -3.557 -9.091 
2 24 -10.033 -1.184 -13.206 -11.455 -1.318 -12.629 
2 24 -5.991 -0.845 -5.694 -5.117 -1.338 -6.723 
2 24 -5.117 -1.338 -6.723 -5 -1.417 -8.68 
2 24 -7.525 -1.62 -14.293 -10.033 -1.184 -13.206 
2 24 -5.067 -2.876 -15.127 -7.525 -1.62 -14.293 
2 24 -2.774 -5.433 -15.486 -5.067 -2.876 -15.127 
2 24 -14.887 -2.996 -12.367 -15.021 -2.735 -11.611 
2 24 -2.369 -12.316 -12.781 -0.001 -11.695 -13.019 
2 24 0.022 -7.533 -12.972 -1.438 -5.7 -12.368 
2 24 -8.009 -2.358 -14.008 -10.494 -1.559 -13.173 
2 24 -3.319 -6.095 -15.207 -5.591 -3.919 -14.814 
2 24 -0.505 -8.828 -15.119 -3.319 -6.095 -15.207 
2 24 -5.591 -3.919 -14.814 -8.009 -2.358 -14.008 
2 24 -10.617 -1.995 -13.542 -11.581 -1.766 -13.035 
2 24 -8.3 -2.893 -14.738 -10.617 -1.995 -13.542 
2 24 -5.861 -4.666 -15.764 -8.3 -2.893 -14.738 
2 24 -3.774 -7.023 -16.224 -5.861 -4.666 -15.764 
2 24 -1.525 -8.983 -15.607 -3.774 -7.023 -16.224 
2 24 -12.778 -2.046 -12.732 -14.887 -2.996 -12.367 
2 24 -11.581 -1.766 -13.035 -12.778 -2.046 -12.732 
2 24 -14.795 -3.663 -12.542 -13 -3.386 -12.81 
2 24 -14.604 -4.293 -12.264 -14.795 -3.663 -12.542 
2 24 -12.771 -4.145 -12.46 -14.604 -4.293 -12.264 
2 24 -14.795 -3.663 -12.542 -14.887 -2.996 -12.367 
2 24 -9.013 -4.579 -14.342 -11.046 -3.614 -13.437 
2 24 -6.732 -5.932 -15.751 -4.815 -8.576 -16.256 
2 24 -5.113 -9.046 -15.435 -6.929 -6.492 -15.193 
2 24 -4.815 -8.576 -16.256 -2.193 -10.045 -15.75 
2 24 -2.348 -10.372 -15.386 -5.113 -9.046 -15.435 
2 24 -8.958 -3.923 -14.693 -6.732 -5.932 -15.751 
2 24 -6.929 -6.492 -15.193 -9.013 -4.579 -14.342 
2 24 -9.381 -5.061 -14.52 -11.22 -3.958 -13.391 
2 24 -7.408 -7.409 -15.482 -9.381 -5.061 -14.52 
2 24 -5.525 -10.066 -15.812 -7.408 -7.409 -15.482 
2 24 -2.381 -10.874 -15.373 -5.525 -10.066 -15.812 
2 24 -9.771 -5.907 -13.946 -11.535 -4.459 -12.943 
2 24 -7.774 -8.241 -14.861 -9.771 -5.907 -13.946 
2 24 -5.607 -10.6 -14.374 -7.789 -8.856 -13.664 
2 24 -2.371 -11.196 -14.997 -5.607 -10.6 -14.374 
2 24 -7.789 -8.856 -13.664 -9.637 -6.433 -13.057 
2 24 -5.721 -11.327 -14.016 -8.101 -9.443 -13.264 
2 24 -2.374 -11.804 -14.905 -5.721 -11.327 -14.016 
2 24 -8.101 -9.443 -13.264 -9.916 -7.016 -12.717 
2 24 -11.671 -4.83 -12.191 -11.91 -4.582 -12.258 
2 24 -9.916 -7.016 -12.717 -11.671 -4.83 -12.191 
2 24 -0.001 -10.013 -15.086 -2.348 -10.372 -15.386 
2 24 -2.193 -10.045 -15.75 -0.001 -9.684 -15.086 
2 24 -0.001 -10.251 -15.058 -2.381 -10.874 -15.373 
2 24 -0.001 -10.906 -14.948 -2.371 -11.196 -14.997 
2 24 -0.001 -11.19 -14.826 -2.374 -11.804 -14.905 
2 24 -15.025 -3.582 -9.935 -14.638 -4.629 -10.181 
2 24 -12.832 -3.122 -8.77 -15.025 -3.582 -9.935 
2 24 -14.638 -4.629 -10.181 -12.492 -4.692 -9.332 
2 24 -15.082 -2.738 -10.105 -15.025 -3.582 -9.935 
2 24 -13.059 -1.321 -9.673 -15.082 -2.738 -10.105 
2 24 -14.615 -4.519 -11.672 -14.604 -4.293 -12.264 
2 24 -15.282 -3.614 -11.668 -14.795 -3.663 -12.542 
2 24 -7.778 -10.478 -10.427 -9.557 -8.505 -8.813 
2 24 -12.771 -4.145 -12.46 -11.535 -4.459 -12.943 
2 24 -11.38 -0.167 -8.113 -11.74 -0.406 -9.295 
2 24 -12.295 -2.911 -7.94 -11.38 -0.167 -8.113 
2 24 -11.74 -0.406 -9.295 -13.059 -1.321 -9.673 
2 24 -12.832 -3.122 -8.77 -12.295 -2.911 -7.94 
2 24 -12.295 -2.911 -7.94 -12.54 -2.669 -5.073 
2 24 -12 -0.09 -4.959 -11.38 -0.167 -8.113 
2 24 -12.295 -2.911 -7.94 -11.624 -5.377 -8.636 
2 24 -12.492 -4.692 -9.332 -11.624 -5.377 -8.636 
2 24 -0.505 -8.828 -15.119 -0.001 -8.836 -14.993 
2 24 -0.001 -9.286 -15.077 -1.525 -8.983 -15.607 
2 24 -5.079 -3.197 -6.414 -5.117 -1.338 -6.723 
2 24 -9.557 -8.505 -8.813 -10.514 -6.956 -7.448 
2 24 -15.021 -2.735 -11.611 -15.082 -2.738 -10.105 
2 24 -15.282 -3.614 -11.668 -15.025 -3.582 -9.935 
2 24 -14.615 -4.519 -11.672 -14.638 -4.629 -10.181 
2 24 -12.684 -4.696 -11.249 -12.492 -4.692 -9.332 
2 24 -0.613 -8.37 -15.093 -0.001 -8.432 -14.918 
2 24 -0.001 -8.432 -14.918 -0.001 -8.836 -14.993 
2 24 0.002 -8.066 -14.728 -0.001 -8.432 -14.918 
2 24 -0.648 -7.924 -14.779 0.002 -8.066 -14.728 
2 24 3.68 -3.514 -9.369 1.951 -6.341 -12.538 

