0 FRONT 3X4X1 1/3 W/2 KNOBS (Needs Work)
0 Name: 18051.dat
0 Author: <AuthorRealName> [<AuthorLDrawName>]
0 !LDRAW_ORG Unofficial_Part
0 !LICENSE Redistributable under CCAL version 2.0 : see CAreadme.txt

0 BFC CERTIFY CCW

0 !HISTORY 2016-03-18 {LEGO Digital Designer} Original part shape
0 !HISTORY 2016-03-18 [<AuthorLDrawName>] File preparation for LDraw Parts Tracker

0 // Needs Work: Clean necessary

0 // Outside
3 16 -9.999 -18.497 0.04 -10.849 -18.888 0.574 -9.999 -24.436 9.944 
3 16 -13.004 -26.422 17.027 -9.999 -24.436 9.944 -10.849 -18.888 0.574 
3 16 46.784 -16 46.25 32.5 -20.862 46.25 -26.783 -16 46.25 
3 16 -26.783 -16 46.25 32.5 -20.862 46.25 -12.499 -20.862 46.25 
3 16 -29.999 -32 50 -15.696 -32 50 -29.999 -16 50.001 
3 16 -15.696 -32 50 -9.999 -24.014 50 -29.999 -16 50.001 
3 16 -15.696 -32 50 -9.999 -32 50 -9.999 -24.014 50 
3 16 -26.79 -16 45.432 -29.983 -16 45.433 -26.783 -16 46.25 
3 16 -29.983 -16 45.433 -29.999 -16 50.001 -26.783 -16 46.25 
3 16 -0.753 0 -9.755 -10.765 0 -8.302 -6.194 -0.003 -5.339 
3 16 -6.194 -0.003 -5.339 -10.765 0 -8.302 -9.999 0 -4.573 
3 16 -17.37 0 -5.779 -14.718 0 -3.127 -10.765 0 -8.302 
3 16 -10.765 0 -8.302 -14.718 0 -3.127 -9.999 0 -4.573 
3 16 -0.753 -12.112 -9.755 -0.753 0 -9.755 20.754 -12.112 -9.755 
3 16 20.754 -12.112 -9.755 -0.753 0 -9.755 20.754 0 -9.755 
3 16 -23.201 -12.112 7.283 -22.892 -5.112 6.377 -23.994 -6.148 10 
3 16 -23.994 -6.148 10 -22.892 -5.112 6.377 -23.995 0 10 
3 16 -23.995 0 10 -22.892 -5.112 6.377 -22.892 0 6.377 
3 16 -23.994 -6.148 10 -24.453 -12.112 11.651 -23.201 -12.112 7.283 
3 16 -27.652 -6.136 10 -23.994 -6.148 10 -27.62 0 10 
3 16 -23.994 -6.148 10 -23.995 0 10 -27.62 0 10 
3 16 -23.995 0 10 -22.892 0 6.377 -27.62 0 10 
3 16 -22.892 0 6.377 -25.619 0 3.65 -27.62 0 10 
3 16 -25.619 0 3.65 -25.619 -5.112 3.65 -27.62 0 10 
3 16 -27.62 0 10 -25.619 -5.112 3.65 -27.652 -6.136 10 
3 16 -27.652 -6.136 10 -25.619 -5.112 3.65 -28.051 -12.112 11.651 
3 16 -28.051 -12.112 11.651 -25.619 -5.112 3.65 -24.439 -12.112 0.829 
3 16 -25.619 -5.112 3.65 -22.784 -5.112 -1.147 -24.439 -12.112 0.829 
3 16 -23.201 -12.112 7.283 -21.348 -12.112 2.491 -22.892 -5.112 6.377 
3 16 -21.348 -12.112 2.491 -19.978 -5.112 0.913 -22.892 -5.112 6.377 
3 16 -22.892 -5.112 6.377 -25.619 -5.112 3.65 -22.892 0 6.377 
3 16 -25.619 -5.112 3.65 -25.619 0 3.65 -22.892 0 6.377 
3 16 -22.892 -5.112 6.377 -19.978 -5.112 0.913 -25.619 -5.112 3.65 
3 16 -19.978 -5.112 0.913 -22.784 -5.112 -1.147 -25.619 -5.112 3.65 
3 16 -22.784 -5.112 -1.147 -19.978 -5.112 0.913 -17.37 -5.112 -5.779 
3 16 -19.978 -5.112 0.913 -14.718 -5.112 -3.127 -17.37 -5.112 -5.779 
3 16 -22.784 -5.112 -1.147 -18.53 -12.112 -5.092 -24.439 -12.112 0.829 
3 16 -22.784 -5.112 -1.147 -17.37 -5.112 -5.779 -18.53 -12.112 -5.092 
3 16 -18.53 -12.112 -5.092 -17.37 -5.112 -5.779 -10.831 -12.112 -8.283 
3 16 -10.831 -12.112 -8.283 -17.37 -5.112 -5.779 -10.765 0 -8.302 
3 16 -17.37 -5.112 -5.779 -17.37 0 -5.779 -10.765 0 -8.302 
3 16 -28.051 -12.112 11.651 -24.453 -12.112 11.651 -27.652 -6.136 10 
3 16 -24.453 -12.112 11.651 -23.994 -6.148 10 -27.652 -6.136 10 
3 16 -26.783 -16 46.25 -26.562 -28.689 46.25 -26.79 -16 45.432 
3 16 -26.79 -16 45.432 -26.562 -28.689 46.25 -26.739 -19.951 41.282 
3 16 -26.513 -30.588 33.737 -26.688 -22.537 36.439 -26.562 -28.689 46.25 
3 16 -26.562 -28.689 46.25 -26.688 -22.537 36.439 -26.739 -19.951 41.282 
3 16 -26.688 -22.537 36.439 -26.513 -30.588 33.737 -26.395 -23.573 27.081 
3 16 -26.513 -30.588 33.737 -25.561 -29.33 19.232 -26.395 -23.573 27.081 
3 16 -26.395 -23.573 27.081 -25.561 -29.33 19.232 -25.485 -19.571 17.521 
3 16 -25.561 -29.33 19.232 -22.013 -19.114 4.379 -25.485 -19.571 17.521 
3 16 -22.013 -19.114 4.379 -23.201 -12.112 7.283 -25.485 -19.571 17.521 
3 16 -25.485 -19.571 17.521 -23.201 -12.112 7.283 -24.453 -12.112 11.651 
3 16 -22.013 -19.114 4.379 -21.348 -12.112 2.491 -23.201 -12.112 7.283 
3 16 -24.453 -12.112 11.651 -28.051 -12.112 11.651 -25.485 -19.571 17.521 
3 16 -28.051 -12.112 11.651 -29.025 -19.571 17.521 -25.485 -19.571 17.521 
3 16 -25.485 -19.571 17.521 -29.025 -19.571 17.521 -26.395 -23.573 27.081 
3 16 -29.025 -19.571 17.521 -29.901 -23.572 27.07 -26.395 -23.573 27.081 
3 16 -26.395 -23.573 27.081 -29.901 -23.572 27.07 -26.688 -22.537 36.439 
3 16 -29.901 -23.572 27.07 -29.952 -22.539 36.434 -26.688 -22.537 36.439 
3 16 -26.688 -22.537 36.439 -29.952 -22.539 36.434 -26.739 -19.951 41.282 
3 16 -29.952 -22.539 36.434 -29.969 -19.951 41.283 -26.739 -19.951 41.282 
3 16 -26.739 -19.951 41.282 -29.969 -19.951 41.283 -26.79 -16 45.432 
3 16 -29.969 -19.951 41.283 -29.983 -16 45.433 -26.79 -16 45.432 
3 16 -29.983 -16 45.433 -29.999 -32 46.636 -29.999 -16 50.001 
3 16 -29.999 -32 46.636 -29.999 -32 50 -29.999 -16 50.001 
3 16 -29.969 -19.951 41.283 -29.999 -32 46.636 -29.983 -16 45.433 
3 16 -29.901 -23.572 27.07 -29.948 -32 31.781 -29.952 -22.539 36.434 
3 16 -29.948 -32 31.781 -29.999 -32 35.494 -29.952 -22.539 36.434 
3 16 -29.999 -32 46.636 -29.969 -19.951 41.283 -29.999 -32 35.494 
3 16 -29.952 -22.539 36.434 -29.999 -32 35.494 -29.969 -19.951 41.283 
3 16 -29.948 -32 31.781 -29.901 -23.572 27.07 -29.063 -30.443 19.157 
3 16 -29.901 -23.572 27.07 -29.025 -19.571 17.521 -29.063 -30.443 19.157 
3 16 -29.025 -19.571 17.521 -27.948 -28.085 12.594 -29.063 -30.443 19.157 
3 16 -28.051 -12.112 11.651 -27.948 -28.085 12.594 -29.025 -19.571 17.521 
3 16 -27.948 -28.085 12.594 -28.051 -12.112 11.651 -25.84 -22.248 4.75 
3 16 -28.051 -12.112 11.651 -24.439 -12.112 0.829 -25.84 -22.248 4.75 
3 16 -26.783 -16 46.25 -12.499 -20.862 46.25 -26.562 -28.689 46.25 
3 16 -26.562 -28.689 46.25 -12.499 -20.862 46.25 -20.273 -28.765 46.25 
3 16 -20.273 -28.765 46.25 -12.499 -20.862 46.25 -15.313 -28.383 46.25 
3 16 -12.499 -28.407 46.25 -15.313 -28.383 46.25 -12.499 -20.862 46.25 
3 16 -9.999 0 10 -9.999 -18.497 0.04 -9.999 -24.436 9.944 
3 16 -9.999 -18.497 0.04 -9.999 0 10 -9.999 -12.112 -4.573 
3 16 -9.999 0 10 -9.999 0 -4.573 -9.999 -12.112 -4.573 
3 16 -9.999 -18.497 0.04 -9.999 -12.112 -4.573 -10.849 -18.888 0.574 
3 16 -14.718 -5.112 -3.127 -14.718 0 -3.127 -17.37 -5.112 -5.779 
3 16 -14.718 0 -3.127 -17.37 0 -5.779 -17.37 -5.112 -5.779 
3 16 -14.718 0 -3.127 -14.718 -5.112 -3.127 -9.999 0 -4.573 
3 16 -14.718 -5.112 -3.127 -9.999 -12.112 -4.573 -9.999 0 -4.573 
3 16 -14.591 -12.112 -3.179 -9.999 -12.112 -4.573 -14.718 -5.112 -3.127 
3 16 -14.718 -5.112 -3.127 -19.978 -5.112 0.913 -14.591 -12.112 -3.179 
3 16 -19.978 -5.112 0.913 -21.348 -12.112 2.491 -14.591 -12.112 -3.179 
3 16 -22.013 -19.114 4.379 -16.55 -20.818 0.782 -21.348 -12.112 2.491 
3 16 -16.55 -20.818 0.782 -14.591 -12.112 -3.179 -21.348 -12.112 2.491 
3 16 -25.561 -29.33 19.232 -18.437 -31.993 16.942 -22.013 -19.114 4.379 
3 16 -18.437 -31.993 16.942 -16.55 -20.818 0.782 -22.013 -19.114 4.379 
3 16 -26.513 -30.588 33.737 -19.826 -32.746 31.363 -25.561 -29.33 19.232 
3 16 -19.826 -32.746 31.363 -18.437 -31.993 16.942 -25.561 -29.33 19.232 
3 16 -19.826 -32.746 31.363 -14.589 -28.082 31.499 -18.437 -31.993 16.942 
3 16 -14.589 -28.082 31.499 -13.004 -26.422 17.027 -18.437 -31.993 16.942 
3 16 -16.55 -20.818 0.782 -10.849 -18.888 0.574 -14.591 -12.112 -3.179 
3 16 -10.849 -18.888 0.574 -9.999 -12.112 -4.573 -14.591 -12.112 -3.179 
3 16 -18.437 -31.993 16.942 -13.004 -26.422 17.027 -16.55 -20.818 0.782 
3 16 -13.004 -26.422 17.027 -10.849 -18.888 0.574 -16.55 -20.818 0.782 
3 16 -19.826 -32.746 31.363 -20.273 -28.765 46.25 -14.589 -28.082 31.499 
3 16 -20.273 -28.765 46.25 -15.313 -28.383 46.25 -14.589 -28.082 31.499 
3 16 -26.562 -28.689 46.25 -20.273 -28.765 46.25 -26.513 -30.588 33.737 
3 16 -20.273 -28.765 46.25 -19.826 -32.746 31.363 -26.513 -30.588 33.737 
3 16 -9.999 -24.014 50 -9.999 -32 50 -9.999 -24.014 30 
3 16 -9.999 -32 50 -10.001 -32 30 -9.999 -24.014 30 
3 16 -20.803 -32.336 46.375 -20.887 -36.011 34.309 -15.127 -32 46.446 
3 16 -14.227 -31.299 8.984 -10.577 -27.798 8.959 -14.732 -34.057 17.49 
3 16 -10.577 -27.798 8.959 -12.658 -32 30 -14.732 -34.057 17.49 
3 16 -15.127 -32 46.446 -20.887 -36.011 34.309 -12.658 -32 30 
3 16 -20.887 -36.011 34.309 -20.364 -36.916 26.266 -12.658 -32 30 
3 16 -12.658 -32 30 -20.364 -36.916 26.266 -14.732 -34.057 17.49 
3 16 -20.364 -36.916 26.266 -26.278 -35.197 27.179 -19.819 -36.014 17.961 
3 16 -26.278 -35.197 27.179 -26.058 -34.014 19.275 -19.819 -36.014 17.961 
3 16 -27.948 -28.085 12.594 -25.201 -31.034 11.194 -29.063 -30.443 19.157 
3 16 -25.201 -31.034 11.194 -26.058 -34.014 19.275 -29.063 -30.443 19.157 
3 16 -29.063 -30.443 19.157 -26.058 -34.014 19.275 -29.948 -32 31.781 
3 16 -26.058 -34.014 19.275 -26.278 -35.197 27.179 -29.948 -32 31.781 
3 16 -26.339 -34.949 34.908 -20.887 -36.011 34.309 -26.61 -32.215 46.515 
3 16 -20.887 -36.011 34.309 -20.803 -32.336 46.375 -26.61 -32.215 46.515 
3 16 -15.127 -32 46.446 -15.696 -32 50 -20.803 -32.336 46.375 
3 16 -15.696 -32 50 -29.999 -32 50 -20.803 -32.336 46.375 
3 16 -20.803 -32.336 46.375 -29.999 -32 50 -26.61 -32.215 46.515 
3 16 -26.61 -32.215 46.515 -29.999 -32 50 -29.999 -32 46.636 
3 16 -26.278 -35.197 27.179 -20.364 -36.916 26.266 -26.339 -34.949 34.908 
3 16 -20.364 -36.916 26.266 -20.887 -36.011 34.309 -26.339 -34.949 34.908 
3 16 -26.278 -35.197 27.179 -26.339 -34.949 34.908 -29.948 -32 31.781 
3 16 -26.339 -34.949 34.908 -29.999 -32 35.494 -29.948 -32 31.781 
3 16 -15.696 -32 50 -15.127 -32 46.446 -9.999 -32 50 
3 16 -9.999 -32 50 -15.127 -32 46.446 -10.001 -32 30 
3 16 -15.127 -32 46.446 -12.658 -32 30 -10.001 -32 30 
3 16 -2.181 -21.548 -2.374 -10.473 -21.112 -2.248 -0.753 -12.112 -9.755 
3 16 -10.473 -21.112 -2.248 -10.831 -12.112 -8.283 -0.753 -12.112 -9.755 
3 16 -2.181 -21.548 -2.374 -0.753 -12.112 -9.755 22.182 -21.548 -2.374 
3 16 22.182 -21.548 -2.374 -0.753 -12.112 -9.755 20.754 -12.112 -9.755 
3 16 -2.757 -27.655 8.611 -10.577 -27.798 8.959 -2.181 -21.548 -2.374 
3 16 -10.577 -27.798 8.959 -10.473 -21.112 -2.248 -2.181 -21.548 -2.374 
3 16 -2.757 -27.655 8.611 -10.001 -32 30 -10.577 -27.798 8.959 
3 16 -10.001 -32 30 -12.658 -32 30 -10.577 -27.798 8.959 
3 16 -19.819 -36.014 17.961 -26.058 -34.014 19.275 -19.2 -32.867 9.343 
3 16 -26.058 -34.014 19.275 -25.201 -31.034 11.194 -19.2 -32.867 9.343 
3 16 -23.199 -22.411 1.164 -25.201 -31.034 11.194 -25.84 -22.248 4.75 
3 16 -25.201 -31.034 11.194 -27.948 -28.085 12.594 -25.84 -22.248 4.75 
3 16 -18.568 -23.157 -1.497 -14.363 -22.894 -1.866 -19.2 -32.867 9.343 
3 16 -14.363 -22.894 -1.866 -14.227 -31.299 8.984 -19.2 -32.867 9.343 
3 16 -19.2 -32.867 9.343 -14.227 -31.299 8.984 -19.819 -36.014 17.961 
3 16 -14.227 -31.299 8.984 -14.732 -34.057 17.49 -19.819 -36.014 17.961 
3 16 -20.364 -36.916 26.266 -19.819 -36.014 17.961 -14.732 -34.057 17.49 
3 16 -19.2 -32.867 9.343 -25.201 -31.034 11.194 -18.568 -23.157 -1.497 
3 16 -25.201 -31.034 11.194 -23.199 -22.411 1.164 -18.568 -23.157 -1.497 
3 16 -18.53 -12.112 -5.092 -23.199 -22.411 1.164 -24.439 -12.112 0.829 
3 16 -23.199 -22.411 1.164 -25.84 -22.248 4.75 -24.439 -12.112 0.829 
3 16 -23.199 -22.411 1.164 -18.53 -12.112 -5.092 -18.568 -23.157 -1.497 
3 16 -10.831 -12.112 -8.283 -14.363 -22.894 -1.866 -18.53 -12.112 -5.092 
3 16 -18.53 -12.112 -5.092 -14.363 -22.894 -1.866 -18.568 -23.157 -1.497 
3 16 -14.363 -22.894 -1.866 -10.831 -12.112 -8.283 -10.473 -21.112 -2.248 
3 16 -10.577 -27.798 8.959 -14.227 -31.299 8.984 -10.473 -21.112 -2.248 
3 16 -14.227 -31.299 8.984 -14.363 -22.894 -1.866 -10.473 -21.112 -2.248 
3 16 -9.999 -24.014 50 -9.999 -24.014 30 30 -24.014 50 
3 16 30 -24.014 50 -9.999 -24.014 30 30 -24.014 30 
3 16 -10.765 0 -8.302 -0.753 0 -9.755 -10.831 -12.112 -8.283 
3 16 -0.753 0 -9.755 -0.753 -12.112 -9.755 -10.831 -12.112 -8.283 
3 16 -26.61 -32.215 46.515 -29.999 -32 46.636 -26.339 -34.949 34.908 
3 16 -29.999 -32 46.636 -29.999 -32 35.494 -26.339 -34.949 34.908 
3 16 -9.999 0 10 -9.999 -24.436 9.944 30 0 10 
3 16 30 0 10 -9.999 -24.436 9.944 30 -24.436 9.944 
3 16 -14.589 -28.082 31.499 -12.499 -27.78 26.747 -13.004 -26.422 17.027 
3 16 -13.004 -26.422 17.027 -12.499 -27.78 26.747 33.005 -26.422 17.027 
3 16 33.005 -26.422 17.027 -12.499 -27.78 26.747 32.5 -27.78 26.747 
3 16 -12.499 -27.78 26.747 -14.589 -28.082 31.499 -12.499 -28.407 46.25 
3 16 -14.589 -28.082 31.499 -15.313 -28.383 46.25 -12.499 -28.407 46.25 
3 16 -9.999 -24.436 9.944 -13.004 -26.422 17.027 30 -24.436 9.944 
3 16 -13.004 -26.422 17.027 33.005 -26.422 17.027 30 -24.436 9.944 
3 16 30 -18.497 0.04 30 -24.436 9.944 30.85 -18.888 0.574 
3 16 33.005 -26.422 17.027 30.85 -18.888 0.574 30 -24.436 9.944 
3 16 -9.999 -24.014 30 -10.001 -32 30 30 -24.014 30 
3 16 30 -24.014 30 -10.001 -32 30 30.002 -32 30 
3 16 50 -32 50 50 -16 50.001 35.696 -32 50 
3 16 35.696 -32 50 50 -16 50.001 30 -24.014 50 
3 16 35.696 -32 50 30 -24.014 50 30 -32 50 
3 16 -26.783 -16 46.25 -29.999 -16 50.001 46.784 -16 46.25 
3 16 46.784 -16 46.25 -29.999 -16 50.001 50 -16 50.001 
3 16 46.791 -16 45.432 46.784 -16 46.25 49.984 -16 45.433 
3 16 49.984 -16 45.433 46.784 -16 46.25 50 -16 50.001 
3 16 20.754 0 -9.755 26.194 -0.003 -5.339 30.765 0 -8.302 
3 16 26.194 -0.003 -5.339 30 0 -4.573 30.765 0 -8.302 
3 16 37.37 0 -5.779 30.765 0 -8.302 34.719 0 -3.127 
3 16 30.765 0 -8.302 30 0 -4.573 34.719 0 -3.127 
3 16 43.202 -12.112 7.283 43.994 -6.148 10 42.893 -5.112 6.377 
3 16 43.994 -6.148 10 43.996 0 10 42.893 -5.112 6.377 
3 16 43.996 0 10 42.893 0 6.377 42.893 -5.112 6.377 
3 16 43.994 -6.148 10 43.202 -12.112 7.283 44.453 -12.112 11.651 
3 16 47.653 -6.136 10 47.621 0 10 43.994 -6.148 10 
3 16 43.994 -6.148 10 47.621 0 10 43.996 0 10 
3 16 43.996 0 10 47.621 0 10 42.893 0 6.377 
3 16 42.893 0 6.377 47.621 0 10 45.619 0 3.65 
3 16 45.619 0 3.65 47.621 0 10 45.619 -5.112 3.65 
3 16 47.621 0 10 47.653 -6.136 10 45.619 -5.112 3.65 
3 16 47.653 -6.136 10 48.052 -12.112 11.651 45.619 -5.112 3.65 
3 16 48.052 -12.112 11.651 44.439 -12.112 0.829 45.619 -5.112 3.65 
3 16 45.619 -5.112 3.65 44.439 -12.112 0.829 42.784 -5.112 -1.147 
3 16 43.202 -12.112 7.283 42.893 -5.112 6.377 41.348 -12.112 2.491 
3 16 41.348 -12.112 2.491 42.893 -5.112 6.377 39.978 -5.112 0.913 
3 16 42.893 -5.112 6.377 42.893 0 6.377 45.619 -5.112 3.65 
3 16 45.619 -5.112 3.65 42.893 0 6.377 45.619 0 3.65 
3 16 42.893 -5.112 6.377 45.619 -5.112 3.65 39.978 -5.112 0.913 
3 16 39.978 -5.112 0.913 45.619 -5.112 3.65 42.784 -5.112 -1.147 
3 16 42.784 -5.112 -1.147 37.37 -5.112 -5.779 39.978 -5.112 0.913 
3 16 39.978 -5.112 0.913 37.37 -5.112 -5.779 34.719 -5.112 -3.127 
3 16 42.784 -5.112 -1.147 44.439 -12.112 0.829 38.53 -12.112 -5.092 
3 16 42.784 -5.112 -1.147 38.53 -12.112 -5.092 37.37 -5.112 -5.779 
3 16 38.53 -12.112 -5.092 30.832 -12.112 -8.283 37.37 -5.112 -5.779 
3 16 30.832 -12.112 -8.283 30.765 0 -8.302 37.37 -5.112 -5.779 
3 16 37.37 -5.112 -5.779 30.765 0 -8.302 37.37 0 -5.779 
3 16 48.052 -12.112 11.651 47.653 -6.136 10 44.453 -12.112 11.651 
3 16 44.453 -12.112 11.651 47.653 -6.136 10 43.994 -6.148 10 
3 16 46.784 -16 46.25 46.791 -16 45.432 46.563 -28.689 46.25 
3 16 46.791 -16 45.432 46.739 -19.951 41.282 46.563 -28.689 46.25 
3 16 46.514 -30.588 33.737 46.563 -28.689 46.25 46.688 -22.537 36.439 
3 16 46.563 -28.689 46.25 46.739 -19.951 41.282 46.688 -22.537 36.439 
3 16 46.688 -22.537 36.439 46.396 -23.573 27.081 46.514 -30.588 33.737 
3 16 46.514 -30.588 33.737 46.396 -23.573 27.081 45.562 -29.33 19.232 
3 16 46.396 -23.573 27.081 45.486 -19.571 17.521 45.562 -29.33 19.232 
3 16 45.562 -29.33 19.232 45.486 -19.571 17.521 42.014 -19.114 4.379 
3 16 42.014 -19.114 4.379 45.486 -19.571 17.521 43.202 -12.112 7.283 
3 16 45.486 -19.571 17.521 44.453 -12.112 11.651 43.202 -12.112 7.283 
3 16 42.014 -19.114 4.379 43.202 -12.112 7.283 41.348 -12.112 2.491 
3 16 44.453 -12.112 11.651 45.486 -19.571 17.521 48.052 -12.112 11.651 
3 16 48.052 -12.112 11.651 45.486 -19.571 17.521 49.026 -19.571 17.521 
3 16 45.486 -19.571 17.521 46.396 -23.573 27.081 49.026 -19.571 17.521 
3 16 49.026 -19.571 17.521 46.396 -23.573 27.081 49.901 -23.572 27.07 
3 16 46.396 -23.573 27.081 46.688 -22.537 36.439 49.901 -23.572 27.07 
3 16 49.901 -23.572 27.07 46.688 -22.537 36.439 49.953 -22.539 36.434 
3 16 46.688 -22.537 36.439 46.739 -19.951 41.282 49.953 -22.539 36.434 
3 16 49.953 -22.539 36.434 46.739 -19.951 41.282 49.97 -19.951 41.283 
3 16 46.739 -19.951 41.282 46.791 -16 45.432 49.97 -19.951 41.283 
3 16 49.97 -19.951 41.283 46.791 -16 45.432 49.984 -16 45.433 
3 16 49.984 -16 45.433 50 -16 50.001 50 -32 46.636 
3 16 50 -32 46.636 50 -16 50.001 50 -32 50 
3 16 49.97 -19.951 41.283 49.984 -16 45.433 50 -32 46.636 
3 16 49.901 -23.572 27.07 49.953 -22.539 36.434 49.949 -32 31.781 
3 16 49.949 -32 31.781 49.953 -22.539 36.434 50 -32 35.494 
3 16 50 -32 46.636 50 -32 35.494 49.97 -19.951 41.283 
3 16 49.953 -22.539 36.434 49.97 -19.951 41.283 50 -32 35.494 
3 16 49.949 -32 31.781 49.064 -30.443 19.157 49.901 -23.572 27.07 
3 16 49.901 -23.572 27.07 49.064 -30.443 19.157 49.026 -19.571 17.521 
3 16 49.026 -19.571 17.521 49.064 -30.443 19.157 47.949 -28.085 12.594 
3 16 48.052 -12.112 11.651 49.026 -19.571 17.521 47.949 -28.085 12.594 
3 16 47.949 -28.085 12.594 45.841 -22.248 4.75 48.052 -12.112 11.651 
3 16 48.052 -12.112 11.651 45.841 -22.248 4.75 44.439 -12.112 0.829 
3 16 46.784 -16 46.25 46.563 -28.689 46.25 32.5 -20.862 46.25 
3 16 46.563 -28.689 46.25 40.273 -28.765 46.25 32.5 -20.862 46.25 
3 16 40.273 -28.765 46.25 35.313 -28.383 46.25 32.5 -20.862 46.25 
3 16 32.5 -28.407 46.25 32.5 -20.862 46.25 35.313 -28.383 46.25 
3 16 30 -24.436 9.944 30 -18.497 0.04 30 0 10 
3 16 30 -18.497 0.04 30 -12.112 -4.573 30 0 10 
3 16 30 0 10 30 -12.112 -4.573 30 0 -4.573 
3 16 30 -18.497 0.04 30.85 -18.888 0.574 30 -12.112 -4.573 
3 16 34.719 -5.112 -3.127 37.37 -5.112 -5.779 34.719 0 -3.127 
3 16 34.719 0 -3.127 37.37 -5.112 -5.779 37.37 0 -5.779 
3 16 34.719 0 -3.127 30 0 -4.573 34.719 -5.112 -3.127 
3 16 34.719 -5.112 -3.127 30 0 -4.573 30 -12.112 -4.573 
3 16 34.591 -12.112 -3.179 34.719 -5.112 -3.127 30 -12.112 -4.573 
3 16 34.719 -5.112 -3.127 34.591 -12.112 -3.179 39.978 -5.112 0.913 
3 16 39.978 -5.112 0.913 34.591 -12.112 -3.179 41.348 -12.112 2.491 
3 16 42.014 -19.114 4.379 41.348 -12.112 2.491 36.551 -20.818 0.782 
3 16 36.551 -20.818 0.782 41.348 -12.112 2.491 34.591 -12.112 -3.179 
3 16 45.562 -29.33 19.232 42.014 -19.114 4.379 38.438 -31.993 16.942 
3 16 38.438 -31.993 16.942 42.014 -19.114 4.379 36.551 -20.818 0.782 
3 16 46.514 -30.588 33.737 45.562 -29.33 19.232 39.827 -32.746 31.363 
3 16 39.827 -32.746 31.363 45.562 -29.33 19.232 38.438 -31.993 16.942 
3 16 39.827 -32.746 31.363 38.438 -31.993 16.942 34.59 -28.082 31.499 
3 16 34.59 -28.082 31.499 38.438 -31.993 16.942 33.005 -26.422 17.027 
3 16 36.551 -20.818 0.782 34.591 -12.112 -3.179 30.85 -18.888 0.574 
3 16 30.85 -18.888 0.574 34.591 -12.112 -3.179 30 -12.112 -4.573 
3 16 38.438 -31.993 16.942 36.551 -20.818 0.782 33.005 -26.422 17.027 
3 16 33.005 -26.422 17.027 36.551 -20.818 0.782 30.85 -18.888 0.574 
3 16 39.827 -32.746 31.363 34.59 -28.082 31.499 40.273 -28.765 46.25 
3 16 40.273 -28.765 46.25 34.59 -28.082 31.499 35.313 -28.383 46.25 
3 16 46.563 -28.689 46.25 46.514 -30.588 33.737 40.273 -28.765 46.25 
3 16 40.273 -28.765 46.25 46.514 -30.588 33.737 39.827 -32.746 31.363 
3 16 30 -24.014 50 30 -24.014 30 30 -32 50 
3 16 30 -32 50 30 -24.014 30 30.002 -32 30 
3 16 40.803 -32.336 46.375 35.128 -32 46.446 40.888 -36.011 34.309 
3 16 34.227 -31.299 8.984 34.732 -34.057 17.49 30.578 -27.798 8.959 
3 16 30.578 -27.798 8.959 34.732 -34.057 17.49 32.658 -32 30 
3 16 35.128 -32 46.446 32.658 -32 30 40.888 -36.011 34.309 
3 16 40.888 -36.011 34.309 32.658 -32 30 40.365 -36.916 26.266 
3 16 32.658 -32 30 34.732 -34.057 17.49 40.365 -36.916 26.266 
3 16 40.365 -36.916 26.266 39.82 -36.014 17.961 46.279 -35.197 27.179 
3 16 46.279 -35.197 27.179 39.82 -36.014 17.961 46.059 -34.014 19.275 
3 16 47.949 -28.085 12.594 49.064 -30.443 19.157 45.201 -31.034 11.194 
3 16 45.201 -31.034 11.194 49.064 -30.443 19.157 46.059 -34.014 19.275 
3 16 49.064 -30.443 19.157 49.949 -32 31.781 46.059 -34.014 19.275 
3 16 46.059 -34.014 19.275 49.949 -32 31.781 46.279 -35.197 27.179 
3 16 46.34 -34.949 34.908 46.611 -32.215 46.515 40.888 -36.011 34.309 
3 16 40.888 -36.011 34.309 46.611 -32.215 46.515 40.803 -32.336 46.375 
3 16 35.128 -32 46.446 40.803 -32.336 46.375 35.696 -32 50 
3 16 35.696 -32 50 40.803 -32.336 46.375 50 -32 50 
3 16 40.803 -32.336 46.375 46.611 -32.215 46.515 50 -32 50 
3 16 46.611 -32.215 46.515 50 -32 46.636 50 -32 50 
3 16 46.279 -35.197 27.179 46.34 -34.949 34.908 40.365 -36.916 26.266 
3 16 40.365 -36.916 26.266 46.34 -34.949 34.908 40.888 -36.011 34.309 
3 16 46.279 -35.197 27.179 49.949 -32 31.781 46.34 -34.949 34.908 
3 16 46.34 -34.949 34.908 49.949 -32 31.781 50 -32 35.494 
3 16 35.696 -32 50 30 -32 50 35.128 -32 46.446 
3 16 30 -32 50 30.002 -32 30 35.128 -32 46.446 
3 16 35.128 -32 46.446 30.002 -32 30 32.658 -32 30 
3 16 22.182 -21.548 -2.374 20.754 -12.112 -9.755 30.474 -21.112 -2.248 
3 16 30.474 -21.112 -2.248 20.754 -12.112 -9.755 30.832 -12.112 -8.283 
3 16 -2.757 -27.655 8.611 -2.181 -21.548 -2.374 22.758 -27.655 8.611 
3 16 22.758 -27.655 8.611 -2.181 -21.548 -2.374 22.182 -21.548 -2.374 
3 16 22.758 -27.655 8.611 22.182 -21.548 -2.374 30.578 -27.798 8.959 
3 16 30.578 -27.798 8.959 22.182 -21.548 -2.374 30.474 -21.112 -2.248 
3 16 22.758 -27.655 8.611 30.578 -27.798 8.959 30.002 -32 30 
3 16 30.002 -32 30 30.578 -27.798 8.959 32.658 -32 30 
3 16 39.82 -36.014 17.961 39.201 -32.867 9.343 46.059 -34.014 19.275 
3 16 46.059 -34.014 19.275 39.201 -32.867 9.343 45.201 -31.034 11.194 
3 16 43.199 -22.411 1.164 45.841 -22.248 4.75 45.201 -31.034 11.194 
3 16 45.201 -31.034 11.194 45.841 -22.248 4.75 47.949 -28.085 12.594 
3 16 38.569 -23.157 -1.497 39.201 -32.867 9.343 34.364 -22.894 -1.866 
3 16 34.364 -22.894 -1.866 39.201 -32.867 9.343 34.227 -31.299 8.984 
3 16 39.201 -32.867 9.343 39.82 -36.014 17.961 34.227 -31.299 8.984 
3 16 34.227 -31.299 8.984 39.82 -36.014 17.961 34.732 -34.057 17.49 
3 16 40.365 -36.916 26.266 34.732 -34.057 17.49 39.82 -36.014 17.961 
3 16 39.201 -32.867 9.343 38.569 -23.157 -1.497 45.201 -31.034 11.194 
3 16 45.201 -31.034 11.194 38.569 -23.157 -1.497 43.199 -22.411 1.164 
3 16 38.53 -12.112 -5.092 44.439 -12.112 0.829 43.199 -22.411 1.164 
3 16 43.199 -22.411 1.164 44.439 -12.112 0.829 45.841 -22.248 4.75 
3 16 43.199 -22.411 1.164 38.569 -23.157 -1.497 38.53 -12.112 -5.092 
3 16 30.832 -12.112 -8.283 38.53 -12.112 -5.092 34.364 -22.894 -1.866 
3 16 38.53 -12.112 -5.092 38.569 -23.157 -1.497 34.364 -22.894 -1.866 
3 16 34.364 -22.894 -1.866 30.474 -21.112 -2.248 30.832 -12.112 -8.283 
3 16 30.578 -27.798 8.959 30.474 -21.112 -2.248 34.227 -31.299 8.984 
3 16 34.227 -31.299 8.984 30.474 -21.112 -2.248 34.364 -22.894 -1.866 
3 16 -29.999 -16 50.001 -9.999 -24.014 50 50 -16 50.001 
3 16 50 -16 50.001 -9.999 -24.014 50 30 -24.014 50 
3 16 30.765 0 -8.302 30.832 -12.112 -8.283 20.754 0 -9.755 
3 16 20.754 0 -9.755 30.832 -12.112 -8.283 20.754 -12.112 -9.755 
3 16 -10.001 -32 30 -2.757 -27.655 8.611 30.002 -32 30 
3 16 30.002 -32 30 -2.757 -27.655 8.611 22.758 -27.655 8.611 
3 16 46.611 -32.215 46.515 46.34 -34.949 34.908 50 -32 46.636 
3 16 50 -32 46.636 46.34 -34.949 34.908 50 -32 35.494 
3 16 34.59 -28.082 31.499 33.005 -26.422 17.027 32.5 -27.78 26.747 
3 16 32.5 -27.78 26.747 32.5 -28.407 46.25 34.59 -28.082 31.499 
3 16 34.59 -28.082 31.499 32.5 -28.407 46.25 35.313 -28.383 46.25 
3 16 -10 -20.862 46.25 -10 -16 46.25 -10 -20.862 26.747 
3 16 -10 -16 46.25 -10 -16 10 -10 -20.862 26.747 
3 16 -10 -27.779 26.747 -10 -20.862 26.747 -10 -26.433 17.189 
3 16 -10 -20.862 26.747 -10 -16 10 -10 -26.433 17.189 
3 16 -10 -16 10 -10 -24.436 9.944 -10 -26.433 17.189 
3 16 -12.5 -20.862 26.747 -12.5 -20.862 46.25 32.5 -20.862 26.747 
3 16 32.5 -20.862 26.747 -12.5 -20.862 46.25 32.5 -20.862 46.25 
3 16 -12.5 -27.78 26.747 -12.5 -28.407 46.25 -12.5 -20.862 26.747 
3 16 -12.5 -20.862 26.747 -12.5 -28.407 46.25 -12.5 -20.862 46.25 
3 16 -12.5 -27.78 26.747 -12.5 -20.862 26.747 32.5 -27.78 26.747 
3 16 32.5 -27.78 26.747 -12.5 -20.862 26.747 32.5 -20.862 26.747 
3 16 32.5 -28.407 46.25 32.5 -27.78 26.747 32.5 -20.862 46.25 
3 16 32.5 -20.862 46.25 32.5 -27.78 26.747 32.5 -20.862 26.747 
3 16 30 -20.862 46.25 30 -20.862 26.747 30 -16 46.25 
3 16 30 -16 46.25 30 -20.862 26.747 30 -16 10 
3 16 30 -27.779 26.747 30 -26.433 17.189 30 -20.862 26.747 
3 16 30 -20.862 26.747 30 -26.433 17.189 30 -16 10 
3 16 30 -16 10 30 -26.433 17.189 30 -24.436 9.944 
2 24 -9.999 -24.436 9.944 -9.999 -18.497 0.04 
2 24 -10.849 -18.888 0.574 -13.004 -26.422 17.027 
2 24 -26.783 -16 46.25 46.784 -16 46.25 
2 24 32.5 -20.862 46.25 -12.499 -20.862 46.25 
2 24 -29.999 -32 50 -15.696 -32 50 
2 24 -29.999 -16 50.001 -29.999 -32 50 
2 24 -15.696 -32 50 -9.999 -32 50 
2 24 -9.999 -32 50 -9.999 -24.014 50 
2 24 -26.79 -16 45.432 -29.983 -16 45.433 
2 24 -26.783 -16 46.25 -26.79 -16 45.432 
2 24 -29.983 -16 45.433 -29.999 -16 50.001 
2 24 -0.753 0 -9.755 -10.765 0 -8.302 
2 24 -6.194 -0.003 -5.339 -0.753 0 -9.755 
2 24 -9.999 0 -4.573 -6.194 -0.003 -5.339 
2 24 -17.37 0 -5.779 -14.718 0 -3.127 
2 24 -10.765 0 -8.302 -17.37 0 -5.779 
2 24 -14.718 0 -3.127 -9.999 0 -4.573 
2 24 20.754 -12.112 -9.755 -0.753 -12.112 -9.755 
2 24 -0.753 0 -9.755 20.754 0 -9.755 
2 24 -23.995 0 10 -23.994 -6.148 10 
2 24 -22.892 -5.112 6.377 -22.892 0 6.377 
2 24 -22.892 0 6.377 -23.995 0 10 
2 24 -23.994 -6.148 10 -24.453 -12.112 11.651 
2 24 -24.453 -12.112 11.651 -23.201 -12.112 7.283 
2 24 -27.62 0 10 -27.652 -6.136 10 
2 24 -23.995 0 10 -27.62 0 10 
2 24 -22.892 0 6.377 -25.619 0 3.65 
2 24 -25.619 0 3.65 -27.62 0 10 
2 24 -25.619 0 3.65 -25.619 -5.112 3.65 
2 24 -28.051 -12.112 11.651 -27.652 -6.136 10 
2 24 -24.439 -12.112 0.829 -28.051 -12.112 11.651 
2 24 -25.619 -5.112 3.65 -22.784 -5.112 -1.147 
2 24 -23.201 -12.112 7.283 -21.348 -12.112 2.491 
2 24 -19.978 -5.112 0.913 -22.892 -5.112 6.377 
2 24 -22.892 -5.112 6.377 -25.619 -5.112 3.65 
2 24 -17.37 -5.112 -5.779 -22.784 -5.112 -1.147 
2 24 -19.978 -5.112 0.913 -14.718 -5.112 -3.127 
2 24 -14.718 -5.112 -3.127 -17.37 -5.112 -5.779 
2 24 -18.53 -12.112 -5.092 -24.439 -12.112 0.829 
2 24 -10.831 -12.112 -8.283 -18.53 -12.112 -5.092 
2 24 -17.37 -5.112 -5.779 -17.37 0 -5.779 
2 24 -26.783 -16 46.25 -26.562 -28.689 46.25 
2 24 -26.739 -19.951 41.282 -26.79 -16 45.432 
2 24 -26.562 -28.689 46.25 -26.513 -30.588 33.737 
2 24 -26.688 -22.537 36.439 -26.739 -19.951 41.282 
2 24 -26.395 -23.573 27.081 -26.688 -22.537 36.439 
2 24 -26.513 -30.588 33.737 -25.561 -29.33 19.232 
2 24 -25.485 -19.571 17.521 -26.395 -23.573 27.081 
2 24 -25.561 -29.33 19.232 -22.013 -19.114 4.379 
2 24 -24.453 -12.112 11.651 -25.485 -19.571 17.521 
2 24 -22.013 -19.114 4.379 -21.348 -12.112 2.491 
2 24 -28.051 -12.112 11.651 -29.025 -19.571 17.521 
2 24 -29.025 -19.571 17.521 -29.901 -23.572 27.07 
2 24 -29.901 -23.572 27.07 -29.952 -22.539 36.434 
2 24 -29.952 -22.539 36.434 -29.969 -19.951 41.283 
2 24 -29.969 -19.951 41.283 -29.983 -16 45.433 
2 24 -29.999 -32 46.636 -29.999 -32 50 
2 24 -29.948 -32 31.781 -29.999 -32 35.494 
2 24 -29.999 -32 35.494 -29.999 -32 46.636 
2 24 -29.063 -30.443 19.157 -29.948 -32 31.781 
2 24 -27.948 -28.085 12.594 -29.063 -30.443 19.157 
2 24 -25.84 -22.248 4.75 -27.948 -28.085 12.594 
2 24 -24.439 -12.112 0.829 -25.84 -22.248 4.75 
2 24 -20.273 -28.765 46.25 -26.562 -28.689 46.25 
2 24 -15.313 -28.383 46.25 -20.273 -28.765 46.25 
2 24 -12.499 -28.407 46.25 -15.313 -28.383 46.25 
2 24 -12.499 -20.862 46.25 -12.499 -28.407 46.25 
2 24 -9.999 -24.436 9.944 -9.999 0 10 
2 24 -9.999 -12.112 -4.573 -9.999 -18.497 0.04 
2 24 -9.999 0 10 -9.999 0 -4.573 
2 24 -9.999 0 -4.573 -9.999 -12.112 -4.573 
2 24 -9.999 -12.112 -4.573 -10.849 -18.888 0.574 
2 24 -14.718 -5.112 -3.127 -14.718 0 -3.127 
2 24 -14.591 -12.112 -3.179 -9.999 -12.112 -4.573 
2 24 -21.348 -12.112 2.491 -14.591 -12.112 -3.179 
2 24 -14.589 -28.082 31.499 -13.004 -26.422 17.027 
2 24 -15.313 -28.383 46.25 -14.589 -28.082 31.499 
2 24 -9.999 -24.014 30 -9.999 -24.014 50 
2 24 -9.999 -32 50 -10.001 -32 30 
2 24 -10.001 -32 30 -9.999 -24.014 30 
2 24 -10.577 -27.798 8.959 -12.658 -32 30 
2 24 -12.658 -32 30 -15.127 -32 46.446 
2 24 -15.127 -32 46.446 -15.696 -32 50 
2 24 -10.473 -21.112 -2.248 -10.831 -12.112 -8.283 
2 24 -10.831 -12.112 -8.283 -0.753 -12.112 -9.755 
2 24 -10.577 -27.798 8.959 -10.473 -21.112 -2.248 
2 24 30 -24.014 50 -9.999 -24.014 50 
2 24 -9.999 -24.014 30 30 -24.014 30 
2 24 30 -24.014 30 30 -24.014 50 
2 24 30 0 10 -9.999 0 10 
2 24 -9.999 -24.436 9.944 30 -24.436 9.944 
2 24 30 -24.436 9.944 30 0 10 
2 24 -12.499 -27.78 26.747 32.5 -27.78 26.747 
2 24 -12.499 -28.407 46.25 -12.499 -27.78 26.747 
2 24 30 -18.497 0.04 30 -24.436 9.944 
2 24 33.005 -26.422 17.027 30.85 -18.888 0.574 
2 24 -10.001 -32 30 30.002 -32 30 
2 24 30.002 -32 30 30 -24.014 30 
2 24 50 -32 50 50 -16 50.001 
2 24 35.696 -32 50 50 -32 50 
2 24 30 -24.014 50 30 -32 50 
2 24 30 -32 50 35.696 -32 50 
2 24 -29.999 -16 50.001 50 -16 50.001 
2 24 46.791 -16 45.432 46.784 -16 46.25 
2 24 49.984 -16 45.433 46.791 -16 45.432 
2 24 50 -16 50.001 49.984 -16 45.433 
2 24 20.754 0 -9.755 26.194 -0.003 -5.339 
2 24 30.765 0 -8.302 20.754 0 -9.755 
2 24 26.194 -0.003 -5.339 30 0 -4.573 
2 24 37.37 0 -5.779 30.765 0 -8.302 
2 24 34.719 0 -3.127 37.37 0 -5.779 
2 24 30 0 -4.573 34.719 0 -3.127 
2 24 43.994 -6.148 10 43.996 0 10 
2 24 43.996 0 10 42.893 0 6.377 
2 24 42.893 0 6.377 42.893 -5.112 6.377 
2 24 43.202 -12.112 7.283 44.453 -12.112 11.651 
2 24 44.453 -12.112 11.651 43.994 -6.148 10 
2 24 47.653 -6.136 10 47.621 0 10 
2 24 47.621 0 10 43.996 0 10 
2 24 47.621 0 10 45.619 0 3.65 
2 24 45.619 0 3.65 42.893 0 6.377 
2 24 45.619 -5.112 3.65 45.619 0 3.65 
2 24 47.653 -6.136 10 48.052 -12.112 11.651 
2 24 48.052 -12.112 11.651 44.439 -12.112 0.829 
2 24 42.784 -5.112 -1.147 45.619 -5.112 3.65 
2 24 41.348 -12.112 2.491 43.202 -12.112 7.283 
2 24 42.893 -5.112 6.377 39.978 -5.112 0.913 
2 24 45.619 -5.112 3.65 42.893 -5.112 6.377 
2 24 42.784 -5.112 -1.147 37.37 -5.112 -5.779 
2 24 37.37 -5.112 -5.779 34.719 -5.112 -3.127 
2 24 34.719 -5.112 -3.127 39.978 -5.112 0.913 
2 24 44.439 -12.112 0.829 38.53 -12.112 -5.092 
2 24 38.53 -12.112 -5.092 30.832 -12.112 -8.283 
2 24 37.37 0 -5.779 37.37 -5.112 -5.779 
2 24 46.563 -28.689 46.25 46.784 -16 46.25 
2 24 46.791 -16 45.432 46.739 -19.951 41.282 
2 24 46.514 -30.588 33.737 46.563 -28.689 46.25 
2 24 46.739 -19.951 41.282 46.688 -22.537 36.439 
2 24 46.688 -22.537 36.439 46.396 -23.573 27.081 
2 24 45.562 -29.33 19.232 46.514 -30.588 33.737 
2 24 46.396 -23.573 27.081 45.486 -19.571 17.521 
2 24 42.014 -19.114 4.379 45.562 -29.33 19.232 
2 24 45.486 -19.571 17.521 44.453 -12.112 11.651 
2 24 41.348 -12.112 2.491 42.014 -19.114 4.379 
2 24 49.026 -19.571 17.521 48.052 -12.112 11.651 
2 24 49.901 -23.572 27.07 49.026 -19.571 17.521 
2 24 49.953 -22.539 36.434 49.901 -23.572 27.07 
2 24 49.97 -19.951 41.283 49.953 -22.539 36.434 
2 24 49.984 -16 45.433 49.97 -19.951 41.283 
2 24 50 -32 50 50 -32 46.636 
2 24 50 -32 35.494 49.949 -32 31.781 
2 24 50 -32 46.636 50 -32 35.494 
2 24 49.949 -32 31.781 49.064 -30.443 19.157 
2 24 49.064 -30.443 19.157 47.949 -28.085 12.594 
2 24 47.949 -28.085 12.594 45.841 -22.248 4.75 
2 24 45.841 -22.248 4.75 44.439 -12.112 0.829 
2 24 46.563 -28.689 46.25 40.273 -28.765 46.25 
2 24 40.273 -28.765 46.25 35.313 -28.383 46.25 
2 24 32.5 -28.407 46.25 32.5 -20.862 46.25 
2 24 35.313 -28.383 46.25 32.5 -28.407 46.25 
2 24 30 -18.497 0.04 30 -12.112 -4.573 
2 24 30 -12.112 -4.573 30 0 -4.573 
2 24 30 0 -4.573 30 0 10 
2 24 30.85 -18.888 0.574 30 -12.112 -4.573 
2 24 34.719 0 -3.127 34.719 -5.112 -3.127 
2 24 30 -12.112 -4.573 34.591 -12.112 -3.179 
2 24 34.591 -12.112 -3.179 41.348 -12.112 2.491 
2 24 33.005 -26.422 17.027 34.59 -28.082 31.499 
2 24 34.59 -28.082 31.499 35.313 -28.383 46.25 
2 24 30.002 -32 30 30 -32 50 
2 24 32.658 -32 30 30.578 -27.798 8.959 
2 24 35.128 -32 46.446 32.658 -32 30 
2 24 35.696 -32 50 35.128 -32 46.446 
2 24 20.754 -12.112 -9.755 30.832 -12.112 -8.283 
2 24 30.832 -12.112 -8.283 30.474 -21.112 -2.248 
2 24 30.474 -21.112 -2.248 30.578 -27.798 8.959 
2 24 32.5 -27.78 26.747 32.5 -28.407 46.25 
2 24 -10 -20.862 46.25 -10 -16 46.25 
2 24 -10 -20.862 26.747 -10 -20.862 46.25 
2 24 -10 -16 46.25 -10 -16 10 
2 24 -10 -27.779 26.747 -10 -20.862 26.747 
2 24 -10 -26.433 17.189 -10 -27.779 26.747 
2 24 -10 -16 10 -10 -24.436 9.944 
2 24 -10 -24.436 9.944 -10 -26.433 17.189 
2 24 -12.5 -20.862 26.747 -12.5 -20.862 46.25 
2 24 32.5 -20.862 26.747 -12.5 -20.862 26.747 
2 24 -12.5 -20.862 46.25 32.5 -20.862 46.25 
2 24 32.5 -20.862 46.25 32.5 -20.862 26.747 
2 24 -12.5 -27.78 26.747 -12.5 -28.407 46.25 
2 24 -12.5 -20.862 26.747 -12.5 -27.78 26.747 
2 24 -12.5 -28.407 46.25 -12.5 -20.862 46.25 
2 24 32.5 -27.78 26.747 -12.5 -27.78 26.747 
2 24 32.5 -20.862 26.747 32.5 -27.78 26.747 
2 24 30 -20.862 46.25 30 -20.862 26.747 
2 24 30 -16 46.25 30 -20.862 46.25 
2 24 30 -16 10 30 -16 46.25 
2 24 30 -27.779 26.747 30 -26.433 17.189 
2 24 30 -20.862 26.747 30 -27.779 26.747 
2 24 30 -26.433 17.189 30 -24.436 9.944 
2 24 30 -24.436 9.944 30 -16 10 

0 // Stud4
3 16 6.875 -16 24.587 6.875 -27.327 24.587 10 -16 23.75 
3 16 10 -16 23.75 6.875 -27.327 24.587 10 -27.328 23.75 
3 16 4.587 -27.719 26.875 6.875 -27.327 24.587 4.587 -20.862 26.875 
3 16 4.587 -20.862 26.875 6.875 -27.327 24.587 6.875 -16 24.587 
3 16 4.587 -20.862 26.875 6.875 -16 24.587 4.587 -16 26.875 
3 16 4.587 -20.862 26.875 4.587 -16 26.875 3.75 -20.862 30 
3 16 4.587 -16 26.875 3.75 -16 30 3.75 -20.862 30 
3 16 3.75 -20.862 30 3.75 -16 30 4.587 -20.862 33.125 
3 16 3.75 -16 30 4.587 -16 33.125 4.587 -20.862 33.125 
3 16 4.587 -20.862 33.125 4.587 -16 33.125 6.875 -20.862 35.413 
3 16 4.587 -16 33.125 6.875 -16 35.413 6.875 -20.862 35.413 
3 16 6.875 -20.862 35.413 6.875 -16 35.413 10 -20.862 36.25 
3 16 6.875 -16 35.413 10 -16 36.25 10 -20.862 36.25 
3 16 10 -20.862 36.25 10 -16 36.25 13.125 -20.862 35.413 
3 16 10 -16 36.25 13.125 -16 35.413 13.125 -20.862 35.413 
3 16 13.125 -20.862 35.413 13.125 -16 35.413 15.413 -20.862 33.125 
3 16 13.125 -16 35.413 15.413 -16 33.125 15.413 -20.862 33.125 
3 16 16.25 -16 30 16.25 -20.862 30 15.413 -16 33.125 
3 16 16.25 -20.862 30 15.413 -20.862 33.125 15.413 -16 33.125 
3 16 16.25 -20.862 30 16.25 -16 30 15.413 -20.862 26.875 
3 16 16.25 -16 30 15.413 -16 26.875 15.413 -20.862 26.875 
3 16 13.125 -16 24.587 13.125 -27.327 24.587 15.413 -20.862 26.875 
3 16 13.125 -27.327 24.587 15.413 -27.719 26.875 15.413 -20.862 26.875 
3 16 13.125 -16 24.587 15.413 -20.862 26.875 15.413 -16 26.875 
3 16 10 -16 23.75 10 -27.328 23.75 13.125 -16 24.587 
3 16 13.125 -16 24.587 10 -27.328 23.75 13.125 -27.327 24.587 
3 16 15.413 -16 33.125 17.145 -16 34.125 16.25 -16 30 
3 16 18.25 -16 30 16.25 -16 30 17.145 -16 34.125 
3 16 16.25 -16 30 18.25 -16 30 15.413 -16 26.875 
3 16 17.145 -16 25.875 15.413 -16 26.875 18.25 -16 30 
3 16 15.413 -16 26.875 17.145 -16 25.875 13.125 -16 24.587 
3 16 14.125 -16 22.855 13.125 -16 24.587 17.145 -16 25.875 
3 16 13.125 -16 24.587 14.125 -16 22.855 10 -16 23.75 
3 16 10 -16 21.75 10 -16 23.75 14.125 -16 22.855 
3 16 10 -16 23.75 10 -16 21.75 6.875 -16 24.587 
3 16 5.875 -16 22.855 6.875 -16 24.587 10 -16 21.75 
3 16 6.875 -16 24.587 5.875 -16 22.855 4.587 -16 26.875 
3 16 2.855 -16 25.875 4.587 -16 26.875 5.875 -16 22.855 
3 16 4.587 -16 26.875 2.855 -16 25.875 3.75 -16 30 
3 16 1.75 -16 30 3.75 -16 30 2.855 -16 25.875 
3 16 3.75 -16 30 1.75 -16 30 4.587 -16 33.125 
3 16 2.855 -16 34.125 4.587 -16 33.125 1.75 -16 30 
3 16 4.587 -16 33.125 2.855 -16 34.125 6.875 -16 35.413 
3 16 5.875 -16 37.145 6.875 -16 35.413 2.855 -16 34.125 
3 16 6.875 -16 35.413 5.875 -16 37.145 10 -16 36.25 
3 16 10 -16 38.25 10 -16 36.25 5.875 -16 37.145 
3 16 10 -16 36.25 10 -16 38.25 13.125 -16 35.413 
3 16 14.125 -16 37.145 13.125 -16 35.413 10 -16 38.25 
3 16 13.125 -16 35.413 14.125 -16 37.145 15.413 -16 33.125 
3 16 17.145 -16 34.125 15.413 -16 33.125 14.125 -16 37.145 
2 24 10 -16 23.75 6.875 -16 24.587 
2 24 6.875 -27.327 24.587 10 -27.328 23.75 
2 24 4.587 -27.719 26.875 6.875 -27.327 24.587 
2 24 4.587 -20.862 26.875 4.587 -27.719 26.875 
2 24 6.875 -16 24.587 4.587 -16 26.875 
2 24 3.75 -20.862 30 4.587 -20.862 26.875 
2 24 4.587 -16 26.875 3.75 -16 30 
2 24 4.587 -20.862 33.125 3.75 -20.862 30 
2 24 3.75 -16 30 4.587 -16 33.125 
2 24 6.875 -20.862 35.413 4.587 -20.862 33.125 
2 24 4.587 -16 33.125 6.875 -16 35.413 
2 24 10 -20.862 36.25 6.875 -20.862 35.413 
2 24 6.875 -16 35.413 10 -16 36.25 
2 24 13.125 -20.862 35.413 10 -20.862 36.25 
2 24 10 -16 36.25 13.125 -16 35.413 
2 24 15.413 -20.862 33.125 13.125 -20.862 35.413 
2 24 13.125 -16 35.413 15.413 -16 33.125 
2 24 15.413 -16 33.125 16.25 -16 30 
2 24 16.25 -20.862 30 15.413 -20.862 33.125 
2 24 15.413 -20.862 26.875 16.25 -20.862 30 
2 24 16.25 -16 30 15.413 -16 26.875 
2 24 13.125 -27.327 24.587 15.413 -27.719 26.875 
2 24 15.413 -27.719 26.875 15.413 -20.862 26.875 
2 24 15.413 -16 26.875 13.125 -16 24.587 
2 24 13.125 -16 24.587 10 -16 23.75 
2 24 10 -27.328 23.75 13.125 -27.327 24.587 
2 24 17.145 -16 34.125 18.25 -16 30 
2 24 18.25 -16 30 17.145 -16 25.875 
2 24 17.145 -16 25.875 14.125 -16 22.855 
2 24 14.125 -16 22.855 10 -16 21.75 
2 24 10 -16 21.75 5.875 -16 22.855 
2 24 5.875 -16 22.855 2.855 -16 25.875 
2 24 2.855 -16 25.875 1.75 -16 30 
2 24 1.75 -16 30 2.855 -16 34.125 
2 24 2.855 -16 34.125 5.875 -16 37.145 
2 24 5.875 -16 37.145 10 -16 38.25 
2 24 10 -16 38.25 14.125 -16 37.145 
2 24 14.125 -16 37.145 17.145 -16 34.125 

0 // Stud4
3 16 3.75 -24.381 10 3.75 -16 10 4.587 -25.206 13.125 
3 16 3.75 -16 10 4.587 -16 13.125 4.587 -25.206 13.125 
3 16 4.587 -25.206 13.125 4.587 -16 13.125 6.875 -25.757 15.413 
3 16 4.587 -16 13.125 6.875 -16 15.413 6.875 -25.757 15.413 
3 16 6.875 -25.757 15.413 6.875 -16 15.413 10 -26.007 16.25 
3 16 6.875 -16 15.413 10 -16 16.25 10 -26.007 16.25 
3 16 10 -26.007 16.25 10 -16 16.25 13.125 -25.757 15.413 
3 16 10 -16 16.25 13.125 -16 15.413 13.125 -25.757 15.413 
3 16 13.125 -25.757 15.413 13.125 -16 15.413 15.413 -25.206 13.125 
3 16 13.125 -16 15.413 15.413 -16 13.125 15.413 -25.206 13.125 
3 16 16.25 -16 10 16.25 -24.381 10 15.413 -16 13.125 
3 16 16.25 -24.381 10 15.413 -25.206 13.125 15.413 -16 13.125 
3 16 15.413 -16 13.125 17.145 -16 14.125 16.25 -16 10 
3 16 18.25 -16 10 16.25 -16 10 17.145 -16 14.125 
3 16 3.75 -16 10 1.75 -16 10 4.587 -16 13.125 
3 16 2.855 -16 14.125 4.587 -16 13.125 1.75 -16 10 
3 16 4.587 -16 13.125 2.855 -16 14.125 6.875 -16 15.413 
3 16 5.875 -16 17.145 6.875 -16 15.413 2.855 -16 14.125 
3 16 6.875 -16 15.413 5.875 -16 17.145 10 -16 16.25 
3 16 10 -16 18.25 10 -16 16.25 5.875 -16 17.145 
3 16 10 -16 16.25 10 -16 18.25 13.125 -16 15.413 
3 16 14.125 -16 17.145 13.125 -16 15.413 10 -16 18.25 
3 16 13.125 -16 15.413 14.125 -16 17.145 15.413 -16 13.125 
3 16 17.145 -16 14.125 15.413 -16 13.125 14.125 -16 17.145 
2 24 3.75 -24.381 10 3.75 -16 10 
2 24 4.587 -25.206 13.125 3.75 -24.381 10 
2 24 3.75 -16 10 4.587 -16 13.125 
2 24 6.875 -25.757 15.413 4.587 -25.206 13.125 
2 24 4.587 -16 13.125 6.875 -16 15.413 
2 24 10 -26.007 16.25 6.875 -25.757 15.413 
2 24 6.875 -16 15.413 10 -16 16.25 
2 24 13.125 -25.757 15.413 10 -26.007 16.25 
2 24 10 -16 16.25 13.125 -16 15.413 
2 24 15.413 -25.206 13.125 13.125 -25.757 15.413 
2 24 13.125 -16 15.413 15.413 -16 13.125 
2 24 16.25 -16 10 16.25 -24.381 10 
2 24 15.413 -16 13.125 16.25 -16 10 
2 24 16.25 -24.381 10 15.413 -25.206 13.125 
2 24 18.25 -16 10 16.25 -16 10 
2 24 17.145 -16 14.125 18.25 -16 10 
2 24 3.75 -16 10 1.75 -16 10 
2 24 1.75 -16 10 2.855 -16 14.125 
2 24 2.855 -16 14.125 5.875 -16 17.145 
2 24 5.875 -16 17.145 10 -16 18.25 
2 24 10 -16 18.25 14.125 -16 17.145 
2 24 14.125 -16 17.145 17.145 -16 14.125 

0 // Inside
3 16 26.25 -24.388 10 26.25 -26.37 17.425 26.25 -16 10 
3 16 26.25 -16 10 26.25 -26.37 17.425 26.25 -21.112 26.747 
3 16 26.25 -16 10 26.25 -21.112 26.747 26.25 -16 46.25 
3 16 26.25 -16 46.25 26.25 -21.112 26.747 26.25 -21.112 46.25 
3 16 26.25 -21.112 26.747 26.25 -26.37 17.425 26.25 -27.773 26.747 
3 16 26.25 -16 10 26.25 -16 46.25 30 -16 10 
3 16 30 -16 10 26.25 -16 46.25 30 -16 46.25 
3 16 -6.25 -24.388 10 -6.25 -16 10 -6.25 -26.37 17.425 
3 16 -6.25 -16 10 -6.25 -21.112 26.747 -6.25 -26.37 17.425 
3 16 -6.25 -16 10 -6.25 -16 46.25 -6.25 -21.112 26.747 
3 16 -6.25 -16 46.25 -6.25 -21.112 46.25 -6.25 -21.112 26.747 
3 16 -6.25 -21.112 26.747 -6.25 -27.773 26.747 -6.25 -26.37 17.425 
3 16 -6.25 -16 10 -10 -16 10 -6.25 -16 46.25 
3 16 -10 -16 10 -10 -16 46.25 -6.25 -16 46.25 
3 16 14.125 -27.198 22.855 10 -27.042 21.75 14.125 -16 22.855 
3 16 14.125 -16 22.855 10 -27.042 21.75 10 -16 21.75 
3 16 17.145 -27.637 25.875 14.125 -27.198 22.855 17.145 -16 25.875 
3 16 17.145 -16 25.875 14.125 -27.198 22.855 14.125 -16 22.855 
3 16 17.145 -20.862 34.125 18.25 -20.862 30 17.145 -16 34.125 
3 16 17.145 -16 34.125 18.25 -20.862 30 18.25 -16 30 
3 16 14.125 -20.862 37.145 17.145 -20.862 34.125 14.125 -16 37.145 
3 16 14.125 -16 37.145 17.145 -20.862 34.125 17.145 -16 34.125 
3 16 10 -20.862 38.25 14.125 -20.862 37.145 10 -16 38.25 
3 16 10 -16 38.25 14.125 -20.862 37.145 14.125 -16 37.145 
3 16 17.383 -27.882 26.764 17.145 -27.637 25.875 17.383 -20.862 26.764 
3 16 17.145 -27.637 25.875 17.145 -16 25.875 17.383 -20.862 26.764 
3 16 17.145 -16 25.875 18.25 -16 30 17.383 -20.862 26.764 
3 16 18.25 -16 30 18.25 -20.862 30 17.383 -20.862 26.764 
3 16 10 -16 21.75 10 -27.042 21.75 5.875 -16 22.855 
3 16 5.875 -16 22.855 10 -27.042 21.75 5.875 -27.198 22.855 
3 16 5.875 -16 22.855 5.875 -27.198 22.855 2.855 -16 25.875 
3 16 2.855 -16 25.875 5.875 -27.198 22.855 2.855 -27.637 25.875 
3 16 2.855 -20.862 34.125 2.855 -16 34.125 1.75 -20.862 30 
3 16 2.855 -16 34.125 1.75 -16 30 1.75 -20.862 30 
3 16 5.875 -20.862 37.145 5.875 -16 37.145 2.855 -20.862 34.125 
3 16 5.875 -16 37.145 2.855 -16 34.125 2.855 -20.862 34.125 
3 16 10 -20.862 38.25 10 -16 38.25 5.875 -20.862 37.145 
3 16 10 -16 38.25 5.875 -16 37.145 5.875 -20.862 37.145 
3 16 2.617 -27.882 26.764 2.617 -20.862 26.764 2.855 -27.637 25.875 
3 16 2.855 -27.637 25.875 2.617 -20.862 26.764 2.855 -16 25.875 
3 16 2.855 -16 25.875 2.617 -20.862 26.764 1.75 -16 30 
3 16 2.617 -20.862 26.764 1.75 -20.862 30 1.75 -16 30 
3 16 18.25 -24.338 10 18.25 -16 10 17.145 -25.463 14.125 
3 16 18.25 -16 10 17.145 -16 14.125 17.145 -25.463 14.125 
3 16 2.855 -25.463 14.125 2.855 -16 14.125 1.75 -24.338 10 
3 16 2.855 -16 14.125 1.75 -16 10 1.75 -24.338 10 
3 16 5.875 -26.254 17.145 5.875 -16 17.145 2.855 -25.463 14.125 
3 16 5.875 -16 17.145 2.855 -16 14.125 2.855 -25.463 14.125 
3 16 10 -26.545 18.25 10 -16 18.25 5.875 -26.254 17.145 
3 16 10 -16 18.25 5.875 -16 17.145 5.875 -26.254 17.145 
3 16 14.125 -26.254 17.145 14.125 -16 17.145 10 -26.545 18.25 
3 16 14.125 -16 17.145 10 -16 18.25 10 -26.545 18.25 
3 16 17.145 -25.463 14.125 17.145 -16 14.125 14.125 -26.254 17.145 
3 16 17.145 -16 14.125 14.125 -16 17.145 14.125 -26.254 17.145 
2 24 26.25 -24.388 10 26.25 -26.37 17.425 
2 24 26.25 -16 10 26.25 -24.388 10 
2 24 26.25 -16 46.25 26.25 -16 10 
2 24 26.25 -21.112 26.747 26.25 -21.112 46.25 
2 24 26.25 -21.112 46.25 26.25 -16 46.25 
2 24 26.25 -26.37 17.425 26.25 -27.773 26.747 
2 24 26.25 -27.773 26.747 26.25 -21.112 26.747 
2 24 30 -16 10 26.25 -16 10 
2 24 26.25 -16 46.25 30 -16 46.25 
2 24 30 -16 46.25 30 -16 10 
2 24 -6.25 -24.388 10 -6.25 -16 10 
2 24 -6.25 -26.37 17.425 -6.25 -24.388 10 
2 24 -6.25 -16 10 -6.25 -16 46.25 
2 24 -6.25 -16 46.25 -6.25 -21.112 46.25 
2 24 -6.25 -21.112 46.25 -6.25 -21.112 26.747 
2 24 -6.25 -21.112 26.747 -6.25 -27.773 26.747 
2 24 -6.25 -27.773 26.747 -6.25 -26.37 17.425 
2 24 -6.25 -16 10 -10 -16 10 
2 24 -10 -16 10 -10 -16 46.25 
2 24 -10 -16 46.25 -6.25 -16 46.25 
2 24 14.125 -27.198 22.855 10 -27.042 21.75 
2 24 10 -16 21.75 14.125 -16 22.855 
2 24 17.145 -27.637 25.875 14.125 -27.198 22.855 
2 24 14.125 -16 22.855 17.145 -16 25.875 
2 24 17.145 -20.862 34.125 18.25 -20.862 30 
2 24 18.25 -16 30 17.145 -16 34.125 
2 24 14.125 -20.862 37.145 17.145 -20.862 34.125 
2 24 17.145 -16 34.125 14.125 -16 37.145 
2 24 10 -20.862 38.25 14.125 -20.862 37.145 
2 24 14.125 -16 37.145 10 -16 38.25 
2 24 17.383 -27.882 26.764 17.145 -27.637 25.875 
2 24 17.383 -20.862 26.764 17.383 -27.882 26.764 
2 24 17.145 -16 25.875 18.25 -16 30 
2 24 18.25 -20.862 30 17.383 -20.862 26.764 
2 24 5.875 -16 22.855 10 -16 21.75 
2 24 10 -27.042 21.75 5.875 -27.198 22.855 
2 24 2.855 -16 25.875 5.875 -16 22.855 
2 24 5.875 -27.198 22.855 2.855 -27.637 25.875 
2 24 1.75 -20.862 30 2.855 -20.862 34.125 
2 24 2.855 -16 34.125 1.75 -16 30 
2 24 2.855 -20.862 34.125 5.875 -20.862 37.145 
2 24 5.875 -16 37.145 2.855 -16 34.125 
2 24 5.875 -20.862 37.145 10 -20.862 38.25 
2 24 10 -16 38.25 5.875 -16 37.145 
2 24 2.617 -27.882 26.764 2.617 -20.862 26.764 
2 24 2.855 -27.637 25.875 2.617 -27.882 26.764 
2 24 1.75 -16 30 2.855 -16 25.875 
2 24 2.617 -20.862 26.764 1.75 -20.862 30 
2 24 18.25 -24.338 10 18.25 -16 10 
2 24 17.145 -25.463 14.125 18.25 -24.338 10 
2 24 18.25 -16 10 17.145 -16 14.125 
2 24 1.75 -24.338 10 2.855 -25.463 14.125 
2 24 2.855 -16 14.125 1.75 -16 10 
2 24 1.75 -16 10 1.75 -24.338 10 
2 24 2.855 -25.463 14.125 5.875 -26.254 17.145 
2 24 5.875 -16 17.145 2.855 -16 14.125 
2 24 5.875 -26.254 17.145 10 -26.545 18.25 
2 24 10 -16 18.25 5.875 -16 17.145 
2 24 10 -26.545 18.25 14.125 -26.254 17.145 
2 24 14.125 -16 17.145 10 -16 18.25 
2 24 14.125 -26.254 17.145 17.145 -25.463 14.125 
2 24 17.145 -16 14.125 14.125 -16 17.145 

0 // Inside
3 16 -9.999 0 10 -6.194 0 6.25 -9.999 0 -4.573 
3 16 -6.194 0 6.25 -6.194 -0.003 -5.339 -9.999 0 -4.573 
3 16 -6.194 -0.003 -5.339 0.753 0 -6.09 -0.753 0 -9.755 
3 16 19.248 0 -6.09 20.754 0 -9.755 0.753 0 -6.09 
3 16 0.753 0 -6.09 20.754 0 -9.755 -0.753 0 -9.755 
3 16 -6.235 -12.112 -5.339 -6.26 -19.033 0.303 0.753 -12.112 -6.09 
3 16 -6.26 -19.033 0.303 -6.273 -22.695 6.25 26.26 -19.033 0.303 
3 16 -6.273 -22.695 6.25 26.273 -22.695 6.25 26.26 -19.033 0.303 
3 16 0.753 -12.112 -6.09 -6.26 -19.033 0.303 19.248 -12.112 -6.09 
3 16 19.248 -12.112 -6.09 -6.26 -19.033 0.303 26.26 -19.033 0.303 
3 16 -6.273 -22.695 6.25 -6.194 0 6.25 26.273 -22.695 6.25 
3 16 26.273 -22.695 6.25 -6.194 0 6.25 26.194 0 6.25 
3 16 -6.26 -19.033 0.303 -6.194 0 6.25 -6.273 -22.695 6.25 
3 16 -6.26 -19.033 0.303 -6.235 -12.112 -5.339 -6.194 0 6.25 
3 16 -6.235 -12.112 -5.339 -6.194 -0.003 -5.339 -6.194 0 6.25 
3 16 -6.235 -12.112 -5.339 0.753 -12.112 -6.09 -6.194 -0.003 -5.339 
3 16 0.753 -12.112 -6.09 0.753 0 -6.09 -6.194 -0.003 -5.339 
3 16 0.753 0 -6.09 0.753 -12.112 -6.09 19.248 0 -6.09 
3 16 19.248 0 -6.09 0.753 -12.112 -6.09 19.248 -12.112 -6.09 
3 16 -6.194 0 6.25 -9.999 0 10 26.194 0 6.25 
3 16 26.194 0 6.25 -9.999 0 10 30 0 10 
3 16 30 0 10 30 0 -4.573 26.194 0 6.25 
3 16 26.194 0 6.25 30 0 -4.573 26.194 -0.003 -5.339 
3 16 26.194 -0.003 -5.339 20.754 0 -9.755 19.248 0 -6.09 
3 16 26.236 -12.112 -5.339 19.248 -12.112 -6.09 26.26 -19.033 0.303 
3 16 26.26 -19.033 0.303 26.273 -22.695 6.25 26.194 0 6.25 
3 16 26.26 -19.033 0.303 26.194 0 6.25 26.236 -12.112 -5.339 
3 16 26.236 -12.112 -5.339 26.194 0 6.25 26.194 -0.003 -5.339 
3 16 26.236 -12.112 -5.339 26.194 -0.003 -5.339 19.248 -12.112 -6.09 
3 16 19.248 -12.112 -6.09 26.194 -0.003 -5.339 19.248 0 -6.09 
3 16 11.5 0 3.59 10 0 4 11.5 0 6.25 
3 16 11.5 0 6.25 10 0 4 8.5 0 6.25 
3 16 8.5 0 6.25 10 0 4 8.5 0 3.59 
3 16 11.5 -22.692 6.25 11.5 -21.516 3.59 11.5 0 6.25 
3 16 11.5 0 6.25 11.5 -21.516 3.59 11.5 0 3.59 
3 16 8.5 -22.692 6.25 8.5 0 6.25 8.5 -21.516 3.59 
3 16 8.5 -21.516 3.59 8.5 0 6.25 8.5 0 3.59 
3 16 12 -20.975 3.464 13.464 -20.024 2 12 0 3.464 
3 16 12 0 3.464 13.464 -20.024 2 13.464 0 2 
3 16 10 -21.361 4 12 -20.975 3.464 10 0 4 
3 16 10 0 4 12 -20.975 3.464 12 0 3.464 
3 16 8 -20.975 3.464 10 -21.361 4 8 0 3.464 
3 16 8 0 3.464 10 -21.361 4 10 0 4 
3 16 6.536 -20.024 2 8 -20.975 3.464 6.536 0 2 
3 16 6.536 0 2 8 -20.975 3.464 8 0 3.464 
3 16 6 -18.646 0 6.536 -20.024 2 6 0 0 
3 16 6 0 0 6.536 -20.024 2 6.536 0 2 
3 16 6.536 -16.523 -2 6 -18.646 0 6.536 0 -2 
3 16 6.536 0 -2 6 -18.646 0 6 0 0 
3 16 8 -14.963 -3.464 6.536 -16.523 -2 8 0 -3.464 
3 16 8 0 -3.464 6.536 -16.523 -2 6.536 0 -2 
3 16 10 -14.689 -4 8 -14.963 -3.464 10 0 -4 
3 16 10 0 -4 8 -14.963 -3.464 8 0 -3.464 
3 16 12 -14.963 -3.464 10 -14.689 -4 12 0 -3.464 
3 16 12 0 -3.464 10 -14.689 -4 10 0 -4 
3 16 13.464 -16.523 -2 12 -14.963 -3.464 13.464 0 -2 
3 16 13.464 0 -2 12 -14.963 -3.464 12 0 -3.464 
3 16 14 -18.646 0 13.464 -16.523 -2 14 0 0 
3 16 14 0 0 13.464 -16.523 -2 13.464 0 -2 
3 16 13.464 -20.024 2 14 -18.646 0 13.464 0 2 
3 16 13.464 0 2 14 -18.646 0 14 0 0 
3 16 12 0 3.464 13.464 0 2 10 0 0 
3 16 8 0 3.464 10 0 4 10 0 0 
3 16 10 0 0 10 0 4 12 0 3.464 
3 16 6 0 0 6.536 0 2 10 0 0 
3 16 10 0 0 6.536 0 2 8 0 3.464 
3 16 8 0 -3.464 6.536 0 -2 10 0 0 
3 16 10 0 0 6.536 0 -2 6 0 0 
3 16 12 0 -3.464 10 0 -4 10 0 0 
3 16 10 0 0 10 0 -4 8 0 -3.464 
3 16 14 0 0 13.464 0 -2 10 0 0 
3 16 10 0 0 13.464 0 -2 12 0 -3.464 
3 16 13.464 0 2 14 0 0 10 0 0 
3 16 11.5 0 -3.585 11.5 0 -6.09 10 0 -4 
3 16 11.5 0 -6.09 8.5 0 -6.09 10 0 -4 
3 16 10 0 -4 8.5 0 -6.09 8.5 0 -3.585 
3 16 11.5 -14.723 -3.585 11.5 -11.938 -6.09 11.5 0 -3.585 
3 16 11.5 0 -3.585 11.5 -11.938 -6.09 11.5 0 -6.09 
3 16 8.5 0 -6.09 8.5 -11.938 -6.09 8.5 0 -3.585 
3 16 8.5 0 -3.585 8.5 -11.938 -6.09 8.5 -14.723 -3.585 
2 24 -9.999 0 -4.573 -9.999 0 10 
2 24 -6.194 0 6.25 -6.194 -0.003 -5.339 
2 24 -6.194 -0.003 -5.339 -9.999 0 -4.573 
2 24 -6.194 -0.003 -5.339 0.753 0 -6.09 
2 24 -0.753 0 -9.755 -6.194 -0.003 -5.339 
2 24 0.753 0 -6.09 19.248 0 -6.09 
2 24 20.754 0 -9.755 -0.753 0 -9.755 
2 24 -6.235 -12.112 -5.339 -6.26 -19.033 0.303 
2 24 0.753 -12.112 -6.09 -6.235 -12.112 -5.339 
2 24 -6.26 -19.033 0.303 -6.273 -22.695 6.25 
2 24 -6.273 -22.695 6.25 26.273 -22.695 6.25 
2 24 26.273 -22.695 6.25 26.26 -19.033 0.303 
2 24 19.248 -12.112 -6.09 0.753 -12.112 -6.09 
2 24 -6.273 -22.695 6.25 -6.194 0 6.25 
2 24 -6.194 0 6.25 26.194 0 6.25 
2 24 26.194 0 6.25 26.273 -22.695 6.25 
2 24 -6.235 -12.112 -5.339 -6.194 -0.003 -5.339 
2 24 -9.999 0 10 30 0 10 
2 24 30 0 10 30 0 -4.573 
2 24 30 0 -4.573 26.194 -0.003 -5.339 
2 24 26.194 -0.003 -5.339 26.194 0 6.25 
2 24 26.194 -0.003 -5.339 20.754 0 -9.755 
2 24 19.248 0 -6.09 26.194 -0.003 -5.339 
2 24 26.236 -12.112 -5.339 19.248 -12.112 -6.09 
2 24 26.26 -19.033 0.303 26.236 -12.112 -5.339 
2 24 26.194 -0.003 -5.339 26.236 -12.112 -5.339 
2 24 11.5 0 3.59 10 0 4 
2 24 11.5 0 6.25 11.5 0 3.59 
2 24 8.5 0 6.25 11.5 0 6.25 
2 24 10 0 4 8.5 0 3.59 
2 24 8.5 0 3.59 8.5 0 6.25 
2 24 11.5 -22.692 6.25 11.5 -21.516 3.59 
2 24 11.5 0 6.25 11.5 -22.692 6.25 
2 24 11.5 -21.516 3.59 11.5 0 3.59 
2 24 8.5 -22.692 6.25 8.5 0 6.25 
2 24 8.5 -21.516 3.59 8.5 -22.692 6.25 
2 24 8.5 0 3.59 8.5 -21.516 3.59 
2 24 12 -20.975 3.464 13.464 -20.024 2 
2 24 13.464 0 2 12 0 3.464 
2 24 10 -21.361 4 12 -20.975 3.464 
2 24 12 0 3.464 10 0 4 
2 24 8 -20.975 3.464 10 -21.361 4 
2 24 10 0 4 8 0 3.464 
2 24 6.536 -20.024 2 8 -20.975 3.464 
2 24 8 0 3.464 6.536 0 2 
2 24 6 -18.646 0 6.536 -20.024 2 
2 24 6.536 0 2 6 0 0 
2 24 6.536 -16.523 -2 6 -18.646 0 
2 24 6 0 0 6.536 0 -2 
2 24 8 -14.963 -3.464 6.536 -16.523 -2 
2 24 6.536 0 -2 8 0 -3.464 
2 24 10 -14.689 -4 8 -14.963 -3.464 
2 24 8 0 -3.464 10 0 -4 
2 24 12 -14.963 -3.464 10 -14.689 -4 
2 24 10 0 -4 12 0 -3.464 
2 24 13.464 -16.523 -2 12 -14.963 -3.464 
2 24 12 0 -3.464 13.464 0 -2 
2 24 14 -18.646 0 13.464 -16.523 -2 
2 24 13.464 0 -2 14 0 0 
2 24 13.464 -20.024 2 14 -18.646 0 
2 24 14 0 0 13.464 0 2 
2 24 11.5 0 -3.585 11.5 0 -6.09 
2 24 10 0 -4 11.5 0 -3.585 
2 24 11.5 0 -6.09 8.5 0 -6.09 
2 24 8.5 0 -6.09 8.5 0 -3.585 
2 24 8.5 0 -3.585 10 0 -4 
2 24 11.5 -14.723 -3.585 11.5 -11.938 -6.09 
2 24 11.5 0 -3.585 11.5 -14.723 -3.585 
2 24 11.5 -11.938 -6.09 11.5 0 -6.09 
2 24 8.5 0 -6.09 8.5 -11.938 -6.09 
2 24 8.5 -11.938 -6.09 8.5 -14.723 -3.585 
2 24 8.5 -14.723 -3.585 8.5 0 -3.585 

0 // Stud
3 16 25.248 -28.464 43.063 25.248 -24.014 43.063 23.007 -28.464 45.304 
3 16 25.248 -24.014 43.063 23.007 -24.014 45.304 23.007 -28.464 45.304 
3 16 23.007 -28.464 45.304 23.007 -24.014 45.304 19.944 -28.464 46.125 
3 16 23.007 -24.014 45.304 19.944 -24.014 46.125 19.944 -28.464 46.125 
3 16 19.944 -28.464 46.125 19.944 -24.014 46.125 16.882 -28.464 45.304 
3 16 19.944 -24.014 46.125 16.882 -24.014 45.304 16.882 -28.464 45.304 
3 16 16.882 -28.464 45.304 16.882 -24.014 45.304 14.64 -28.464 43.063 
3 16 16.882 -24.014 45.304 14.64 -24.014 43.063 14.64 -28.464 43.063 
3 16 14.64 -28.464 43.063 14.64 -24.014 43.063 13.819 -28.464 40 
3 16 14.64 -24.014 43.063 13.819 -24.014 40 13.819 -28.464 40 
3 16 13.819 -28.464 40 13.819 -24.014 40 14.64 -28.464 36.938 
3 16 13.819 -24.014 40 14.64 -24.014 36.938 14.64 -28.464 36.938 
3 16 14.64 -28.464 36.938 14.64 -24.014 36.938 16.882 -28.464 34.696 
3 16 14.64 -24.014 36.938 16.882 -24.014 34.696 16.882 -28.464 34.696 
3 16 16.882 -28.464 34.696 16.882 -24.014 34.696 19.944 -28.464 33.875 
3 16 16.882 -24.014 34.696 19.944 -24.014 33.875 19.944 -28.464 33.875 
3 16 19.944 -28.464 33.875 19.944 -24.014 33.875 23.007 -28.464 34.696 
3 16 19.944 -24.014 33.875 23.007 -24.014 34.696 23.007 -28.464 34.696 
3 16 23.007 -28.464 34.696 23.007 -24.014 34.696 25.248 -28.464 36.938 
3 16 23.007 -24.014 34.696 25.248 -24.014 36.938 25.248 -28.464 36.938 
3 16 25.248 -28.464 36.938 25.248 -24.014 36.938 26.069 -28.464 40 
3 16 25.248 -24.014 36.938 26.069 -24.014 40 26.069 -28.464 40 
3 16 26.069 -28.464 40 26.069 -24.014 40 25.248 -28.464 43.063 
3 16 26.069 -24.014 40 25.248 -24.014 43.063 25.248 -28.464 43.063 
3 16 25.248 -28.464 43.063 23.007 -28.464 45.304 19.944 -28.464 40 
3 16 23.007 -28.464 45.304 19.944 -28.464 46.125 19.944 -28.464 40 
3 16 19.944 -28.464 46.125 16.882 -28.464 45.304 19.944 -28.464 40 
3 16 16.882 -28.464 45.304 14.64 -28.464 43.063 19.944 -28.464 40 
3 16 14.64 -28.464 43.063 13.819 -28.464 40 19.944 -28.464 40 
3 16 13.819 -28.464 40 14.64 -28.464 36.938 19.944 -28.464 40 
3 16 14.64 -28.464 36.938 16.882 -28.464 34.696 19.944 -28.464 40 
3 16 16.882 -28.464 34.696 19.944 -28.464 33.875 19.944 -28.464 40 
3 16 19.944 -28.464 33.875 23.007 -28.464 34.696 19.944 -28.464 40 
3 16 23.007 -28.464 34.696 25.248 -28.464 36.938 19.944 -28.464 40 
3 16 25.248 -28.464 36.938 26.069 -28.464 40 19.944 -28.464 40 
3 16 26.069 -28.464 40 25.248 -28.464 43.063 19.944 -28.464 40 
2 24 23.007 -28.464 45.304 25.248 -28.464 43.063 
2 24 25.248 -24.014 43.063 23.007 -24.014 45.304 
2 24 19.944 -28.464 46.125 23.007 -28.464 45.304 
2 24 23.007 -24.014 45.304 19.944 -24.014 46.125 
2 24 16.882 -28.464 45.304 19.944 -28.464 46.125 
2 24 19.944 -24.014 46.125 16.882 -24.014 45.304 
2 24 14.64 -28.464 43.063 16.882 -28.464 45.304 
2 24 16.882 -24.014 45.304 14.64 -24.014 43.063 
2 24 13.819 -28.464 40 14.64 -28.464 43.063 
2 24 14.64 -24.014 43.063 13.819 -24.014 40 
2 24 14.64 -28.464 36.938 13.819 -28.464 40 
2 24 13.819 -24.014 40 14.64 -24.014 36.938 
2 24 16.882 -28.464 34.696 14.64 -28.464 36.938 
2 24 14.64 -24.014 36.938 16.882 -24.014 34.696 
2 24 19.944 -28.464 33.875 16.882 -28.464 34.696 
2 24 16.882 -24.014 34.696 19.944 -24.014 33.875 
2 24 23.007 -28.464 34.696 19.944 -28.464 33.875 
2 24 19.944 -24.014 33.875 23.007 -24.014 34.696 
2 24 25.248 -28.464 36.938 23.007 -28.464 34.696 
2 24 23.007 -24.014 34.696 25.248 -24.014 36.938 
2 24 26.069 -28.464 40 25.248 -28.464 36.938 
2 24 25.248 -24.014 36.938 26.069 -24.014 40 
2 24 25.248 -28.464 43.063 26.069 -28.464 40 
2 24 26.069 -24.014 40 25.248 -24.014 43.063 

0 // Stud
3 16 5.304 -28.464 43.063 5.304 -24.014 43.063 3.062 -28.464 45.304 
3 16 5.304 -24.014 43.063 3.062 -24.014 45.304 3.062 -28.464 45.304 
3 16 3.062 -28.464 45.304 3.062 -24.014 45.304 0 -28.464 46.125 
3 16 3.062 -24.014 45.304 0 -24.014 46.125 0 -28.464 46.125 
3 16 0 -28.464 46.125 0 -24.014 46.125 -3.063 -28.464 45.304 
3 16 0 -24.014 46.125 -3.063 -24.014 45.304 -3.063 -28.464 45.304 
3 16 -3.063 -28.464 45.304 -3.063 -24.014 45.304 -5.304 -28.464 43.063 
3 16 -3.063 -24.014 45.304 -5.304 -24.014 43.063 -5.304 -28.464 43.063 
3 16 -5.304 -28.464 43.063 -5.304 -24.014 43.063 -6.125 -28.464 40 
3 16 -5.304 -24.014 43.063 -6.125 -24.014 40 -6.125 -28.464 40 
3 16 -6.125 -28.464 40 -6.125 -24.014 40 -5.304 -28.464 36.938 
3 16 -6.125 -24.014 40 -5.304 -24.014 36.938 -5.304 -28.464 36.938 
3 16 -5.304 -28.464 36.938 -5.304 -24.014 36.938 -3.063 -28.464 34.696 
3 16 -5.304 -24.014 36.938 -3.063 -24.014 34.696 -3.063 -28.464 34.696 
3 16 -3.063 -28.464 34.696 -3.063 -24.014 34.696 0 -28.464 33.875 
3 16 -3.063 -24.014 34.696 0 -24.014 33.875 0 -28.464 33.875 
3 16 0 -28.464 33.875 0 -24.014 33.875 3.062 -28.464 34.696 
3 16 0 -24.014 33.875 3.062 -24.014 34.696 3.062 -28.464 34.696 
3 16 3.062 -28.464 34.696 3.062 -24.014 34.696 5.304 -28.464 36.938 
3 16 3.062 -24.014 34.696 5.304 -24.014 36.938 5.304 -28.464 36.938 
3 16 5.304 -28.464 36.938 5.304 -24.014 36.938 6.125 -28.464 40 
3 16 5.304 -24.014 36.938 6.125 -24.014 40 6.125 -28.464 40 
3 16 6.125 -28.464 40 6.125 -24.014 40 5.304 -28.464 43.063 
3 16 6.125 -24.014 40 5.304 -24.014 43.063 5.304 -28.464 43.063 
3 16 5.304 -28.464 43.063 3.062 -28.464 45.304 0 -28.464 40 
3 16 3.062 -28.464 45.304 0 -28.464 46.125 0 -28.464 40 
3 16 0 -28.464 46.125 -3.063 -28.464 45.304 0 -28.464 40 
3 16 -3.063 -28.464 45.304 -5.304 -28.464 43.063 0 -28.464 40 
3 16 -5.304 -28.464 43.063 -6.125 -28.464 40 0 -28.464 40 
3 16 -6.125 -28.464 40 -5.304 -28.464 36.938 0 -28.464 40 
3 16 -5.304 -28.464 36.938 -3.063 -28.464 34.696 0 -28.464 40 
3 16 -3.063 -28.464 34.696 0 -28.464 33.875 0 -28.464 40 
3 16 0 -28.464 33.875 3.062 -28.464 34.696 0 -28.464 40 
3 16 3.062 -28.464 34.696 5.304 -28.464 36.938 0 -28.464 40 
3 16 5.304 -28.464 36.938 6.125 -28.464 40 0 -28.464 40 
3 16 6.125 -28.464 40 5.304 -28.464 43.063 0 -28.464 40 
2 24 3.062 -28.464 45.304 5.304 -28.464 43.063 
2 24 5.304 -24.014 43.063 3.062 -24.014 45.304 
2 24 0 -28.464 46.125 3.062 -28.464 45.304 
2 24 3.062 -24.014 45.304 0 -24.014 46.125 
2 24 -3.063 -28.464 45.304 0 -28.464 46.125 
2 24 0 -24.014 46.125 -3.063 -24.014 45.304 
2 24 -5.304 -28.464 43.063 -3.063 -28.464 45.304 
2 24 -3.063 -24.014 45.304 -5.304 -24.014 43.063 
2 24 -6.125 -28.464 40 -5.304 -28.464 43.063 
2 24 -5.304 -24.014 43.063 -6.125 -24.014 40 
2 24 -5.304 -28.464 36.938 -6.125 -28.464 40 
2 24 -6.125 -24.014 40 -5.304 -24.014 36.938 
2 24 -3.063 -28.464 34.696 -5.304 -28.464 36.938 
2 24 -5.304 -24.014 36.938 -3.063 -24.014 34.696 
2 24 0 -28.464 33.875 -3.063 -28.464 34.696 
2 24 -3.063 -24.014 34.696 0 -24.014 33.875 
2 24 3.062 -28.464 34.696 0 -28.464 33.875 
2 24 0 -24.014 33.875 3.062 -24.014 34.696 
2 24 5.304 -28.464 36.938 3.062 -28.464 34.696 
2 24 3.062 -24.014 34.696 5.304 -24.014 36.938 
2 24 6.125 -28.464 40 5.304 -28.464 36.938 
2 24 5.304 -24.014 36.938 6.125 -24.014 40 
2 24 5.304 -28.464 43.063 6.125 -28.464 40 
2 24 6.125 -24.014 40 5.304 -24.014 43.063 

