0 BLADE 3M W/3.2 SHAFT (Needs Work)
0 Name: 19179.dat
0 Author: <AuthorRealName> [<AuthorLDrawName>]
0 !LDRAW_ORG Unofficial_Part
0 !LICENSE Redistributable under CCAL version 2.0 : see CAreadme.txt

0 BFC CERTIFY CCW

0 !HISTORY 2016-03-18 {LEGO Digital Designer} Original part shape
0 !HISTORY 2016-03-18 [<AuthorLDrawName>] File preparation for LDraw Parts Tracker

0 // Needs Work: Clean necessary

0 // Outside
3 16 4.517 -16.642 1.5 2.608 -14.733 1.5 0 -19.25 1.5 
3 16 2.608 -14.733 1.5 0 -14.034 1.5 0 -19.25 1.5 
3 16 0 -14.034 1.5 -2.608 -14.733 1.5 0 -19.25 1.5 
3 16 -2.608 -14.733 1.5 -4.517 -16.642 1.5 0 -19.25 1.5 
3 16 -4.517 -16.642 1.5 -5.216 -19.25 1.5 0 -19.25 1.5 
3 16 -5.216 -19.25 1.5 -4.517 -21.858 1.5 0 -19.25 1.5 
3 16 -4.517 -21.858 1.5 -2.608 -23.767 1.5 0 -19.25 1.5 
3 16 -2.608 -23.767 1.5 0 -24.466 1.5 0 -19.25 1.5 
3 16 0 -24.466 1.5 2.608 -23.767 1.5 0 -19.25 1.5 
3 16 2.608 -23.767 1.5 4.517 -21.858 1.5 0 -19.25 1.5 
3 16 4.517 -21.858 1.5 5.216 -19.25 1.5 0 -19.25 1.5 
3 16 5.216 -19.25 1.5 4.517 -16.642 1.5 0 -19.25 1.5 
3 16 2.5 -23.58 -1.5 0.014 -19.25 -1.5 4.33 -21.75 -1.5 
3 16 -2.5 -14.92 -1.5 0 -14.25 -1.5 0.014 -19.25 -1.5 
3 16 0.014 -19.25 -1.5 0 -14.25 -1.5 2.5 -14.92 -1.5 
3 16 0.014 -19.25 -1.5 2.5 -14.92 -1.5 4.33 -16.75 -1.5 
3 16 0.014 -19.25 -1.5 4.33 -16.75 -1.5 5 -19.25 -1.5 
3 16 0.014 -19.25 -1.5 5 -19.25 -1.5 4.33 -21.75 -1.5 
3 16 0 -24.25 -1.5 0.014 -19.25 -1.5 2.5 -23.58 -1.5 
3 16 -2.5 -23.58 -1.5 0.014 -19.25 -1.5 0 -24.25 -1.5 
3 16 -4.33 -21.75 -1.5 0.014 -19.25 -1.5 -2.5 -23.58 -1.5 
3 16 -4.97 -19.186 -1.5 0.014 -19.25 -1.5 -4.33 -21.75 -1.5 
3 16 -4.33 -16.75 -1.5 0.014 -19.25 -1.5 -4.97 -19.186 -1.5 
3 16 -2.5 -14.92 -1.5 0.014 -19.25 -1.5 -4.33 -16.75 -1.5 
3 16 15.1 -14.25 2.969 16.23 -18.5 2.6 30.943 -14.25 2.5 
3 16 16.23 -18.5 2.6 30 -18.5 2.5 30.943 -14.25 2.5 
3 16 -5.826 -13.352 3 0 -14.034 3 -6.48 -11.095 3.47 
3 16 0 -14.034 3 -5.467 -10 3.803 -6.48 -11.095 3.47 
3 16 -5.467 -10 3.803 0 -14.034 3 0 -10 3.991 
3 16 0 -10 3.991 0 -14.034 3 5.467 -10 3.802 
3 16 0 -14.034 3 1.441 -14.237 3 5.467 -10 3.802 
3 16 1.441 -14.237 3 6.479 -11.095 3.47 5.467 -10 3.802 
3 16 6.479 -11.095 3.47 1.441 -14.237 3 5.94 -13.314 3 
3 16 -9.775 -11.5 3 -5.826 -13.352 3 -6.48 -11.095 3.47 
3 16 5.94 -13.314 3 9.775 -11.5 3 6.479 -11.095 3.47 
3 16 33.201 -13.023 2.5 39.392 -13.52 2.5 33.736 -11.5 2.5 
3 16 39.392 -13.52 2.5 39.392 -11.5 2.5 33.736 -11.5 2.5 
3 16 36.146 -17.604 2.5 39.392 -13.52 2.5 33.201 -13.023 2.5 
3 16 31.701 -14.143 2.5 32.735 -18.5 2.5 33.201 -13.023 2.5 
3 16 32.735 -18.5 2.5 36.146 -17.604 2.5 33.201 -13.023 2.5 
3 16 30.943 -14.25 2.5 30 -18.5 2.5 31.701 -14.143 2.5 
3 16 30 -18.5 2.5 32.735 -18.5 2.5 31.701 -14.143 2.5 
3 16 1.441 -14.237 3 2.608 -14.733 3 5.94 -13.314 3 
3 16 4.517 -16.642 3 5.94 -13.314 3 2.608 -14.733 3 
3 16 5.185 -18.679 3 8.382 -17.729 3 4.517 -16.642 3 
3 16 4.517 -16.642 3 8.382 -17.729 3 5.94 -13.314 3 
3 16 5.94 -13.314 3 8.382 -17.729 3 9.775 -11.5 3 
3 16 8.382 -17.729 3 11.601 -16.226 3 9.775 -11.5 3 
3 16 9.775 -11.5 3 11.601 -16.226 3 11.546 -11.5 3 
3 16 11.546 -11.5 3 11.601 -16.226 3 12.193 -13.038 3 
3 16 12.193 -13.038 3 11.601 -16.226 3 13.181 -13.928 3 
3 16 11.601 -16.226 3 14.553 -14.25 3 13.181 -13.928 3 
3 16 0 -14.034 3 -5.826 -13.352 3 -2.608 -14.733 3 
3 16 -5.826 -13.352 3 -4.517 -16.642 3 -2.608 -14.733 3 
3 16 -17.75 -10.773 3 -14.941 -13.634 3 -9.775 -11.5 3 
3 16 -4.517 -16.642 3 -5.826 -13.352 3 -14.941 -13.634 3 
3 16 -9.775 -11.5 3 -14.941 -13.634 3 -5.826 -13.352 3 
3 16 -14.941 -13.634 3 -11.901 -15.837 3 -4.517 -16.642 3 
3 16 -11.901 -15.837 3 -5.189 -18.717 2.991 -4.517 -16.642 3 
3 16 -9.775 -11.5 3 -11.385 -10.375 3 -17.75 -10.773 3 
3 16 -11.385 -10.375 3 -17.75 -10.375 3 -17.75 -10.773 3 
3 16 14.176 -29.82 1.93 14.031 -26.745 2.153 7.068 -20.862 2.812 
3 16 14.031 -26.745 2.153 8.704 -19.139 2.893 7.068 -20.862 2.812 
3 16 8.382 -17.729 3 5.185 -18.679 3 8.704 -19.139 2.893 
3 16 5.185 -18.679 3 5.216 -19.25 2.952 8.704 -19.139 2.893 
3 16 7.068 -20.862 2.812 8.704 -19.139 2.893 5.216 -19.25 2.952 
3 16 5.216 -19.25 2.952 4.517 -21.858 2.781 7.068 -20.862 2.812 
3 16 4.517 -21.858 2.781 5.904 -23.407 2.657 7.068 -20.862 2.812 
3 16 2.5 -34.375 1.932 4.46 -24.966 2.571 1.25 -31.563 2.135 
3 16 1.25 -31.563 2.135 4.46 -24.966 2.571 2.035 -26.209 2.506 
3 16 2.035 -26.209 2.506 4.46 -24.966 2.571 2.608 -23.767 2.688 
3 16 2.608 -23.767 2.688 4.46 -24.966 2.571 4.517 -21.858 2.781 
3 16 4.517 -21.858 2.781 4.46 -24.966 2.571 5.904 -23.407 2.657 
3 16 1.25 -31.563 2.135 0 -31.875 2.115 2.5 -34.375 1.932 
3 16 0 -31.875 2.115 0 -35 1.897 2.5 -34.375 1.932 
3 16 -1.25 -31.563 2.134 -2.5 -34.375 1.93 0 -31.875 2.115 
3 16 -2.5 -34.375 1.93 0 -35 1.897 0 -31.875 2.115 
3 16 -2.5 -34.375 1.93 -1.25 -31.563 2.134 -4.46 -24.966 2.566 
3 16 -1.25 -31.563 2.134 -2.035 -26.209 2.504 -4.46 -24.966 2.566 
3 16 -4.517 -21.858 2.79 -4.46 -24.966 2.566 -2.608 -23.767 2.685 
3 16 -2.035 -26.209 2.504 -2.608 -23.767 2.685 -4.46 -24.966 2.566 
3 16 0 -26.5 2.491 0 -24.466 2.648 -2.035 -26.209 2.504 
3 16 0 -24.466 2.648 -2.608 -23.767 2.685 -2.035 -26.209 2.504 
3 16 0 -26.5 2.491 2.035 -26.209 2.506 0 -24.466 2.648 
3 16 2.035 -26.209 2.506 2.608 -23.767 2.688 0 -24.466 2.648 
3 16 -4.517 -21.858 2.79 -6.006 -23.31 2.656 -4.46 -24.966 2.566 
3 16 -5.189 -18.717 2.991 -7.088 -20.773 2.81 -4.517 -21.858 2.79 
3 16 -7.088 -20.773 2.81 -6.006 -23.31 2.656 -4.517 -21.858 2.79 
3 16 -8.665 -18.976 2.895 -13.992 -26.582 2.147 -7.947 -21.856 2.713 
3 16 -13.992 -26.582 2.147 -14.137 -29.656 1.924 -7.947 -21.856 2.713 
3 16 -13.992 -26.582 2.147 -15.249 -26.3 2.094 -14.137 -29.656 1.924 
3 16 -15.249 -26.3 2.094 -16.652 -29.093 1.802 -14.137 -29.656 1.924 
3 16 -15.249 -26.3 2.094 -16.226 -25.46 2.088 -16.652 -29.093 1.802 
3 16 -11.251 -17.833 2.887 -11.901 -15.837 3 -13.307 -16.645 2.879 
3 16 -16.652 -29.093 1.802 -16.226 -25.46 2.088 -18.605 -27.413 1.754 
3 16 -16.226 -25.46 2.088 -13.307 -16.645 2.879 -18.605 -27.413 1.754 
3 16 -11.901 -15.837 3 -14.941 -13.634 3 -13.307 -16.645 2.879 
3 16 -14.941 -13.634 3 -18.605 -27.413 1.754 -13.307 -16.645 2.879 
3 16 -11.251 -17.833 2.887 -8.665 -18.976 2.895 -11.901 -15.837 3 
3 16 -8.665 -18.976 2.895 -5.189 -18.717 2.991 -11.901 -15.837 3 
3 16 -5.189 -18.717 2.991 -8.665 -18.976 2.895 -7.088 -20.773 2.81 
3 16 -8.665 -18.976 2.895 -7.947 -21.856 2.713 -7.088 -20.773 2.81 
3 16 16.69 -29.256 1.814 15.288 -26.464 2.102 14.176 -29.82 1.93 
3 16 14.176 -29.82 1.93 15.288 -26.464 2.102 14.031 -26.745 2.153 
3 16 16.69 -29.256 1.814 16.265 -25.623 2.099 15.288 -26.464 2.102 
3 16 16.69 -29.256 1.814 18.644 -27.576 1.773 16.265 -25.623 2.099 
3 16 18.644 -27.576 1.773 16.23 -18.5 2.6 16.265 -25.623 2.099 
3 16 16.265 -25.623 2.099 16.23 -18.5 2.6 13.346 -16.808 2.883 
3 16 16.23 -18.5 2.6 14.553 -14.25 3 13.346 -16.808 2.883 
3 16 8.704 -19.139 2.893 13.346 -16.808 2.883 11.601 -16.226 3 
3 16 13.346 -16.808 2.883 14.553 -14.25 3 11.601 -16.226 3 
3 16 16.23 -18.5 2.6 15.1 -14.25 2.969 14.553 -14.25 3 
3 16 8.382 -17.729 3 8.704 -19.139 2.893 11.601 -16.226 3 
3 16 -16.643 -20.034 1.25 -15.224 -14.701 1.25 -18.279 -16.257 1.25 
3 16 -15.224 -14.701 1.25 -18.75 -11.128 1.25 -18.279 -16.257 1.25 
3 16 -18.279 -16.257 1.25 -18.75 -11.128 1.25 -19.58 -10.375 1.25 
3 16 -18.75 -11.128 1.25 -18.75 -10.375 1.25 -19.58 -10.375 1.25 
3 16 -15.224 -14.701 1.25 -14.941 -13.634 3 -18.75 -11.128 1.25 
3 16 -14.941 -13.634 3 -17.75 -10.773 3 -18.75 -11.128 1.25 
3 16 -18.75 -11.128 1.25 -17.75 -10.773 3 -18.75 -10.375 1.25 
3 16 -17.75 -10.773 3 -17.75 -10.375 3 -18.75 -10.375 1.25 
3 16 15.1 -14.25 -2.969 30.943 -14.25 -2.5 16.23 -18.5 -2.6 
3 16 16.23 -18.5 -2.6 30.943 -14.25 -2.5 30 -18.5 -2.5 
3 16 -5.826 -13.352 -3 -6.48 -11.095 -3.47 0 -14.25 -3 
3 16 0 -14.25 -3 -6.48 -11.095 -3.47 -5.467 -10 -3.803 
3 16 -5.467 -10 -3.803 0 -10 -3.991 0 -14.25 -3 
3 16 0 -10 -3.991 5.467 -10 -3.802 0 -14.25 -3 
3 16 0 -14.25 -3 5.467 -10 -3.802 1.409 -14.453 -3 
3 16 1.409 -14.453 -3 5.467 -10 -3.802 6.479 -11.095 -3.47 
3 16 6.479 -11.095 -3.47 5.94 -13.314 -3 1.409 -14.453 -3 
3 16 -9.775 -11.5 -3 -6.48 -11.095 -3.47 -5.826 -13.352 -3 
3 16 5.94 -13.314 -3 6.479 -11.095 -3.47 9.775 -11.5 -3 
3 16 33.201 -13.023 -2.5 33.736 -11.5 -2.5 39.392 -13.52 -2.5 
3 16 39.392 -13.52 -2.5 33.736 -11.5 -2.5 39.392 -11.5 -2.5 
3 16 36.146 -17.604 -2.5 33.201 -13.023 -2.5 39.392 -13.52 -2.5 
3 16 31.701 -14.143 -2.5 33.201 -13.023 -2.5 32.735 -18.5 -2.5 
3 16 32.735 -18.5 -2.5 33.201 -13.023 -2.5 36.146 -17.604 -2.5 
3 16 30.943 -14.25 -2.5 31.701 -14.143 -2.5 30 -18.5 -2.5 
3 16 30 -18.5 -2.5 31.701 -14.143 -2.5 32.735 -18.5 -2.5 
3 16 1.409 -14.453 -3 5.94 -13.314 -3 2.5 -14.92 -3 
3 16 4.33 -16.75 -3 2.5 -14.92 -3 5.94 -13.314 -3 
3 16 4.972 -18.725 -3 4.33 -16.75 -3 8.382 -17.729 -3 
3 16 4.33 -16.75 -3 5.94 -13.314 -3 8.382 -17.729 -3 
3 16 5.94 -13.314 -3 9.775 -11.5 -3 8.382 -17.729 -3 
3 16 8.382 -17.729 -3 9.775 -11.5 -3 11.601 -16.226 -3 
3 16 9.775 -11.5 -3 11.546 -11.5 -3 11.601 -16.226 -3 
3 16 11.546 -11.5 -3 12.193 -13.038 -3 11.601 -16.226 -3 
3 16 12.193 -13.038 -3 13.181 -13.928 -3 11.601 -16.226 -3 
3 16 11.601 -16.226 -3 13.181 -13.928 -3 14.553 -14.25 -3 
3 16 0 -14.25 -3 -2.5 -14.92 -3 -5.826 -13.352 -3 
3 16 -5.826 -13.352 -3 -2.5 -14.92 -3 -4.33 -16.75 -3 
3 16 -17.75 -10.773 -3 -9.775 -11.5 -3 -14.941 -13.634 -3 
3 16 -4.33 -16.75 -3 -14.941 -13.634 -3 -5.826 -13.352 -3 
3 16 -9.775 -11.5 -3 -5.826 -13.352 -3 -14.941 -13.634 -3 
3 16 -14.941 -13.634 -3 -4.33 -16.75 -3 -11.901 -15.837 -3 
3 16 -11.901 -15.837 -3 -4.33 -16.75 -3 -4.97 -19.186 -2.962 
3 16 -9.775 -11.5 -3 -17.75 -10.773 -3 -11.385 -10.375 -3 
3 16 -11.385 -10.375 -3 -17.75 -10.773 -3 -17.75 -10.375 -3 
3 16 14.176 -29.82 -1.93 7.068 -20.862 -2.812 14.031 -26.745 -2.153 
3 16 14.031 -26.745 -2.153 7.068 -20.862 -2.812 8.704 -19.139 -2.893 
3 16 8.382 -17.729 -3 8.704 -19.139 -2.893 4.972 -18.725 -3 
3 16 4.972 -18.725 -3 8.704 -19.139 -2.893 5 -19.25 -2.952 
3 16 7.068 -20.862 -2.812 5 -19.25 -2.952 8.704 -19.139 -2.893 
3 16 5 -19.25 -2.952 7.068 -20.862 -2.812 4.33 -21.75 -2.781 
3 16 4.33 -21.75 -2.781 7.068 -20.862 -2.812 5.904 -23.407 -2.657 
3 16 2.5 -34.375 -1.932 1.25 -31.563 -2.135 4.46 -24.966 -2.571 
3 16 1.25 -31.563 -2.135 2.035 -26.209 -2.506 4.46 -24.966 -2.571 
3 16 2.035 -26.209 -2.506 2.5 -23.58 -2.688 4.46 -24.966 -2.571 
3 16 2.5 -23.58 -2.688 4.33 -21.75 -2.781 4.46 -24.966 -2.571 
3 16 4.33 -21.75 -2.781 5.904 -23.407 -2.657 4.46 -24.966 -2.571 
3 16 1.25 -31.563 -2.135 2.5 -34.375 -1.932 0 -31.875 -2.115 
3 16 0 -31.875 -2.115 2.5 -34.375 -1.932 0 -35 -1.897 
3 16 -1.25 -31.563 -2.134 0 -31.875 -2.115 -2.5 -34.375 -1.93 
3 16 -2.5 -34.375 -1.93 0 -31.875 -2.115 0 -35 -1.897 
3 16 -2.5 -34.375 -1.93 -4.46 -24.966 -2.566 -1.25 -31.563 -2.134 
3 16 -1.25 -31.563 -2.134 -4.46 -24.966 -2.566 -2.035 -26.209 -2.504 
3 16 -4.33 -21.75 -2.79 -2.5 -23.58 -2.685 -4.46 -24.966 -2.566 
3 16 -2.035 -26.209 -2.504 -4.46 -24.966 -2.566 -2.5 -23.58 -2.685 
3 16 0 -26.5 -2.491 -2.035 -26.209 -2.504 0 -24.25 -2.648 
3 16 0 -24.25 -2.648 -2.035 -26.209 -2.504 -2.5 -23.58 -2.685 
3 16 0 -26.5 -2.491 0 -24.25 -2.648 2.035 -26.209 -2.506 
3 16 2.035 -26.209 -2.506 0 -24.25 -2.648 2.5 -23.58 -2.688 
3 16 -4.33 -21.75 -2.79 -4.46 -24.966 -2.566 -6.006 -23.31 -2.656 
3 16 -4.97 -19.186 -2.962 -4.33 -21.75 -2.79 -7.088 -20.773 -2.81 
3 16 -7.088 -20.773 -2.81 -4.33 -21.75 -2.79 -6.006 -23.31 -2.656 
3 16 -8.665 -18.976 -2.895 -7.947 -21.856 -2.713 -13.992 -26.582 -2.147 
3 16 -13.992 -26.582 -2.147 -7.947 -21.856 -2.713 -14.137 -29.656 -1.924 
3 16 -13.992 -26.582 -2.147 -14.137 -29.656 -1.924 -15.249 -26.3 -2.094 
3 16 -15.249 -26.3 -2.094 -14.137 -29.656 -1.924 -16.652 -29.093 -1.802 
3 16 -15.249 -26.3 -2.094 -16.652 -29.093 -1.802 -16.226 -25.46 -2.088 
3 16 -11.251 -17.833 -2.887 -13.307 -16.645 -2.879 -11.901 -15.837 -3 
3 16 -16.652 -29.093 -1.802 -18.605 -27.413 -1.754 -16.226 -25.46 -2.088 
3 16 -16.226 -25.46 -2.088 -18.605 -27.413 -1.754 -13.307 -16.645 -2.879 
3 16 -11.901 -15.837 -3 -13.307 -16.645 -2.879 -14.941 -13.634 -3 
3 16 -14.941 -13.634 -3 -13.307 -16.645 -2.879 -18.605 -27.413 -1.754 
3 16 -11.251 -17.833 -2.887 -11.901 -15.837 -3 -8.665 -18.976 -2.895 
3 16 -8.665 -18.976 -2.895 -11.901 -15.837 -3 -4.97 -19.186 -2.962 
3 16 -4.97 -19.186 -2.962 -7.088 -20.773 -2.81 -8.665 -18.976 -2.895 
3 16 -8.665 -18.976 -2.895 -7.088 -20.773 -2.81 -7.947 -21.856 -2.713 
3 16 16.69 -29.256 -1.814 14.176 -29.82 -1.93 15.288 -26.464 -2.102 
3 16 14.176 -29.82 -1.93 14.031 -26.745 -2.153 15.288 -26.464 -2.102 
3 16 16.69 -29.256 -1.814 15.288 -26.464 -2.102 16.265 -25.623 -2.099 
3 16 16.69 -29.256 -1.814 16.265 -25.623 -2.099 18.644 -27.576 -1.773 
3 16 18.644 -27.576 -1.773 16.265 -25.623 -2.099 16.23 -18.5 -2.6 
3 16 16.265 -25.623 -2.099 13.346 -16.808 -2.883 16.23 -18.5 -2.6 
3 16 16.23 -18.5 -2.6 13.346 -16.808 -2.883 14.553 -14.25 -3 
3 16 8.704 -19.139 -2.893 11.601 -16.226 -3 13.346 -16.808 -2.883 
3 16 13.346 -16.808 -2.883 11.601 -16.226 -3 14.553 -14.25 -3 
3 16 16.23 -18.5 -2.6 14.553 -14.25 -3 15.1 -14.25 -2.969 
3 16 8.382 -17.729 -3 11.601 -16.226 -3 8.704 -19.139 -2.893 
3 16 -16.643 -20.034 -1.25 -18.279 -16.257 -1.25 -15.224 -14.701 -1.25 
3 16 -15.224 -14.701 -1.25 -18.279 -16.257 -1.25 -18.75 -11.128 -1.25 
3 16 -18.279 -16.257 -1.25 -19.58 -10.375 -1.25 -18.75 -11.128 -1.25 
3 16 -18.75 -11.128 -1.25 -19.58 -10.375 -1.25 -18.75 -10.375 -1.25 
3 16 -15.224 -14.701 -1.25 -18.75 -11.128 -1.25 -14.941 -13.634 -3 
3 16 -14.941 -13.634 -3 -18.75 -11.128 -1.25 -17.75 -10.773 -3 
3 16 -18.75 -11.128 -1.25 -18.75 -10.375 -1.25 -17.75 -10.773 -3 
3 16 -17.75 -10.773 -3 -18.75 -10.375 -1.25 -17.75 -10.375 -3 
3 16 18.644 -27.576 -1.773 16.23 -18.5 -2.6 18.644 -27.576 1.773 
3 16 18.644 -27.576 1.773 16.23 -18.5 -2.6 16.23 -18.5 2.6 
3 16 14.176 -29.82 1.93 7.068 -20.862 2.812 14.176 -29.82 -1.93 
3 16 14.176 -29.82 -1.93 7.068 -20.862 2.812 7.068 -20.862 -2.812 
3 16 2.5 -34.375 -1.932 4.46 -24.966 -2.571 2.5 -34.375 1.932 
3 16 2.5 -34.375 1.932 4.46 -24.966 -2.571 4.46 -24.966 2.571 
3 16 39.392 -11.5 -2.5 33.736 -11.5 -2.5 39.392 -11.5 2.5 
3 16 39.392 -11.5 2.5 33.736 -11.5 -2.5 33.736 -11.5 2.5 
3 16 9.775 -11.5 -3 6.479 -11.095 -3.47 9.775 -11.5 3 
3 16 6.479 -11.095 -3.47 6.479 -11.095 3.47 9.775 -11.5 3 
3 16 11.546 -11.5 -3 9.775 -11.5 -3 11.546 -11.5 3 
3 16 9.775 -11.5 -3 9.775 -11.5 3 11.546 -11.5 3 
3 16 6.479 -11.095 -3.47 5.467 -10 -3.802 6.479 -11.095 3.47 
3 16 6.479 -11.095 3.47 5.467 -10 -3.802 5.467 -10 3.802 
3 16 5.467 -10 -3.802 0 -10 -3.991 5.467 -10 3.802 
3 16 5.467 -10 3.802 0 -10 -3.991 0 -10 3.991 
3 16 0 -10 -3.991 -5.467 -10 -3.803 0 -10 3.991 
3 16 -5.467 -10 -3.803 -5.467 -10 3.803 0 -10 3.991 
3 16 -6.48 -11.095 3.47 -5.467 -10 3.803 -6.48 -11.095 -3.47 
3 16 -6.48 -11.095 -3.47 -5.467 -10 3.803 -5.467 -10 -3.803 
3 16 -6.48 -11.095 -3.47 -9.775 -11.5 -3 -6.48 -11.095 3.47 
3 16 -6.48 -11.095 3.47 -9.775 -11.5 -3 -9.775 -11.5 3 
3 16 -9.775 -11.5 -3 -11.385 -10.375 -3 -9.775 -11.5 3 
3 16 -9.775 -11.5 3 -11.385 -10.375 -3 -11.385 -10.375 3 
3 16 -2.5 -34.375 1.93 -4.46 -24.966 2.566 -2.5 -34.375 -1.93 
3 16 -2.5 -34.375 -1.93 -4.46 -24.966 2.566 -4.46 -24.966 -2.566 
3 16 -14.137 -29.656 -1.924 -7.947 -21.856 -2.713 -14.137 -29.656 1.924 
3 16 -14.137 -29.656 1.924 -7.947 -21.856 -2.713 -7.947 -21.856 2.713 
3 16 -18.605 -27.413 1.754 -14.941 -13.634 3 -18.605 -27.413 -1.754 
3 16 -18.605 -27.413 -1.754 -14.941 -13.634 3 -14.941 -13.634 -3 
3 16 -18.279 -16.257 -1.25 -16.643 -20.034 -1.25 -18.279 -16.257 1.25 
3 16 -16.643 -20.034 -1.25 -16.643 -20.034 1.25 -18.279 -16.257 1.25 
3 16 -19.58 -10.375 -1.25 -18.279 -16.257 -1.25 -19.58 -10.375 1.25 
3 16 -18.279 -16.257 -1.25 -18.279 -16.257 1.25 -19.58 -10.375 1.25 
3 16 30 -18.5 2.5 16.23 -18.5 2.6 30 -18.5 -2.5 
3 16 16.23 -18.5 2.6 16.23 -18.5 -2.6 30 -18.5 -2.5 
3 16 32.735 -18.5 2.5 30 -18.5 2.5 32.735 -18.5 -2.5 
3 16 30 -18.5 2.5 30 -18.5 -2.5 32.735 -18.5 -2.5 
3 16 32.735 -18.5 -2.5 36.146 -17.604 -2.5 32.735 -18.5 2.5 
3 16 32.735 -18.5 2.5 36.146 -17.604 -2.5 36.146 -17.604 2.5 
3 16 36.146 -17.604 -2.5 39.392 -13.52 -2.5 36.146 -17.604 2.5 
3 16 36.146 -17.604 2.5 39.392 -13.52 -2.5 39.392 -13.52 2.5 
3 16 39.392 -13.52 -2.5 39.392 -11.5 -2.5 39.392 -13.52 2.5 
3 16 39.392 -11.5 -2.5 39.392 -11.5 2.5 39.392 -13.52 2.5 
3 16 33.201 -13.023 2.5 33.736 -11.5 2.5 33.201 -13.023 -2.5 
3 16 33.736 -11.5 2.5 33.736 -11.5 -2.5 33.201 -13.023 -2.5 
3 16 31.701 -14.143 2.5 33.201 -13.023 2.5 31.701 -14.143 -2.5 
3 16 33.201 -13.023 2.5 33.201 -13.023 -2.5 31.701 -14.143 -2.5 
3 16 30.943 -14.25 2.5 31.701 -14.143 2.5 30.943 -14.25 -2.5 
3 16 31.701 -14.143 2.5 31.701 -14.143 -2.5 30.943 -14.25 -2.5 
3 16 12.193 -13.038 -3 11.546 -11.5 -3 12.193 -13.038 3 
3 16 11.546 -11.5 -3 11.546 -11.5 3 12.193 -13.038 3 
3 16 12.193 -13.038 3 13.181 -13.928 3 12.193 -13.038 -3 
3 16 12.193 -13.038 -3 13.181 -13.928 3 13.181 -13.928 -3 
3 16 13.181 -13.928 3 14.553 -14.25 3 13.181 -13.928 -3 
3 16 13.181 -13.928 -3 14.553 -14.25 3 14.553 -14.25 -3 
3 16 14.553 -14.25 3 15.1 -14.25 2.969 14.553 -14.25 -3 
3 16 14.553 -14.25 -3 15.1 -14.25 2.969 15.1 -14.25 -2.969 
3 16 15.1 -14.25 2.969 30.943 -14.25 2.5 15.1 -14.25 -2.969 
3 16 30.943 -14.25 2.5 30.943 -14.25 -2.5 15.1 -14.25 -2.969 
3 16 5.904 -23.407 -2.657 7.068 -20.862 -2.812 5.904 -23.407 2.657 
3 16 7.068 -20.862 -2.812 7.068 -20.862 2.812 5.904 -23.407 2.657 
3 16 4.46 -24.966 -2.571 5.904 -23.407 -2.657 4.46 -24.966 2.571 
3 16 5.904 -23.407 2.657 4.46 -24.966 2.571 5.904 -23.407 -2.657 
3 16 -6.006 -23.31 2.656 -7.088 -20.773 2.81 -6.006 -23.31 -2.656 
3 16 -7.947 -21.856 2.713 -7.947 -21.856 -2.713 -7.088 -20.773 -2.81 
3 16 -7.088 -20.773 2.81 -7.088 -20.773 -2.81 -6.006 -23.31 -2.656 
3 16 -7.088 -20.773 -2.81 -7.088 -20.773 2.81 -7.947 -21.856 2.713 
3 16 -6.006 -23.31 -2.656 -4.46 -24.966 -2.566 -6.006 -23.31 2.656 
3 16 -4.46 -24.966 -2.566 -4.46 -24.966 2.566 -6.006 -23.31 2.656 
3 16 -17.75 -10.375 3 -11.385 -10.375 3 -18.75 -10.375 1.25 
3 16 -18.75 -10.375 -1.25 -18.75 -10.375 1.25 -11.385 -10.375 3 
3 16 -18.75 -10.375 -1.25 -19.58 -10.375 -1.25 -18.75 -10.375 1.25 
3 16 -19.58 -10.375 -1.25 -19.58 -10.375 1.25 -18.75 -10.375 1.25 
3 16 -18.75 -10.375 -1.25 -11.385 -10.375 3 -11.385 -10.375 -3 
3 16 -11.385 -10.375 -3 -17.75 -10.375 -3 -18.75 -10.375 -1.25 
3 16 0 -35 1.897 -2.5 -34.375 1.93 0 -35 -1.897 
3 16 -2.5 -34.375 1.93 -2.5 -34.375 -1.93 0 -35 -1.897 
3 16 0 -35 -1.897 2.5 -34.375 -1.932 0 -35 1.897 
3 16 0 -35 1.897 2.5 -34.375 -1.932 2.5 -34.375 1.932 
3 16 -16.652 -29.093 -1.802 -14.137 -29.656 -1.924 -16.652 -29.093 1.802 
3 16 -14.137 -29.656 -1.924 -14.137 -29.656 1.924 -16.652 -29.093 1.802 
3 16 -16.652 -29.093 1.802 -18.605 -27.413 1.754 -16.652 -29.093 -1.802 
3 16 -18.605 -27.413 1.754 -18.605 -27.413 -1.754 -16.652 -29.093 -1.802 
3 16 16.69 -29.256 1.814 14.176 -29.82 1.93 16.69 -29.256 -1.814 
3 16 14.176 -29.82 1.93 14.176 -29.82 -1.93 16.69 -29.256 -1.814 
3 16 16.69 -29.256 -1.814 18.644 -27.576 -1.773 16.69 -29.256 1.814 
3 16 18.644 -27.576 -1.773 18.644 -27.576 1.773 16.69 -29.256 1.814 
3 16 16.265 -25.623 2.099 13.346 -16.808 2.883 16.265 -25.623 -2.099 
3 16 16.265 -25.623 -2.099 13.346 -16.808 2.883 13.346 -16.808 -2.883 
3 16 14.031 -26.745 -2.153 8.704 -19.139 -2.893 14.031 -26.745 2.153 
3 16 14.031 -26.745 2.153 8.704 -19.139 -2.893 8.704 -19.139 2.893 
3 16 1.25 -31.563 2.135 2.035 -26.209 2.506 1.25 -31.563 -2.135 
3 16 1.25 -31.563 -2.135 2.035 -26.209 2.506 2.035 -26.209 -2.506 
3 16 -1.25 -31.563 -2.134 -2.035 -26.209 -2.504 -1.25 -31.563 2.134 
3 16 -1.25 -31.563 2.134 -2.035 -26.209 -2.504 -2.035 -26.209 2.504 
3 16 -13.992 -26.582 2.147 -8.665 -18.976 2.895 -13.992 -26.582 -2.147 
3 16 -13.992 -26.582 -2.147 -8.665 -18.976 2.895 -8.665 -18.976 -2.895 
3 16 -13.307 -16.645 2.879 -16.226 -25.46 2.088 -13.307 -16.645 -2.879 
3 16 -13.307 -16.645 -2.879 -16.226 -25.46 2.088 -16.226 -25.46 -2.088 
3 16 0 -31.875 2.115 1.25 -31.563 2.135 0 -31.875 -2.115 
3 16 1.25 -31.563 2.135 1.25 -31.563 -2.135 0 -31.875 -2.115 
3 16 0 -31.875 -2.115 -1.25 -31.563 -2.134 0 -31.875 2.115 
3 16 -1.25 -31.563 2.134 0 -31.875 2.115 -1.25 -31.563 -2.134 
3 16 0 -26.5 2.491 -2.035 -26.209 2.504 0 -26.5 -2.491 
3 16 -2.035 -26.209 2.504 -2.035 -26.209 -2.504 0 -26.5 -2.491 
3 16 0 -26.5 -2.491 2.035 -26.209 -2.506 0 -26.5 2.491 
3 16 0 -26.5 2.491 2.035 -26.209 -2.506 2.035 -26.209 2.506 
3 16 -15.249 -26.3 2.094 -13.992 -26.582 2.147 -15.249 -26.3 -2.094 
3 16 -13.992 -26.582 2.147 -13.992 -26.582 -2.147 -15.249 -26.3 -2.094 
3 16 -16.226 -25.46 2.088 -15.249 -26.3 2.094 -16.226 -25.46 -2.088 
3 16 -15.249 -26.3 2.094 -15.249 -26.3 -2.094 -16.226 -25.46 -2.088 
3 16 15.288 -26.464 -2.102 14.031 -26.745 -2.153 15.288 -26.464 2.102 
3 16 14.031 -26.745 -2.153 14.031 -26.745 2.153 15.288 -26.464 2.102 
3 16 15.288 -26.464 2.102 16.265 -25.623 2.099 15.288 -26.464 -2.102 
3 16 16.265 -25.623 2.099 16.265 -25.623 -2.099 15.288 -26.464 -2.102 
3 16 -11.251 -17.833 -2.887 -8.665 -18.976 -2.895 -11.251 -17.833 2.887 
3 16 -8.665 -18.976 -2.895 -8.665 -18.976 2.895 -11.251 -17.833 2.887 
3 16 -13.307 -16.645 -2.879 -11.251 -17.833 -2.887 -13.307 -16.645 2.879 
3 16 -13.307 -16.645 2.879 -11.251 -17.833 -2.887 -11.251 -17.833 2.887 
3 16 8.704 -19.139 -2.893 13.346 -16.808 -2.883 8.704 -19.139 2.893 
3 16 8.704 -19.139 2.893 13.346 -16.808 -2.883 13.346 -16.808 2.883 
3 16 12.193 -13.038 1.25 33.201 -13.023 1.25 11.546 -11.5 1.25 
3 16 13.181 -13.928 1.25 14.553 -14.25 1.25 12.193 -13.038 1.25 
3 16 12.193 -13.038 1.25 14.553 -14.25 1.25 30.943 -14.25 1.25 
3 16 33.201 -13.023 1.25 33.736 -11.5 1.25 11.546 -11.5 1.25 
3 16 30.943 -14.25 1.25 33.201 -13.023 1.25 12.193 -13.038 1.25 
3 16 33.201 -13.023 1.25 30.943 -14.25 1.25 31.701 -14.143 1.25 
3 16 12.193 -13.038 -1.25 11.546 -11.5 -1.25 33.201 -13.023 -1.25 
3 16 13.181 -13.928 -1.25 12.193 -13.038 -1.25 14.553 -14.25 -1.25 
3 16 12.193 -13.038 -1.25 30.943 -14.25 -1.25 14.553 -14.25 -1.25 
3 16 33.201 -13.023 -1.25 11.546 -11.5 -1.25 33.736 -11.5 -1.25 
3 16 30.943 -14.25 -1.25 12.193 -13.038 -1.25 33.201 -13.023 -1.25 
3 16 33.201 -13.023 -1.25 31.701 -14.143 -1.25 30.943 -14.25 -1.25 
3 16 33.736 -11.5 -1.25 11.546 -11.5 -1.25 33.736 -11.5 1.25 
3 16 33.736 -11.5 1.25 11.546 -11.5 -1.25 11.546 -11.5 1.25 
3 16 8.704 -19.139 1.5 15.288 -26.464 1.5 13.346 -16.808 1.5 
3 16 15.288 -26.464 1.5 16.265 -25.623 1.5 13.346 -16.808 1.5 
3 16 8.704 -19.139 1.5 14.031 -26.745 1.5 15.288 -26.464 1.5 
3 16 2.035 -26.209 1.5 0 -26.5 1.5 1.25 -31.563 1.5 
3 16 0 -26.5 1.5 0 -31.875 1.5 1.25 -31.563 1.5 
3 16 0 -31.875 1.5 0 -26.5 1.5 -1.25 -31.563 1.5 
3 16 0 -26.5 1.5 -2.035 -26.209 1.5 -1.25 -31.563 1.5 
3 16 -8.665 -18.976 1.5 -11.251 -17.833 1.5 -13.992 -26.582 1.5 
3 16 -11.251 -17.833 1.5 -15.249 -26.3 1.5 -13.992 -26.582 1.5 
3 16 -13.307 -16.645 1.5 -16.226 -25.46 1.5 -15.249 -26.3 1.5 
3 16 -13.307 -16.645 1.5 -15.249 -26.3 1.5 -11.251 -17.833 1.5 
3 16 8.704 -19.139 -1.5 13.346 -16.808 -1.5 15.288 -26.464 -1.5 
3 16 15.288 -26.464 -1.5 13.346 -16.808 -1.5 16.265 -25.623 -1.5 
3 16 8.704 -19.139 -1.5 15.288 -26.464 -1.5 14.031 -26.745 -1.5 
3 16 2.035 -26.209 -1.5 1.25 -31.563 -1.5 0 -26.5 -1.5 
3 16 0 -26.5 -1.5 1.25 -31.563 -1.5 0 -31.875 -1.5 
3 16 0 -31.875 -1.5 -1.25 -31.563 -1.5 0 -26.5 -1.5 
3 16 0 -26.5 -1.5 -1.25 -31.563 -1.5 -2.035 -26.209 -1.5 
3 16 -8.665 -18.976 -1.5 -13.992 -26.582 -1.5 -11.251 -17.833 -1.5 
3 16 -11.251 -17.833 -1.5 -13.992 -26.582 -1.5 -15.249 -26.3 -1.5 
3 16 -13.307 -16.645 -1.5 -15.249 -26.3 -1.5 -16.226 -25.46 -1.5 
3 16 -13.307 -16.645 -1.5 -11.251 -17.833 -1.5 -15.249 -26.3 -1.5 
3 16 17.931 -24.896 1.25 24.336 -21.857 1.25 16.23 -18.5 1.25 
3 16 16.23 -18.5 1.25 24.336 -21.857 1.25 30.603 -18.5 1.25 
3 16 3.556 -29.308 1.25 7.758 -28.477 1.25 4.46 -24.966 1.25 
3 16 7.758 -28.477 1.25 5.904 -23.407 1.25 4.46 -24.966 1.25 
3 16 12.084 -27.184 1.25 5.904 -23.407 1.25 7.758 -28.477 1.25 
3 16 12.084 -27.184 1.25 7.068 -20.862 1.25 5.904 -23.407 1.25 
3 16 -3.541 -29.378 1.25 -4.46 -24.966 1.25 -6.568 -28.571 1.25 
3 16 -4.46 -24.966 1.25 -6.006 -23.31 1.25 -6.568 -28.571 1.25 
3 16 -6.006 -23.31 1.25 -11.347 -26.14 1.25 -6.568 -28.571 1.25 
3 16 -6.006 -23.31 1.25 -7.088 -20.773 1.25 -11.347 -26.14 1.25 
3 16 30.603 -18.5 -1.25 24.336 -21.857 -1.25 16.23 -18.5 -1.25 
3 16 16.23 -18.5 -1.25 24.336 -21.857 -1.25 17.931 -24.896 -1.25 
3 16 3.556 -29.308 -1.25 4.46 -24.966 -1.25 7.758 -28.477 -1.25 
3 16 7.758 -28.477 -1.25 4.46 -24.966 -1.25 5.904 -23.407 -1.25 
3 16 12.084 -27.184 -1.25 7.758 -28.477 -1.25 5.904 -23.407 -1.25 
3 16 12.084 -27.184 -1.25 5.904 -23.407 -1.25 7.068 -20.862 -1.25 
3 16 -3.541 -29.378 -1.25 -6.568 -28.571 -1.25 -4.46 -24.966 -1.25 
3 16 -4.46 -24.966 -1.25 -6.568 -28.571 -1.25 -6.006 -23.31 -1.25 
3 16 -6.006 -23.31 -1.25 -6.568 -28.571 -1.25 -11.347 -26.14 -1.25 
3 16 -6.006 -23.31 -1.25 -11.347 -26.14 -1.25 -7.088 -20.773 -1.25 
3 16 17.931 -24.896 -1.25 24.336 -21.857 -1.25 17.931 -24.896 1.25 
3 16 17.931 -24.896 1.25 24.336 -21.857 -1.25 24.336 -21.857 1.25 
3 16 24.336 -21.857 -1.25 30.603 -18.5 -1.25 24.336 -21.857 1.25 
3 16 30.603 -18.5 -1.25 30.603 -18.5 1.25 24.336 -21.857 1.25 
3 16 7.758 -28.477 1.25 3.556 -29.308 1.25 7.758 -28.477 -1.25 
3 16 3.556 -29.308 1.25 3.556 -29.308 -1.25 7.758 -28.477 -1.25 
3 16 12.084 -27.184 1.25 7.758 -28.477 1.25 12.084 -27.184 -1.25 
3 16 7.758 -28.477 1.25 7.758 -28.477 -1.25 12.084 -27.184 -1.25 
3 16 -6.568 -28.571 1.25 -11.347 -26.14 1.25 -6.568 -28.571 -1.25 
3 16 -11.347 -26.14 1.25 -11.347 -26.14 -1.25 -6.568 -28.571 -1.25 
3 16 -3.541 -29.378 1.25 -6.568 -28.571 1.25 -3.541 -29.378 -1.25 
3 16 -6.568 -28.571 1.25 -6.568 -28.571 -1.25 -3.541 -29.378 -1.25 
3 16 3.464 -10 2 3.464 0 2 2 -10 3.464 
3 16 3.464 0 2 2 0 3.464 2 -10 3.464 
3 16 2 -10 3.464 2 0 3.464 0 -10 4 
3 16 2 0 3.464 0 0 4 0 -10 4 
3 16 0 -10 4 0 0 4 -2 -10 3.464 
3 16 0 0 4 -2 0 3.464 -2 -10 3.464 
3 16 -2 -10 3.464 -2 0 3.464 -3.464 -10 2 
3 16 -2 0 3.464 -3.464 0 2 -3.464 -10 2 
3 16 -3.464 -10 2 -3.464 0 2 -4 -10 0 
3 16 -3.464 0 2 -4 0 0 -4 -10 0 
3 16 -4 -10 0 -4 0 0 -3.464 -10 -2 
3 16 -4 0 0 -3.464 0 -2 -3.464 -10 -2 
3 16 -3.464 -10 -2 -3.464 0 -2 -2 -10 -3.464 
3 16 -3.464 0 -2 -2 0 -3.464 -2 -10 -3.464 
3 16 -2 -10 -3.464 -2 0 -3.464 0 -10 -4 
3 16 -2 0 -3.464 0 0 -4 0 -10 -4 
3 16 0 -10 -4 0 0 -4 2 -10 -3.464 
3 16 0 0 -4 2 0 -3.464 2 -10 -3.464 
3 16 2 -10 -3.464 2 0 -3.464 3.464 -10 -2 
3 16 2 0 -3.464 3.464 0 -2 3.464 -10 -2 
3 16 3.464 -10 -2 3.464 0 -2 4 -10 0 
3 16 3.464 0 -2 4 0 0 4 -10 0 
3 16 4 -10 0 4 0 0 3.464 -10 2 
3 16 4 0 0 3.464 0 2 3.464 -10 2 
3 16 2 0 3.464 3.464 0 2 0 0 0 
3 16 0 0 4 2 0 3.464 0 0 0 
3 16 -2 0 3.464 0 0 4 0 0 0 
3 16 -3.464 0 2 -2 0 3.464 0 0 0 
3 16 -4 0 0 -3.464 0 2 0 0 0 
3 16 -3.464 0 -2 -4 0 0 0 0 0 
3 16 -2 0 -3.464 -3.464 0 -2 0 0 0 
3 16 0 0 -4 -2 0 -3.464 0 0 0 
3 16 2 0 -3.464 0 0 -4 0 0 0 
3 16 3.464 0 -2 2 0 -3.464 0 0 0 
3 16 4 0 0 3.464 0 -2 0 0 0 
3 16 3.464 0 2 4 0 0 0 0 0 
3 16 -4.33 -21.75 -2.79 -4.97 -19.186 -2.962 -4.33 -21.75 -1.5 
3 16 -4.33 -21.75 -1.5 -4.97 -19.186 -2.962 -4.97 -19.186 -1.5 
3 16 -2.5 -23.58 -2.685 -4.33 -21.75 -2.79 -2.5 -23.58 -1.5 
3 16 -4.33 -21.75 -2.79 -4.33 -21.75 -1.5 -2.5 -23.58 -1.5 
3 16 -2.5 -23.58 -1.5 0 -24.25 -1.5 -2.5 -23.58 -2.685 
3 16 0 -24.25 -1.5 0 -24.25 -2.648 -2.5 -23.58 -2.685 
3 16 5 -19.25 -2.952 5 -19.25 -1.5 4.972 -18.725 -3 
3 16 4.972 -18.725 -3 5 -19.25 -1.5 4.33 -16.75 -1.5 
3 16 4.972 -18.725 -3 4.33 -16.75 -1.5 4.33 -16.75 -3 
3 16 4.33 -16.75 -1.5 2.5 -14.92 -1.5 4.33 -16.75 -3 
3 16 4.33 -16.75 -3 2.5 -14.92 -1.5 2.5 -14.92 -3 
3 16 2.5 -14.92 -3 2.5 -14.92 -1.5 1.409 -14.453 -3 
3 16 2.5 -14.92 -1.5 0 -14.25 -1.5 1.409 -14.453 -3 
3 16 0 -14.25 -1.5 0 -14.25 -3 1.409 -14.453 -3 
3 16 -4.33 -16.75 -1.5 -4.97 -19.186 -1.5 -4.33 -16.75 -3 
3 16 -4.97 -19.186 -1.5 -4.97 -19.186 -2.962 -4.33 -16.75 -3 
3 16 -2.5 -14.92 -1.5 -4.33 -16.75 -1.5 -2.5 -14.92 -3 
3 16 -4.33 -16.75 -1.5 -4.33 -16.75 -3 -2.5 -14.92 -3 
3 16 -2.5 -14.92 -3 0 -14.25 -3 -2.5 -14.92 -1.5 
3 16 0 -14.25 -3 0 -14.25 -1.5 -2.5 -14.92 -1.5 
3 16 0 -24.25 -1.5 2.5 -23.58 -1.5 0 -24.25 -2.648 
3 16 0 -24.25 -2.648 2.5 -23.58 -1.5 2.5 -23.58 -2.688 
3 16 2.5 -23.58 -1.5 4.33 -21.75 -1.5 2.5 -23.58 -2.688 
3 16 2.5 -23.58 -2.688 4.33 -21.75 -1.5 4.33 -21.75 -2.781 
3 16 5 -19.25 -2.952 4.33 -21.75 -2.781 5 -19.25 -1.5 
3 16 4.33 -21.75 -1.5 5 -19.25 -1.5 4.33 -21.75 -2.781 
3 16 4.517 -21.858 2.781 5.216 -19.25 2.952 4.517 -21.858 1.5 
3 16 4.517 -21.858 1.5 5.216 -19.25 2.952 5.216 -19.25 1.5 
3 16 -5.216 -19.25 1.5 -4.517 -16.642 1.5 -5.189 -18.717 2.991 
3 16 -5.189 -18.717 2.991 -4.517 -16.642 1.5 -4.517 -16.642 3 
3 16 -4.517 -16.642 1.5 -2.608 -14.733 1.5 -4.517 -16.642 3 
3 16 -4.517 -16.642 3 -2.608 -14.733 1.5 -2.608 -14.733 3 
3 16 -2.608 -14.733 1.5 0 -14.034 1.5 -2.608 -14.733 3 
3 16 -2.608 -14.733 3 0 -14.034 1.5 0 -14.034 3 
3 16 0 -14.034 3 0 -14.034 1.5 1.441 -14.237 3 
3 16 1.441 -14.237 3 0 -14.034 1.5 2.608 -14.733 1.5 
3 16 1.441 -14.237 3 2.608 -14.733 1.5 2.608 -14.733 3 
3 16 4.517 -16.642 3 2.608 -14.733 3 4.517 -16.642 1.5 
3 16 2.608 -14.733 3 2.608 -14.733 1.5 4.517 -16.642 1.5 
3 16 4.517 -16.642 3 4.517 -16.642 1.5 5.185 -18.679 3 
3 16 4.517 -16.642 1.5 5.216 -19.25 1.5 5.185 -18.679 3 
3 16 5.185 -18.679 3 5.216 -19.25 1.5 5.216 -19.25 2.952 
3 16 -5.189 -18.717 2.991 -4.517 -21.858 2.79 -5.216 -19.25 1.5 
3 16 -5.216 -19.25 1.5 -4.517 -21.858 2.79 -4.517 -21.858 1.5 
3 16 -4.517 -21.858 2.79 -2.608 -23.767 2.685 -4.517 -21.858 1.5 
3 16 -4.517 -21.858 1.5 -2.608 -23.767 2.685 -2.608 -23.767 1.5 
3 16 -2.608 -23.767 2.685 0 -24.466 2.648 -2.608 -23.767 1.5 
3 16 -2.608 -23.767 1.5 0 -24.466 2.648 0 -24.466 1.5 
3 16 2.608 -23.767 1.5 0 -24.466 1.5 2.608 -23.767 2.688 
3 16 0 -24.466 1.5 0 -24.466 2.648 2.608 -23.767 2.688 
3 16 2.608 -23.767 2.688 4.517 -21.858 2.781 2.608 -23.767 1.5 
3 16 2.608 -23.767 1.5 4.517 -21.858 2.781 4.517 -21.858 1.5 
2 24 4.517 -16.642 1.5 2.608 -14.733 1.5 
2 24 2.608 -14.733 1.5 0 -14.034 1.5 
2 24 0 -14.034 1.5 -2.608 -14.733 1.5 
2 24 -2.608 -14.733 1.5 -4.517 -16.642 1.5 
2 24 -4.517 -16.642 1.5 -5.216 -19.25 1.5 
2 24 -5.216 -19.25 1.5 -4.517 -21.858 1.5 
2 24 -4.517 -21.858 1.5 -2.608 -23.767 1.5 
2 24 -2.608 -23.767 1.5 0 -24.466 1.5 
2 24 0 -24.466 1.5 2.608 -23.767 1.5 
2 24 2.608 -23.767 1.5 4.517 -21.858 1.5 
2 24 4.517 -21.858 1.5 5.216 -19.25 1.5 
2 24 5.216 -19.25 1.5 4.517 -16.642 1.5 
2 24 4.33 -21.75 -1.5 2.5 -23.58 -1.5 
2 24 -2.5 -14.92 -1.5 0 -14.25 -1.5 
2 24 0 -14.25 -1.5 2.5 -14.92 -1.5 
2 24 2.5 -14.92 -1.5 4.33 -16.75 -1.5 
2 24 4.33 -16.75 -1.5 5 -19.25 -1.5 
2 24 5 -19.25 -1.5 4.33 -21.75 -1.5 
2 24 2.5 -23.58 -1.5 0 -24.25 -1.5 
2 24 0 -24.25 -1.5 -2.5 -23.58 -1.5 
2 24 -2.5 -23.58 -1.5 -4.33 -21.75 -1.5 
2 24 -4.33 -21.75 -1.5 -4.97 -19.186 -1.5 
2 24 -4.97 -19.186 -1.5 -4.33 -16.75 -1.5 
2 24 -4.33 -16.75 -1.5 -2.5 -14.92 -1.5 
2 24 15.1 -14.25 2.969 16.23 -18.5 2.6 
2 24 30.943 -14.25 2.5 15.1 -14.25 2.969 
2 24 16.23 -18.5 2.6 30 -18.5 2.5 
2 24 -5.826 -13.352 3 0 -14.034 3 
2 24 -5.467 -10 3.803 -6.48 -11.095 3.47 
2 24 0 -10 3.991 -5.467 -10 3.803 
2 24 5.467 -10 3.802 0 -10 3.991 
2 24 0 -14.034 3 1.441 -14.237 3 
2 24 6.479 -11.095 3.47 5.467 -10 3.802 
2 24 1.441 -14.237 3 5.94 -13.314 3 
2 24 -9.775 -11.5 3 -5.826 -13.352 3 
2 24 -6.48 -11.095 3.47 -9.775 -11.5 3 
2 24 5.94 -13.314 3 9.775 -11.5 3 
2 24 9.775 -11.5 3 6.479 -11.095 3.47 
2 24 33.736 -11.5 2.5 33.201 -13.023 2.5 
2 24 39.392 -13.52 2.5 39.392 -11.5 2.5 
2 24 39.392 -11.5 2.5 33.736 -11.5 2.5 
2 24 36.146 -17.604 2.5 39.392 -13.52 2.5 
2 24 33.201 -13.023 2.5 31.701 -14.143 2.5 
2 24 32.735 -18.5 2.5 36.146 -17.604 2.5 
2 24 31.701 -14.143 2.5 30.943 -14.25 2.5 
2 24 30 -18.5 2.5 32.735 -18.5 2.5 
2 24 1.441 -14.237 3 2.608 -14.733 3 
2 24 2.608 -14.733 3 4.517 -16.642 3 
2 24 4.517 -16.642 3 5.185 -18.679 3 
2 24 11.546 -11.5 3 9.775 -11.5 3 
2 24 12.193 -13.038 3 11.546 -11.5 3 
2 24 13.181 -13.928 3 12.193 -13.038 3 
2 24 14.553 -14.25 3 13.181 -13.928 3 
2 24 -2.608 -14.733 3 0 -14.034 3 
2 24 -4.517 -16.642 3 -2.608 -14.733 3 
2 24 -17.75 -10.773 3 -14.941 -13.634 3 
2 24 -14.941 -13.634 3 -11.901 -15.837 3 
2 24 -11.901 -15.837 3 -5.189 -18.717 2.991 
2 24 -5.189 -18.717 2.991 -4.517 -16.642 3 
2 24 -9.775 -11.5 3 -11.385 -10.375 3 
2 24 -11.385 -10.375 3 -17.75 -10.375 3 
2 24 -17.75 -10.375 3 -17.75 -10.773 3 
2 24 7.068 -20.862 2.812 14.176 -29.82 1.93 
2 24 14.031 -26.745 2.153 8.704 -19.139 2.893 
2 24 5.185 -18.679 3 5.216 -19.25 2.952 
2 24 5.216 -19.25 2.952 4.517 -21.858 2.781 
2 24 5.904 -23.407 2.657 7.068 -20.862 2.812 
2 24 2.5 -34.375 1.932 4.46 -24.966 2.571 
2 24 2.035 -26.209 2.506 1.25 -31.563 2.135 
2 24 4.517 -21.858 2.781 2.608 -23.767 2.688 
2 24 4.46 -24.966 2.571 5.904 -23.407 2.657 
2 24 1.25 -31.563 2.135 0 -31.875 2.115 
2 24 0 -35 1.897 2.5 -34.375 1.932 
2 24 0 -31.875 2.115 -1.25 -31.563 2.134 
2 24 -2.5 -34.375 1.93 0 -35 1.897 
2 24 -4.46 -24.966 2.566 -2.5 -34.375 1.93 
2 24 -1.25 -31.563 2.134 -2.035 -26.209 2.504 
2 24 -2.608 -23.767 2.685 -4.517 -21.858 2.79 
2 24 -2.035 -26.209 2.504 0 -26.5 2.491 
2 24 0 -24.466 2.648 -2.608 -23.767 2.685 
2 24 0 -26.5 2.491 2.035 -26.209 2.506 
2 24 2.608 -23.767 2.688 0 -24.466 2.648 
2 24 -6.006 -23.31 2.656 -4.46 -24.966 2.566 
2 24 -4.517 -21.858 2.79 -5.189 -18.717 2.991 
2 24 -7.088 -20.773 2.81 -6.006 -23.31 2.656 
2 24 -8.665 -18.976 2.895 -13.992 -26.582 2.147 
2 24 -14.137 -29.656 1.924 -7.947 -21.856 2.713 
2 24 -13.992 -26.582 2.147 -15.249 -26.3 2.094 
2 24 -16.652 -29.093 1.802 -14.137 -29.656 1.924 
2 24 -15.249 -26.3 2.094 -16.226 -25.46 2.088 
2 24 -13.307 -16.645 2.879 -11.251 -17.833 2.887 
2 24 -18.605 -27.413 1.754 -16.652 -29.093 1.802 
2 24 -16.226 -25.46 2.088 -13.307 -16.645 2.879 
2 24 -14.941 -13.634 3 -18.605 -27.413 1.754 
2 24 -11.251 -17.833 2.887 -8.665 -18.976 2.895 
2 24 -7.947 -21.856 2.713 -7.088 -20.773 2.81 
2 24 14.176 -29.82 1.93 16.69 -29.256 1.814 
2 24 15.288 -26.464 2.102 14.031 -26.745 2.153 
2 24 16.265 -25.623 2.099 15.288 -26.464 2.102 
2 24 16.69 -29.256 1.814 18.644 -27.576 1.773 
2 24 18.644 -27.576 1.773 16.23 -18.5 2.6 
2 24 13.346 -16.808 2.883 16.265 -25.623 2.099 
2 24 8.704 -19.139 2.893 13.346 -16.808 2.883 
2 24 15.1 -14.25 2.969 14.553 -14.25 3 
2 24 -16.643 -20.034 1.25 -15.224 -14.701 1.25 
2 24 -18.279 -16.257 1.25 -16.643 -20.034 1.25 
2 24 -15.224 -14.701 1.25 -18.75 -11.128 1.25 
2 24 -19.58 -10.375 1.25 -18.279 -16.257 1.25 
2 24 -18.75 -11.128 1.25 -18.75 -10.375 1.25 
2 24 -18.75 -10.375 1.25 -19.58 -10.375 1.25 
2 24 -15.224 -14.701 1.25 -14.941 -13.634 3 
2 24 -17.75 -10.375 3 -18.75 -10.375 1.25 
2 24 15.1 -14.25 -2.969 30.943 -14.25 -2.5 
2 24 16.23 -18.5 -2.6 15.1 -14.25 -2.969 
2 24 30 -18.5 -2.5 16.23 -18.5 -2.6 
2 24 0 -14.25 -3 -5.826 -13.352 -3 
2 24 -6.48 -11.095 -3.47 -5.467 -10 -3.803 
2 24 -5.467 -10 -3.803 0 -10 -3.991 
2 24 0 -10 -3.991 5.467 -10 -3.802 
2 24 1.409 -14.453 -3 0 -14.25 -3 
2 24 5.467 -10 -3.802 6.479 -11.095 -3.47 
2 24 5.94 -13.314 -3 1.409 -14.453 -3 
2 24 -9.775 -11.5 -3 -6.48 -11.095 -3.47 
2 24 -5.826 -13.352 -3 -9.775 -11.5 -3 
2 24 6.479 -11.095 -3.47 9.775 -11.5 -3 
2 24 9.775 -11.5 -3 5.94 -13.314 -3 
2 24 33.201 -13.023 -2.5 33.736 -11.5 -2.5 
2 24 33.736 -11.5 -2.5 39.392 -11.5 -2.5 
2 24 39.392 -11.5 -2.5 39.392 -13.52 -2.5 
2 24 39.392 -13.52 -2.5 36.146 -17.604 -2.5 
2 24 31.701 -14.143 -2.5 33.201 -13.023 -2.5 
2 24 36.146 -17.604 -2.5 32.735 -18.5 -2.5 
2 24 30.943 -14.25 -2.5 31.701 -14.143 -2.5 
2 24 32.735 -18.5 -2.5 30 -18.5 -2.5 
2 24 2.5 -14.92 -3 1.409 -14.453 -3 
2 24 4.33 -16.75 -3 2.5 -14.92 -3 
2 24 4.972 -18.725 -3 4.33 -16.75 -3 
2 24 8.382 -17.729 -3 4.972 -18.725 -3 
2 24 11.601 -16.226 -3 8.382 -17.729 -3 
2 24 9.775 -11.5 -3 11.546 -11.5 -3 
2 24 11.546 -11.5 -3 12.193 -13.038 -3 
2 24 12.193 -13.038 -3 13.181 -13.928 -3 
2 24 13.181 -13.928 -3 14.553 -14.25 -3 
2 24 14.553 -14.25 -3 11.601 -16.226 -3 
2 24 0 -14.25 -3 -2.5 -14.92 -3 
2 24 -2.5 -14.92 -3 -4.33 -16.75 -3 
2 24 -14.941 -13.634 -3 -17.75 -10.773 -3 
2 24 -11.901 -15.837 -3 -14.941 -13.634 -3 
2 24 -4.33 -16.75 -3 -4.97 -19.186 -2.962 
2 24 -4.97 -19.186 -2.962 -11.901 -15.837 -3 
2 24 -11.385 -10.375 -3 -9.775 -11.5 -3 
2 24 -17.75 -10.773 -3 -17.75 -10.375 -3 
2 24 -17.75 -10.375 -3 -11.385 -10.375 -3 
2 24 14.176 -29.82 -1.93 7.068 -20.862 -2.812 
2 24 8.704 -19.139 -2.893 14.031 -26.745 -2.153 
2 24 5 -19.25 -2.952 4.972 -18.725 -3 
2 24 4.33 -21.75 -2.781 5 -19.25 -2.952 
2 24 7.068 -20.862 -2.812 5.904 -23.407 -2.657 
2 24 4.46 -24.966 -2.571 2.5 -34.375 -1.932 
2 24 1.25 -31.563 -2.135 2.035 -26.209 -2.506 
2 24 2.5 -23.58 -2.688 4.33 -21.75 -2.781 
2 24 5.904 -23.407 -2.657 4.46 -24.966 -2.571 
2 24 0 -31.875 -2.115 1.25 -31.563 -2.135 
2 24 2.5 -34.375 -1.932 0 -35 -1.897 
2 24 -1.25 -31.563 -2.134 0 -31.875 -2.115 
2 24 0 -35 -1.897 -2.5 -34.375 -1.93 
2 24 -2.5 -34.375 -1.93 -4.46 -24.966 -2.566 
2 24 -2.035 -26.209 -2.504 -1.25 -31.563 -2.134 
2 24 -4.33 -21.75 -2.79 -2.5 -23.58 -2.685 
2 24 0 -26.5 -2.491 -2.035 -26.209 -2.504 
2 24 -2.5 -23.58 -2.685 0 -24.25 -2.648 
2 24 2.035 -26.209 -2.506 0 -26.5 -2.491 
2 24 0 -24.25 -2.648 2.5 -23.58 -2.688 
2 24 -4.46 -24.966 -2.566 -6.006 -23.31 -2.656 
2 24 -4.97 -19.186 -2.962 -4.33 -21.75 -2.79 
2 24 -6.006 -23.31 -2.656 -7.088 -20.773 -2.81 
2 24 -13.992 -26.582 -2.147 -8.665 -18.976 -2.895 
2 24 -7.947 -21.856 -2.713 -14.137 -29.656 -1.924 
2 24 -15.249 -26.3 -2.094 -13.992 -26.582 -2.147 
2 24 -14.137 -29.656 -1.924 -16.652 -29.093 -1.802 
2 24 -16.226 -25.46 -2.088 -15.249 -26.3 -2.094 
2 24 -11.251 -17.833 -2.887 -13.307 -16.645 -2.879 
2 24 -16.652 -29.093 -1.802 -18.605 -27.413 -1.754 
2 24 -13.307 -16.645 -2.879 -16.226 -25.46 -2.088 
2 24 -18.605 -27.413 -1.754 -14.941 -13.634 -3 
2 24 -8.665 -18.976 -2.895 -11.251 -17.833 -2.887 
2 24 -7.088 -20.773 -2.81 -7.947 -21.856 -2.713 
2 24 16.69 -29.256 -1.814 14.176 -29.82 -1.93 
2 24 14.031 -26.745 -2.153 15.288 -26.464 -2.102 
2 24 15.288 -26.464 -2.102 16.265 -25.623 -2.099 
2 24 18.644 -27.576 -1.773 16.69 -29.256 -1.814 
2 24 16.23 -18.5 -2.6 18.644 -27.576 -1.773 
2 24 16.265 -25.623 -2.099 13.346 -16.808 -2.883 
2 24 13.346 -16.808 -2.883 8.704 -19.139 -2.893 
2 24 14.553 -14.25 -3 15.1 -14.25 -2.969 
2 24 -16.643 -20.034 -1.25 -18.279 -16.257 -1.25 
2 24 -15.224 -14.701 -1.25 -16.643 -20.034 -1.25 
2 24 -18.75 -11.128 -1.25 -15.224 -14.701 -1.25 
2 24 -18.279 -16.257 -1.25 -19.58 -10.375 -1.25 
2 24 -19.58 -10.375 -1.25 -18.75 -10.375 -1.25 
2 24 -18.75 -10.375 -1.25 -18.75 -11.128 -1.25 
2 24 -14.941 -13.634 -3 -15.224 -14.701 -1.25 
2 24 -18.75 -10.375 -1.25 -17.75 -10.375 -3 
2 24 18.644 -27.576 1.773 18.644 -27.576 -1.773 
2 24 16.23 -18.5 -2.6 16.23 -18.5 2.6 
2 24 14.176 -29.82 -1.93 14.176 -29.82 1.93 
2 24 7.068 -20.862 2.812 7.068 -20.862 -2.812 
2 24 2.5 -34.375 1.932 2.5 -34.375 -1.932 
2 24 4.46 -24.966 -2.571 4.46 -24.966 2.571 
2 24 39.392 -11.5 2.5 39.392 -11.5 -2.5 
2 24 33.736 -11.5 -2.5 33.736 -11.5 2.5 
2 24 6.479 -11.095 -3.47 6.479 -11.095 3.47 
2 24 11.546 -11.5 3 11.546 -11.5 -3 
2 24 5.467 -10 -3.802 5.467 -10 3.802 
2 24 -5.467 -10 -3.803 -5.467 -10 3.803 
2 24 -6.48 -11.095 -3.47 -6.48 -11.095 3.47 
2 24 -9.775 -11.5 -3 -9.775 -11.5 3 
2 24 -11.385 -10.375 -3 -11.385 -10.375 3 
2 24 -2.5 -34.375 -1.93 -2.5 -34.375 1.93 
2 24 -4.46 -24.966 2.566 -4.46 -24.966 -2.566 
2 24 -14.137 -29.656 1.924 -14.137 -29.656 -1.924 
2 24 -18.605 -27.413 -1.754 -18.605 -27.413 1.754 
2 24 -14.941 -13.634 3 -14.941 -13.634 -3 
2 24 -16.643 -20.034 -1.25 -16.643 -20.034 1.25 
2 24 -19.58 -10.375 1.25 -19.58 -10.375 -1.25 
2 24 39.392 -13.52 -2.5 39.392 -13.52 2.5 
2 24 -7.088 -20.773 2.81 -7.088 -20.773 -2.81 
2 24 16.265 -25.623 -2.099 16.265 -25.623 2.099 
2 24 13.346 -16.808 2.883 13.346 -16.808 -2.883 
2 24 14.031 -26.745 2.153 14.031 -26.745 -2.153 
2 24 8.704 -19.139 -2.893 8.704 -19.139 2.893 
2 24 1.25 -31.563 -2.135 1.25 -31.563 2.135 
2 24 2.035 -26.209 2.506 2.035 -26.209 -2.506 
2 24 -1.25 -31.563 2.134 -1.25 -31.563 -2.134 
2 24 -2.035 -26.209 -2.504 -2.035 -26.209 2.504 
2 24 -13.992 -26.582 -2.147 -13.992 -26.582 2.147 
2 24 -8.665 -18.976 2.895 -8.665 -18.976 -2.895 
2 24 -13.307 -16.645 -2.879 -13.307 -16.645 2.879 
2 24 -16.226 -25.46 2.088 -16.226 -25.46 -2.088 
2 24 11.546 -11.5 1.25 12.193 -13.038 1.25 
2 24 13.181 -13.928 1.25 14.553 -14.25 1.25 
2 24 12.193 -13.038 1.25 13.181 -13.928 1.25 
2 24 14.553 -14.25 1.25 30.943 -14.25 1.25 
2 24 33.201 -13.023 1.25 33.736 -11.5 1.25 
2 24 33.736 -11.5 1.25 11.546 -11.5 1.25 
2 24 30.943 -14.25 1.25 31.701 -14.143 1.25 
2 24 31.701 -14.143 1.25 33.201 -13.023 1.25 
2 24 12.193 -13.038 -1.25 11.546 -11.5 -1.25 
2 24 13.181 -13.928 -1.25 12.193 -13.038 -1.25 
2 24 14.553 -14.25 -1.25 13.181 -13.928 -1.25 
2 24 30.943 -14.25 -1.25 14.553 -14.25 -1.25 
2 24 11.546 -11.5 -1.25 33.736 -11.5 -1.25 
2 24 33.736 -11.5 -1.25 33.201 -13.023 -1.25 
2 24 33.201 -13.023 -1.25 31.701 -14.143 -1.25 
2 24 31.701 -14.143 -1.25 30.943 -14.25 -1.25 
2 24 33.736 -11.5 1.25 33.736 -11.5 -1.25 
2 24 11.546 -11.5 -1.25 11.546 -11.5 1.25 
2 24 13.346 -16.808 1.5 8.704 -19.139 1.5 
2 24 15.288 -26.464 1.5 16.265 -25.623 1.5 
2 24 16.265 -25.623 1.5 13.346 -16.808 1.5 
2 24 8.704 -19.139 1.5 14.031 -26.745 1.5 
2 24 14.031 -26.745 1.5 15.288 -26.464 1.5 
2 24 2.035 -26.209 1.5 0 -26.5 1.5 
2 24 1.25 -31.563 1.5 2.035 -26.209 1.5 
2 24 0 -31.875 1.5 1.25 -31.563 1.5 
2 24 -1.25 -31.563 1.5 0 -31.875 1.5 
2 24 0 -26.5 1.5 -2.035 -26.209 1.5 
2 24 -2.035 -26.209 1.5 -1.25 -31.563 1.5 
2 24 -8.665 -18.976 1.5 -11.251 -17.833 1.5 
2 24 -13.992 -26.582 1.5 -8.665 -18.976 1.5 
2 24 -15.249 -26.3 1.5 -13.992 -26.582 1.5 
2 24 -13.307 -16.645 1.5 -16.226 -25.46 1.5 
2 24 -16.226 -25.46 1.5 -15.249 -26.3 1.5 
2 24 -11.251 -17.833 1.5 -13.307 -16.645 1.5 
2 24 8.704 -19.139 -1.5 13.346 -16.808 -1.5 
2 24 13.346 -16.808 -1.5 16.265 -25.623 -1.5 
2 24 16.265 -25.623 -1.5 15.288 -26.464 -1.5 
2 24 15.288 -26.464 -1.5 14.031 -26.745 -1.5 
2 24 14.031 -26.745 -1.5 8.704 -19.139 -1.5 
2 24 2.035 -26.209 -1.5 1.25 -31.563 -1.5 
2 24 0 -26.5 -1.5 2.035 -26.209 -1.5 
2 24 1.25 -31.563 -1.5 0 -31.875 -1.5 
2 24 0 -31.875 -1.5 -1.25 -31.563 -1.5 
2 24 -1.25 -31.563 -1.5 -2.035 -26.209 -1.5 
2 24 -2.035 -26.209 -1.5 0 -26.5 -1.5 
2 24 -8.665 -18.976 -1.5 -13.992 -26.582 -1.5 
2 24 -11.251 -17.833 -1.5 -8.665 -18.976 -1.5 
2 24 -13.992 -26.582 -1.5 -15.249 -26.3 -1.5 
2 24 -15.249 -26.3 -1.5 -16.226 -25.46 -1.5 
2 24 -16.226 -25.46 -1.5 -13.307 -16.645 -1.5 
2 24 -13.307 -16.645 -1.5 -11.251 -17.833 -1.5 
2 24 17.931 -24.896 1.25 24.336 -21.857 1.25 
2 24 16.23 -18.5 1.25 17.931 -24.896 1.25 
2 24 24.336 -21.857 1.25 30.603 -18.5 1.25 
2 24 30.603 -18.5 1.25 16.23 -18.5 1.25 
2 24 3.556 -29.308 1.25 7.758 -28.477 1.25 
2 24 4.46 -24.966 1.25 3.556 -29.308 1.25 
2 24 5.904 -23.407 1.25 4.46 -24.966 1.25 
2 24 7.758 -28.477 1.25 12.084 -27.184 1.25 
2 24 12.084 -27.184 1.25 7.068 -20.862 1.25 
2 24 7.068 -20.862 1.25 5.904 -23.407 1.25 
2 24 -3.541 -29.378 1.25 -4.46 -24.966 1.25 
2 24 -6.568 -28.571 1.25 -3.541 -29.378 1.25 
2 24 -4.46 -24.966 1.25 -6.006 -23.31 1.25 
2 24 -11.347 -26.14 1.25 -6.568 -28.571 1.25 
2 24 -6.006 -23.31 1.25 -7.088 -20.773 1.25 
2 24 -7.088 -20.773 1.25 -11.347 -26.14 1.25 
2 24 30.603 -18.5 -1.25 24.336 -21.857 -1.25 
2 24 16.23 -18.5 -1.25 30.603 -18.5 -1.25 
2 24 24.336 -21.857 -1.25 17.931 -24.896 -1.25 
2 24 17.931 -24.896 -1.25 16.23 -18.5 -1.25 
2 24 3.556 -29.308 -1.25 4.46 -24.966 -1.25 
2 24 7.758 -28.477 -1.25 3.556 -29.308 -1.25 
2 24 4.46 -24.966 -1.25 5.904 -23.407 -1.25 
2 24 12.084 -27.184 -1.25 7.758 -28.477 -1.25 
2 24 5.904 -23.407 -1.25 7.068 -20.862 -1.25 
2 24 7.068 -20.862 -1.25 12.084 -27.184 -1.25 
2 24 -3.541 -29.378 -1.25 -6.568 -28.571 -1.25 
2 24 -4.46 -24.966 -1.25 -3.541 -29.378 -1.25 
2 24 -6.006 -23.31 -1.25 -4.46 -24.966 -1.25 
2 24 -6.568 -28.571 -1.25 -11.347 -26.14 -1.25 
2 24 -11.347 -26.14 -1.25 -7.088 -20.773 -1.25 
2 24 -7.088 -20.773 -1.25 -6.006 -23.31 -1.25 
2 24 17.931 -24.896 1.25 17.931 -24.896 -1.25 
2 24 30.603 -18.5 -1.25 30.603 -18.5 1.25 
2 24 3.556 -29.308 1.25 3.556 -29.308 -1.25 
2 24 12.084 -27.184 -1.25 12.084 -27.184 1.25 
2 24 -11.347 -26.14 1.25 -11.347 -26.14 -1.25 
2 24 -3.541 -29.378 -1.25 -3.541 -29.378 1.25 
2 24 2 -10 3.464 3.464 -10 2 
2 24 3.464 0 2 2 0 3.464 
2 24 0 -10 4 2 -10 3.464 
2 24 2 0 3.464 0 0 4 
2 24 -2 -10 3.464 0 -10 4 
2 24 0 0 4 -2 0 3.464 
2 24 -3.464 -10 2 -2 -10 3.464 
2 24 -2 0 3.464 -3.464 0 2 
2 24 -4 -10 0 -3.464 -10 2 
2 24 -3.464 0 2 -4 0 0 
2 24 -3.464 -10 -2 -4 -10 0 
2 24 -4 0 0 -3.464 0 -2 
2 24 -2 -10 -3.464 -3.464 -10 -2 
2 24 -3.464 0 -2 -2 0 -3.464 
2 24 0 -10 -4 -2 -10 -3.464 
2 24 -2 0 -3.464 0 0 -4 
2 24 2 -10 -3.464 0 -10 -4 
2 24 0 0 -4 2 0 -3.464 
2 24 3.464 -10 -2 2 -10 -3.464 
2 24 2 0 -3.464 3.464 0 -2 
2 24 4 -10 0 3.464 -10 -2 
2 24 3.464 0 -2 4 0 0 
2 24 3.464 -10 2 4 -10 0 
2 24 4 0 0 3.464 0 2 

