0 CLAW 4M W. GRIP (Needs Work)
0 Name: 20252.dat
0 Author: <AuthorRealName> [<AuthorLDrawName>]
0 !LDRAW_ORG Unofficial_Part
0 !LICENSE Redistributable under CCAL version 2.0 : see CAreadme.txt

0 BFC CERTIFY CCW

0 !HISTORY 2016-03-18 {LEGO Digital Designer} Original part shape
0 !HISTORY 2016-03-18 [<AuthorLDrawName>] File preparation for LDraw Parts Tracker

0 // Needs Work: Clean necessary

0 // Outside
3 16 2.569 3.572 -23.831 4.223 -4.214 -28.326 2.584 6.292 -29.809 
3 16 4.223 -4.214 -28.326 3.779 -0.874 -33.871 2.584 6.292 -29.809 
3 16 3.779 -0.874 -33.871 3.398 3.076 -39.518 2.584 6.292 -29.809 
3 16 2.584 6.292 -29.809 3.398 3.076 -39.518 2.564 10.4 -36.765 
3 16 3.398 3.076 -39.518 3.171 6.689 -43.92 2.564 10.4 -36.765 
3 16 2.564 10.4 -36.765 3.171 6.689 -43.92 2.559 15.27 -42.529 
3 16 3.171 6.689 -43.92 2.704 14.939 -51.719 2.559 15.27 -42.529 
3 16 2.559 15.27 -42.529 2.704 14.939 -51.719 2.299 22.351 -47.622 
3 16 2.299 22.351 -47.622 2.704 14.939 -51.719 2.422 22.483 -51.363 
3 16 2.704 14.939 -51.719 3.658 15.434 -57.292 2.422 22.483 -51.363 
3 16 2.286 47.287 -44.998 2.225 47.226 -48.497 2.239 53.537 -44.998 
3 16 4.872 15.827 -62.168 5.029 22.133 -62.693 3.658 15.434 -57.292 
3 16 3.658 15.434 -57.292 5.029 22.133 -62.693 2.422 22.483 -51.363 
3 16 5.029 22.133 -62.693 4.977 29.375 -62.291 2.422 22.483 -51.363 
3 16 2.422 22.483 -51.363 4.977 29.375 -62.291 2.308 30.496 -51.416 
3 16 4.977 29.375 -62.291 4.393 38.898 -60.361 2.308 30.496 -51.416 
3 16 2.308 30.496 -51.416 4.393 38.898 -60.361 2.174 38.743 -50.4 
3 16 4.393 38.898 -60.361 2.749 52.878 -55.933 2.174 38.743 -50.4 
3 16 2.174 38.743 -50.4 2.749 52.878 -55.933 2.225 47.226 -48.497 
3 16 2.225 47.226 -48.497 2.749 52.878 -55.933 2.239 53.537 -44.998 
3 16 2.235 57.47 -51.819 2.169 55.836 -45.434 2.749 52.878 -55.933 
3 16 2.098 57.646 -46.709 2.169 55.836 -45.434 2.235 57.47 -51.819 
3 16 2.099 58.278 -48.792 2.098 57.646 -46.709 2.235 57.47 -51.819 
3 16 2.169 55.836 -45.434 2.239 53.537 -44.998 2.749 52.878 -55.933 
3 16 2.749 52.878 -55.933 2.659 54.615 -55.973 2.235 57.47 -51.819 
3 16 -2.569 3.572 -23.831 -2.584 6.292 -29.809 -4.223 -4.214 -28.326 
3 16 -4.223 -4.214 -28.326 -2.584 6.292 -29.809 -3.779 -0.874 -33.871 
3 16 -3.779 -0.874 -33.871 -2.584 6.292 -29.809 -3.398 3.076 -39.518 
3 16 -2.584 6.292 -29.809 -2.564 10.4 -36.765 -3.398 3.076 -39.518 
3 16 -3.398 3.076 -39.518 -2.564 10.4 -36.765 -3.171 6.689 -43.92 
3 16 -2.564 10.4 -36.765 -2.559 15.27 -42.529 -3.171 6.689 -43.92 
3 16 -3.171 6.689 -43.92 -2.559 15.27 -42.529 -2.704 14.939 -51.719 
3 16 -2.559 15.27 -42.529 -2.299 22.351 -47.622 -2.704 14.939 -51.719 
3 16 -2.299 22.351 -47.622 -2.422 22.483 -51.363 -2.704 14.939 -51.719 
3 16 -2.704 14.939 -51.719 -2.422 22.483 -51.363 -3.658 15.434 -57.292 
3 16 -2.286 47.287 -44.998 -2.239 53.537 -44.998 -2.225 47.226 -48.497 
3 16 -4.872 15.827 -62.168 -3.658 15.434 -57.292 -5.029 22.133 -62.693 
3 16 -3.658 15.434 -57.292 -2.422 22.483 -51.363 -5.029 22.133 -62.693 
3 16 -5.029 22.133 -62.693 -2.422 22.483 -51.363 -4.977 29.375 -62.291 
3 16 -2.422 22.483 -51.363 -2.308 30.496 -51.416 -4.977 29.375 -62.291 
3 16 -4.977 29.375 -62.291 -2.308 30.496 -51.416 -4.393 38.898 -60.361 
3 16 -2.308 30.496 -51.416 -2.174 38.743 -50.4 -4.393 38.898 -60.361 
3 16 -4.393 38.898 -60.361 -2.174 38.743 -50.4 -2.749 52.878 -55.933 
3 16 -2.174 38.743 -50.4 -2.225 47.226 -48.497 -2.749 52.878 -55.933 
3 16 -2.225 47.226 -48.497 -2.239 53.537 -44.998 -2.749 52.878 -55.933 
3 16 -2.235 57.47 -51.819 -2.749 52.878 -55.933 -2.169 55.836 -45.434 
3 16 -2.098 57.646 -46.709 -2.235 57.47 -51.819 -2.169 55.836 -45.434 
3 16 -2.099 58.278 -48.792 -2.235 57.47 -51.819 -2.098 57.646 -46.709 
3 16 -2.169 55.836 -45.434 -2.749 52.878 -55.933 -2.239 53.537 -44.998 
3 16 -2.749 52.878 -55.933 -2.235 57.47 -51.819 -2.659 54.615 -55.973 
3 16 2.299 22.351 -47.622 2.422 22.483 -51.363 -2.299 22.351 -47.622 
3 16 -2.299 22.351 -47.622 2.422 22.483 -51.363 -2.422 22.483 -51.363 
3 16 -2.286 47.287 -44.998 -2.225 47.226 -48.497 2.286 47.287 -44.998 
3 16 2.286 47.287 -44.998 -2.225 47.226 -48.497 2.225 47.226 -48.497 
3 16 2.235 57.47 -51.819 2.659 54.615 -55.973 -2.235 57.47 -51.819 
3 16 2.659 54.615 -55.973 -2.659 54.615 -55.973 -2.235 57.47 -51.819 
3 16 -2.235 57.47 -51.819 -2.099 58.278 -48.792 2.235 57.47 -51.819 
3 16 2.235 57.47 -51.819 -2.099 58.278 -48.792 2.099 58.278 -48.792 
3 16 -2.099 58.278 -48.792 -2.098 57.646 -46.709 2.099 58.278 -48.792 
3 16 -2.098 57.646 -46.709 2.098 57.646 -46.709 2.099 58.278 -48.792 
3 16 -2.299 22.351 -47.622 -2.559 15.27 -42.529 2.299 22.351 -47.622 
3 16 2.299 22.351 -47.622 -2.559 15.27 -42.529 2.559 15.27 -42.529 
3 16 -2.559 15.27 -42.529 -2.564 10.4 -36.765 2.559 15.27 -42.529 
3 16 2.559 15.27 -42.529 -2.564 10.4 -36.765 2.564 10.4 -36.765 
3 16 -2.564 10.4 -36.765 -2.584 6.292 -29.809 2.564 10.4 -36.765 
3 16 2.564 10.4 -36.765 -2.584 6.292 -29.809 2.584 6.292 -29.809 
3 16 -2.584 6.292 -29.809 -2.569 3.572 -23.831 2.584 6.292 -29.809 
3 16 2.584 6.292 -29.809 -2.569 3.572 -23.831 2.569 3.572 -23.831 
3 16 -2.308 30.496 -51.416 -2.422 22.483 -51.363 2.308 30.496 -51.416 
3 16 -2.422 22.483 -51.363 2.422 22.483 -51.363 2.308 30.496 -51.416 
3 16 2.308 30.496 -51.416 2.174 38.743 -50.4 -2.308 30.496 -51.416 
3 16 -2.308 30.496 -51.416 2.174 38.743 -50.4 -2.174 38.743 -50.4 
3 16 2.174 38.743 -50.4 2.225 47.226 -48.497 -2.174 38.743 -50.4 
3 16 -2.174 38.743 -50.4 2.225 47.226 -48.497 -2.225 47.226 -48.497 
3 16 -2.239 53.537 -44.998 -2.286 47.287 -44.998 2.239 53.537 -44.998 
3 16 -2.286 47.287 -44.998 2.286 47.287 -44.998 2.239 53.537 -44.998 
3 16 -2.169 55.836 -45.434 -2.239 53.537 -44.998 2.169 55.836 -45.434 
3 16 -2.239 53.537 -44.998 2.239 53.537 -44.998 2.169 55.836 -45.434 
3 16 -2.098 57.646 -46.709 -2.169 55.836 -45.434 2.098 57.646 -46.709 
3 16 2.169 55.836 -45.434 2.098 57.646 -46.709 -2.169 55.836 -45.434 
3 16 4 5 -12.618 4 5 -5.778 4 3.625 -11.243 
3 16 4 -5 -12.036 4 -3.625 -11.243 4 -5 -5.778 
3 16 4 -5 -5.778 4 -3.625 -11.243 4 -2 -7.379 
3 16 4 -3.625 -11.243 4 -2 -10.807 4 -2 -7.379 
3 16 4 2 -10.807 4 3.625 -11.243 4 2 -7.379 
3 16 4 2 -7.379 4 3.625 -11.243 4 5 -5.778 
3 16 4 3.776 4.229 4 3.64 1.637 4 6.331 4.229 
3 16 4 6.331 4.229 4 3.64 1.637 4 7.286 2.083 
3 16 4 3.64 1.637 4 3.959 -0.024 4 7.286 2.083 
3 16 4 7.286 2.083 4 3.959 -0.024 4 7.518 -1.021 
3 16 4 7.518 -1.021 4 3.959 -0.024 4 6.483 -3.957 
3 16 4 3.959 -0.024 4 3.33 -2.163 4 6.483 -3.957 
3 16 4 6.483 -3.957 4 3.33 -2.163 4 5 -5.778 
3 16 4 3.33 -2.163 4 1.644 -3.623 4 5 -5.778 
3 16 4 5 -5.778 4 1.644 -3.623 4 2 -7.379 
3 16 4 1.644 -3.623 4 0 -4.021 4 2 -7.379 
3 16 4 2 -7.379 4 0 -4.021 4 0 -7.616 
3 16 4 0 -7.616 4 0 -4.021 4 -2 -7.379 
3 16 4 0 -4.021 4 -1.644 -3.623 4 -2 -7.379 
3 16 4 -2 -7.379 4 -1.644 -3.623 4 -5 -5.778 
3 16 4 -1.644 -3.623 4 -3.33 -2.163 4 -5 -5.778 
3 16 4 -5 -5.778 4 -3.33 -2.163 4 -6.483 -3.957 
3 16 4 -6.483 -3.957 4 -3.33 -2.163 4 -7.518 -1.021 
3 16 4 -3.33 -2.163 4 -3.959 -0.024 4 -7.518 -1.021 
3 16 4 -7.518 -1.021 4 -3.959 -0.024 4 -7.286 2.083 
3 16 4 -3.959 -0.024 4 -3.64 1.637 4 -7.286 2.083 
3 16 4 -7.286 2.083 4 -3.64 1.637 4 -6.331 4.229 
3 16 4 -3.64 1.637 4 -3.776 4.229 4 -6.331 4.229 
3 16 -4 5 -12.618 -4 3.625 -11.243 -4 5 -5.778 
3 16 -4 -5 -12.036 -4 -5 -5.778 -4 -3.625 -11.243 
3 16 -4 -5 -5.778 -4 -2 -7.379 -4 -3.625 -11.243 
3 16 -4 -3.625 -11.243 -4 -2 -7.379 -4 -2 -10.807 
3 16 -4 2 -10.807 -4 2 -7.379 -4 3.625 -11.243 
3 16 -4 2 -7.379 -4 5 -5.778 -4 3.625 -11.243 
3 16 -4 3.776 4.229 -4 6.331 4.229 -4 3.64 1.637 
3 16 -4 6.331 4.229 -4 7.286 2.083 -4 3.64 1.637 
3 16 -4 3.64 1.637 -4 7.286 2.083 -4 3.959 -0.024 
3 16 -4 7.286 2.083 -4 7.518 -1.021 -4 3.959 -0.024 
3 16 -4 7.518 -1.021 -4 6.483 -3.957 -4 3.959 -0.024 
3 16 -4 3.959 -0.024 -4 6.483 -3.957 -4 3.33 -2.163 
3 16 -4 6.483 -3.957 -4 5 -5.778 -4 3.33 -2.163 
3 16 -4 3.33 -2.163 -4 5 -5.778 -4 1.644 -3.623 
3 16 -4 5 -5.778 -4 2 -7.379 -4 1.644 -3.623 
3 16 -4 1.644 -3.623 -4 2 -7.379 -4 0 -4.021 
3 16 -4 2 -7.379 -4 0 -7.616 -4 0 -4.021 
3 16 -4 0 -7.616 -4 -2 -7.379 -4 0 -4.021 
3 16 -4 0 -4.021 -4 -2 -7.379 -4 -1.644 -3.623 
3 16 -4 -2 -7.379 -4 -5 -5.778 -4 -1.644 -3.623 
3 16 -4 -1.644 -3.623 -4 -5 -5.778 -4 -3.33 -2.163 
3 16 -4 -5 -5.778 -4 -6.483 -3.957 -4 -3.33 -2.163 
3 16 -4 -6.483 -3.957 -4 -7.518 -1.021 -4 -3.33 -2.163 
3 16 -4 -3.33 -2.163 -4 -7.518 -1.021 -4 -3.959 -0.024 
3 16 -4 -7.518 -1.021 -4 -7.286 2.083 -4 -3.959 -0.024 
3 16 -4 -3.959 -0.024 -4 -7.286 2.083 -4 -3.64 1.637 
3 16 -4 -7.286 2.083 -4 -6.331 4.229 -4 -3.64 1.637 
3 16 -4 -3.64 1.637 -4 -6.331 4.229 -4 -3.776 4.229 
3 16 4 -5 -12.036 4 -5 -5.778 -4 -5 -12.036 
3 16 -4 -5 -12.036 4 -5 -5.778 -4 -5 -5.778 
3 16 4 -6.331 4.229 4 -3.776 4.229 -4 -6.331 4.229 
3 16 -4 -6.331 4.229 4 -3.776 4.229 -4 -3.776 4.229 
3 16 4 3.776 4.229 4 6.331 4.229 -4 3.776 4.229 
3 16 -4 3.776 4.229 4 6.331 4.229 -4 6.331 4.229 
3 16 -4 5 -12.618 -4 5 -5.778 4 5 -12.618 
3 16 4 5 -12.618 -4 5 -5.778 4 5 -5.778 
3 16 -4 2 -7.379 -4 2 -10.807 4 2 -7.379 
3 16 4 2 -7.379 -4 2 -10.807 4 2 -10.807 
3 16 -4 -2 -10.807 -4 -2 -7.379 4 -2 -10.807 
3 16 4 -2 -10.807 -4 -2 -7.379 4 -2 -7.379 
3 16 4 6.483 -3.957 4 5 -5.778 -4 6.483 -3.957 
3 16 4 5 -5.778 -4 5 -5.778 -4 6.483 -3.957 
3 16 4 7.518 -1.021 4 6.483 -3.957 -4 7.518 -1.021 
3 16 4 6.483 -3.957 -4 6.483 -3.957 -4 7.518 -1.021 
3 16 4 7.286 2.083 4 7.518 -1.021 -4 7.286 2.083 
3 16 4 7.518 -1.021 -4 7.518 -1.021 -4 7.286 2.083 
3 16 4 6.331 4.229 4 7.286 2.083 -4 6.331 4.229 
3 16 4 7.286 2.083 -4 7.286 2.083 -4 6.331 4.229 
3 16 4 -3.776 4.229 4 -3.64 1.637 -4 -3.776 4.229 
3 16 -4 -3.776 4.229 4 -3.64 1.637 -4 -3.64 1.637 
3 16 4 0 -7.616 4 -2 -7.379 -4 0 -7.616 
3 16 4 -2 -7.379 -4 -2 -7.379 -4 0 -7.616 
3 16 4 2 -7.379 4 0 -7.616 -4 2 -7.379 
3 16 4 0 -7.616 -4 0 -7.616 -4 2 -7.379 
3 16 4 -7.286 2.083 4 -6.331 4.229 -4 -7.286 2.083 
3 16 4 -6.331 4.229 -4 -6.331 4.229 -4 -7.286 2.083 
3 16 4 -7.518 -1.021 4 -7.286 2.083 -4 -7.518 -1.021 
3 16 4 -7.286 2.083 -4 -7.286 2.083 -4 -7.518 -1.021 
3 16 4 -6.483 -3.957 4 -7.518 -1.021 -4 -6.483 -3.957 
3 16 4 -7.518 -1.021 -4 -7.518 -1.021 -4 -6.483 -3.957 
3 16 -4 -6.483 -3.957 -4 -5 -5.778 4 -6.483 -3.957 
3 16 -4 -5 -5.778 4 -5 -5.778 4 -6.483 -3.957 
3 16 -4 -3.959 -0.024 -4 -3.64 1.637 4 -3.959 -0.024 
3 16 -4 -3.64 1.637 4 -3.64 1.637 4 -3.959 -0.024 
3 16 -4 -3.33 -2.163 -4 -3.959 -0.024 4 -3.33 -2.163 
3 16 -4 -3.959 -0.024 4 -3.959 -0.024 4 -3.33 -2.163 
3 16 -4 -1.644 -3.623 -4 -3.33 -2.163 4 -1.644 -3.623 
3 16 -4 -3.33 -2.163 4 -3.33 -2.163 4 -1.644 -3.623 
3 16 4 -1.644 -3.623 4 0 -4.021 -4 -1.644 -3.623 
3 16 4 0 -4.021 -4 0 -4.021 -4 -1.644 -3.623 
3 16 -4 3.776 4.229 -4 3.64 1.637 4 3.776 4.229 
3 16 4 3.776 4.229 -4 3.64 1.637 4 3.64 1.637 
3 16 4 3.959 -0.024 4 3.64 1.637 -4 3.959 -0.024 
3 16 4 3.64 1.637 -4 3.64 1.637 -4 3.959 -0.024 
3 16 4 3.33 -2.163 4 3.959 -0.024 -4 3.33 -2.163 
3 16 4 3.959 -0.024 -4 3.959 -0.024 -4 3.33 -2.163 
3 16 4 1.644 -3.623 4 3.33 -2.163 -4 1.644 -3.623 
3 16 4 3.33 -2.163 -4 3.33 -2.163 -4 1.644 -3.623 
3 16 -4 1.644 -3.623 -4 0 -4.021 4 1.644 -3.623 
3 16 -4 0 -4.021 4 0 -4.021 4 1.644 -3.623 
3 16 -6.621 2.625 -12.975 -6 0 -17.521 -6.621 0 -12.271 
3 16 -6 0 -17.521 -6.621 2.625 -12.975 -6.621 4.547 -14.896 
3 16 -6 0 -17.521 -6.621 4.547 -14.896 -6.621 5.25 -17.521 
3 16 -6 0 -17.521 -6.621 5.25 -17.521 -6.621 4.547 -20.146 
3 16 -6 0 -17.521 -6.621 4.547 -20.146 -6.621 2.625 -22.068 
3 16 -6 0 -17.521 -6.621 2.625 -22.068 -6.621 0 -22.771 
3 16 -6 0 -17.521 -6.621 0 -22.771 -6.621 -2.625 -22.068 
3 16 -6 0 -17.521 -6.621 -2.625 -22.068 -6.621 -4.547 -20.146 
3 16 -6 0 -17.521 -6.621 -4.547 -20.146 -6.621 -5.25 -17.521 
3 16 -6 0 -17.521 -6.621 -5.25 -17.521 -6.621 -4.547 -14.896 
3 16 -6 0 -17.521 -6.621 -4.547 -14.896 -6.621 -2.625 -12.975 
3 16 -6 0 -17.521 -6.621 -2.625 -12.975 -6.621 0 -12.271 
3 16 -7.75 5.25 -17.521 -7.75 4.547 -20.146 -6.621 5.25 -17.521 
3 16 -6.621 5.25 -17.521 -7.75 4.547 -20.146 -6.621 4.547 -20.146 
3 16 -7.75 4.547 -14.896 -7.75 5.25 -17.521 -6.621 4.547 -14.896 
3 16 -6.621 4.547 -14.896 -7.75 5.25 -17.521 -6.621 5.25 -17.521 
3 16 -7.75 2.625 -12.975 -7.75 4.547 -14.896 -6.621 2.625 -12.975 
3 16 -6.621 2.625 -12.975 -7.75 4.547 -14.896 -6.621 4.547 -14.896 
3 16 -7.75 0 -12.271 -7.75 2.625 -12.975 -6.621 0 -12.271 
3 16 -6.621 0 -12.271 -7.75 2.625 -12.975 -6.621 2.625 -12.975 
3 16 -7.75 -2.625 -12.975 -7.75 0 -12.271 -6.621 -2.625 -12.975 
3 16 -6.621 -2.625 -12.975 -7.75 0 -12.271 -6.621 0 -12.271 
3 16 -7.75 -2.625 -12.975 -6.621 -2.625 -12.975 -6.621 -4.547 -14.896 
3 16 -7.75 -4.547 -14.896 -7.75 -2.625 -12.975 -6.621 -4.547 -14.896 
3 16 -7.75 -5.25 -17.521 -7.75 -4.547 -14.896 -6.621 -5.25 -17.521 
3 16 -6.621 -5.25 -17.521 -7.75 -4.547 -14.896 -6.621 -4.547 -14.896 
3 16 -7.75 -4.547 -20.146 -7.75 -5.25 -17.521 -6.621 -4.547 -20.146 
3 16 -6.621 -4.547 -20.146 -7.75 -5.25 -17.521 -6.621 -5.25 -17.521 
3 16 -7.75 -2.625 -22.068 -7.75 -4.547 -20.146 -6.621 -2.625 -22.068 
3 16 -6.621 -2.625 -22.068 -7.75 -4.547 -20.146 -6.621 -4.547 -20.146 
3 16 -7.75 0 -22.771 -7.75 -2.625 -22.068 -6.621 0 -22.771 
3 16 -6.621 0 -22.771 -7.75 -2.625 -22.068 -6.621 -2.625 -22.068 
3 16 -7.75 2.625 -22.068 -7.75 0 -22.771 -6.621 2.625 -22.068 
3 16 -6.621 2.625 -22.068 -7.75 0 -22.771 -6.621 0 -22.771 
3 16 -7.75 4.547 -20.146 -7.75 2.625 -22.068 -6.621 4.547 -20.146 
3 16 -6.621 4.547 -20.146 -7.75 2.625 -22.068 -6.621 2.625 -22.068 
3 16 -2.5 -7.443 -34.489 -4.694 -10.752 -33.866 -6.223 -7.596 -30.278 
3 16 -6.223 -7.596 -30.278 -4.694 -10.752 -33.866 -6.223 -11.14 -32.325 
3 16 -4.694 -10.752 -33.866 -2.5 -7.443 -34.489 -2.5 -10.003 -35.967 
3 16 -1.875 -7.467 -18.224 -1.875 -6.495 -21.271 -1.875 -17.111 -23.792 
3 16 -1.875 -17.111 -23.792 -1.875 -6.495 -21.271 -1.875 -13.986 -29.205 
3 16 -1.875 -6.495 -21.271 -1.875 -4.342 -23.637 -1.875 -13.986 -29.205 
3 16 -6.959 -12.98 -28.624 -7.69 -4.342 -23.637 -6.959 -10.918 -32.196 
3 16 -6.959 -10.918 -32.196 -7.69 -4.342 -23.637 -7.75 3.625 -23.8 
3 16 -7.75 -3.625 -11.243 -7.69 -7.467 -18.224 -6.959 -18.168 -19.639 
3 16 -6.959 -18.168 -19.639 -7.69 -7.467 -18.224 -6.959 -16.105 -23.211 
3 16 -7.69 -4.342 -23.637 -7.64 -6.495 -21.271 -7.75 -4.547 -20.146 
3 16 -7.69 -4.342 -23.637 -7.75 0 -22.771 -7.75 3.625 -23.8 
3 16 -7.69 -4.342 -23.637 -7.75 -2.625 -22.068 -7.75 0 -22.771 
3 16 -7.69 -4.342 -23.637 -7.75 -4.547 -20.146 -7.75 -2.625 -22.068 
3 16 -7.75 0 -22.771 -7.75 2.625 -22.068 -7.75 3.625 -23.8 
3 16 -7.75 3.625 -23.8 -7.75 2.625 -22.068 -7.75 6.279 -21.146 
3 16 -7.75 2.625 -22.068 -7.75 4.547 -20.146 -7.75 6.279 -21.146 
3 16 -7.75 6.279 -21.146 -7.75 4.547 -20.146 -7.75 7.25 -17.521 
3 16 -7.75 4.547 -20.146 -7.75 5.25 -17.521 -7.75 7.25 -17.521 
3 16 -7.75 7.25 -17.521 -7.75 5.25 -17.521 -7.75 6.279 -13.896 
3 16 -7.75 5.25 -17.521 -7.75 4.547 -14.896 -7.75 6.279 -13.896 
3 16 -7.75 6.279 -13.896 -7.75 4.547 -14.896 -7.75 3.625 -11.243 
3 16 -7.75 4.547 -14.896 -7.75 2.625 -12.975 -7.75 3.625 -11.243 
3 16 -7.75 3.625 -11.243 -7.75 2.625 -12.975 -7.75 0 -10.271 
3 16 -7.75 2.625 -12.975 -7.75 0 -12.271 -7.75 0 -10.271 
3 16 -7.75 0 -10.271 -7.75 0 -12.271 -7.75 -3.625 -11.243 
3 16 -7.75 0 -12.271 -7.75 -2.625 -12.975 -7.75 -3.625 -11.243 
3 16 -7.75 -2.625 -12.975 -7.75 -4.547 -14.896 -7.75 -3.625 -11.243 
3 16 -7.75 -4.547 -14.896 -7.69 -7.467 -18.224 -7.75 -3.625 -11.243 
3 16 -7.75 -4.547 -14.896 -7.75 -5.25 -17.521 -7.69 -7.467 -18.224 
3 16 -7.64 -6.495 -21.271 -7.69 -7.467 -18.224 -7.75 -4.547 -20.146 
3 16 -7.75 -4.547 -20.146 -7.69 -7.467 -18.224 -7.75 -5.25 -17.521 
3 16 -6.959 -10.918 -32.196 -6.223 -11.14 -32.325 -6.959 -12.98 -28.624 
3 16 -6.959 -12.98 -28.624 -6.223 -11.14 -32.325 -4.694 -13.579 -28.969 
3 16 -6.223 -11.14 -32.325 -4.694 -10.752 -33.866 -4.694 -13.579 -28.969 
3 16 -4.694 -13.579 -28.969 -4.694 -10.752 -33.866 -1.875 -13.986 -29.205 
3 16 -4.694 -10.752 -33.866 -2.5 -10.003 -35.967 -1.875 -13.986 -29.205 
3 16 0 -19.25 -20.264 -1.875 -13.986 -29.205 0 -8.889 -38.21 
3 16 -2.5 -8.753 -38.132 0 -8.889 -38.21 -2.5 -10.003 -35.967 
3 16 0 -8.889 -38.21 -1.875 -13.986 -29.205 -2.5 -10.003 -35.967 
3 16 -1.875 -13.986 -29.205 0 -19.25 -20.264 -1.875 -17.111 -23.792 
3 16 0 -19.25 -20.264 -2.364 -19.129 -20.194 -1.875 -17.111 -23.792 
3 16 -2.364 -19.129 -20.194 -4.694 -16.704 -23.557 -1.875 -17.111 -23.792 
3 16 -4.694 -18.766 -19.984 -4.694 -16.704 -23.557 -2.364 -19.129 -20.194 
3 16 -6.959 -18.168 -19.639 -6.959 -16.105 -23.211 -4.694 -18.766 -19.984 
3 16 -6.959 -16.105 -23.211 -4.694 -16.704 -23.557 -4.694 -18.766 -19.984 
3 16 -2.5 -8.753 -38.132 -2.5 -10.003 -35.967 -2.5 -5.972 -36.526 
3 16 -2.5 -10.003 -35.967 -2.5 -7.443 -34.489 -2.5 -5.972 -36.526 
3 16 2.5 -7.443 -34.489 6.223 -7.596 -30.278 4.694 -10.752 -33.866 
3 16 6.223 -7.596 -30.278 6.223 -11.14 -32.325 4.694 -10.752 -33.866 
3 16 4.694 -10.752 -33.866 2.5 -10.003 -35.967 2.5 -7.443 -34.489 
3 16 1.875 -7.467 -18.224 1.875 -17.111 -23.792 1.875 -6.495 -21.271 
3 16 1.875 -17.111 -23.792 1.875 -13.986 -29.205 1.875 -6.495 -21.271 
3 16 1.875 -6.495 -21.271 1.875 -13.986 -29.205 1.875 -4.342 -23.637 
3 16 6.959 -12.98 -28.624 6.959 -10.918 -32.196 7.69 -4.342 -23.637 
3 16 6.959 -10.918 -32.196 7.75 3.625 -23.8 7.69 -4.342 -23.637 
3 16 7.75 -3.625 -11.243 6.959 -18.168 -19.639 7.69 -7.467 -18.224 
3 16 6.959 -18.168 -19.639 6.959 -16.105 -23.211 7.69 -7.467 -18.224 
3 16 7.69 -4.342 -23.637 7.75 -3.248 -19.396 7.64 -6.495 -21.271 
3 16 7.69 -4.342 -23.637 7.75 3.625 -23.8 7.75 0 -21.271 
3 16 7.69 -4.342 -23.637 7.75 0 -21.271 7.75 -1.875 -20.769 
3 16 7.69 -4.342 -23.637 7.75 -1.875 -20.769 7.75 -3.248 -19.396 
3 16 7.75 0 -21.271 7.75 3.625 -23.8 7.75 1.875 -20.769 
3 16 7.75 3.625 -23.8 7.75 6.279 -21.146 7.75 1.875 -20.769 
3 16 7.75 1.875 -20.769 7.75 6.279 -21.146 7.75 3.248 -19.396 
3 16 7.75 6.279 -21.146 7.75 7.25 -17.521 7.75 3.248 -19.396 
3 16 7.75 3.248 -19.396 7.75 7.25 -17.521 7.75 3.75 -17.521 
3 16 7.75 7.25 -17.521 7.75 6.279 -13.896 7.75 3.75 -17.521 
3 16 7.75 3.75 -17.521 7.75 6.279 -13.896 7.75 3.248 -15.646 
3 16 7.75 6.279 -13.896 7.75 3.625 -11.243 7.75 3.248 -15.646 
3 16 7.75 3.248 -15.646 7.75 3.625 -11.243 7.75 1.875 -14.274 
3 16 7.75 3.625 -11.243 7.75 0 -10.271 7.75 1.875 -14.274 
3 16 7.75 1.875 -14.274 7.75 0 -10.271 7.75 0 -13.771 
3 16 7.75 0 -10.271 7.75 -3.625 -11.243 7.75 0 -13.771 
3 16 7.75 0 -13.771 7.75 -3.625 -11.243 7.75 -1.875 -14.274 
3 16 7.75 -1.875 -14.274 7.75 -3.625 -11.243 7.75 -3.248 -15.646 
3 16 7.75 -3.248 -15.646 7.75 -3.625 -11.243 7.69 -7.467 -18.224 
3 16 7.75 -3.248 -15.646 7.69 -7.467 -18.224 7.75 -3.75 -17.521 
3 16 7.64 -6.495 -21.271 7.75 -3.248 -19.396 7.69 -7.467 -18.224 
3 16 7.75 -3.248 -19.396 7.75 -3.75 -17.521 7.69 -7.467 -18.224 
3 16 6.959 -10.918 -32.196 6.959 -12.98 -28.624 6.223 -11.14 -32.325 
3 16 6.959 -12.98 -28.624 4.694 -13.579 -28.969 6.223 -11.14 -32.325 
3 16 6.223 -11.14 -32.325 4.694 -13.579 -28.969 4.694 -10.752 -33.866 
3 16 4.694 -13.579 -28.969 1.875 -13.986 -29.205 4.694 -10.752 -33.866 
3 16 4.694 -10.752 -33.866 1.875 -13.986 -29.205 2.5 -10.003 -35.967 
3 16 0 -19.25 -20.264 0 -8.889 -38.21 1.875 -13.986 -29.205 
3 16 2.5 -8.753 -38.132 2.5 -10.003 -35.967 0 -8.889 -38.21 
3 16 0 -8.889 -38.21 2.5 -10.003 -35.967 1.875 -13.986 -29.205 
3 16 1.875 -13.986 -29.205 1.875 -17.111 -23.792 0 -19.25 -20.264 
3 16 0 -19.25 -20.264 1.875 -17.111 -23.792 2.364 -19.129 -20.194 
3 16 2.364 -19.129 -20.194 1.875 -17.111 -23.792 4.694 -16.704 -23.557 
3 16 4.694 -18.766 -19.984 2.364 -19.129 -20.194 4.694 -16.704 -23.557 
3 16 6.959 -18.168 -19.639 4.694 -18.766 -19.984 6.959 -16.105 -23.211 
3 16 6.959 -16.105 -23.211 4.694 -18.766 -19.984 4.694 -16.704 -23.557 
3 16 2.5 -8.753 -38.132 2.5 -5.972 -36.526 2.5 -10.003 -35.967 
3 16 2.5 -10.003 -35.967 2.5 -5.972 -36.526 2.5 -7.443 -34.489 
3 16 6.959 -12.98 -28.624 7.69 -4.342 -23.637 4.694 -13.579 -28.969 
3 16 1.875 -13.986 -29.205 4.694 -13.579 -28.969 7.69 -4.342 -23.637 
3 16 -1.875 -13.986 -29.205 1.875 -13.986 -29.205 7.69 -4.342 -23.637 
3 16 -1.875 -13.986 -29.205 7.69 -4.342 -23.637 -7.69 -4.342 -23.637 
3 16 -1.875 -13.986 -29.205 -7.69 -4.342 -23.637 -4.694 -13.579 -28.969 
3 16 -7.69 -4.342 -23.637 -6.959 -12.98 -28.624 -4.694 -13.579 -28.969 
3 16 -7.69 -7.467 -18.224 -7.64 -6.495 -21.271 7.69 -7.467 -18.224 
3 16 7.69 -7.467 -18.224 -7.64 -6.495 -21.271 7.64 -6.495 -21.271 
3 16 -7.64 -6.495 -21.271 -7.69 -4.342 -23.637 7.64 -6.495 -21.271 
3 16 7.64 -6.495 -21.271 -7.69 -4.342 -23.637 7.69 -4.342 -23.637 
3 16 1.875 -17.111 -23.792 -7.69 -7.467 -18.224 7.69 -7.467 -18.224 
3 16 7.69 -7.467 -18.224 6.959 -16.105 -23.211 4.694 -16.704 -23.557 
3 16 7.69 -7.467 -18.224 4.694 -16.704 -23.557 1.875 -17.111 -23.792 
3 16 1.875 -17.111 -23.792 -1.875 -17.111 -23.792 -7.69 -7.467 -18.224 
3 16 -1.875 -17.111 -23.792 -4.694 -16.704 -23.557 -7.69 -7.467 -18.224 
3 16 -4.694 -16.704 -23.557 -6.959 -16.105 -23.211 -7.69 -7.467 -18.224 
3 16 -6.959 -10.918 -32.196 -7.75 3.625 -23.8 -6.223 -11.14 -32.325 
3 16 6.223 -11.14 -32.325 -6.223 -11.14 -32.325 -7.75 3.625 -23.8 
3 16 6.959 -10.918 -32.196 6.223 -11.14 -32.325 7.75 3.625 -23.8 
3 16 -7.75 3.625 -23.8 7.75 3.625 -23.8 6.223 -11.14 -32.325 
3 16 6.959 -18.168 -19.639 7.75 -3.625 -11.243 4.694 -18.766 -19.984 
3 16 2.364 -19.129 -20.194 4.694 -18.766 -19.984 7.75 -3.625 -11.243 
3 16 0 -19.25 -20.264 2.364 -19.129 -20.194 7.75 -3.625 -11.243 
3 16 0 -19.25 -20.264 7.75 -3.625 -11.243 -7.75 -3.625 -11.243 
3 16 0 -19.25 -20.264 -7.75 -3.625 -11.243 -2.364 -19.129 -20.194 
3 16 -2.364 -19.129 -20.194 -7.75 -3.625 -11.243 -4.694 -18.766 -19.984 
3 16 -7.75 -3.625 -11.243 -6.959 -18.168 -19.639 -4.694 -18.766 -19.984 
3 16 7.75 -3.625 -11.243 7.75 0 -10.271 -7.75 -3.625 -11.243 
3 16 -7.75 -3.625 -11.243 7.75 0 -10.271 -7.75 0 -10.271 
3 16 7.75 7.25 -17.521 7.75 6.279 -21.146 -7.75 7.25 -17.521 
3 16 7.75 6.279 -21.146 -7.75 6.279 -21.146 -7.75 7.25 -17.521 
3 16 7.75 6.279 -13.896 7.75 7.25 -17.521 -7.75 6.279 -13.896 
3 16 7.75 7.25 -17.521 -7.75 7.25 -17.521 -7.75 6.279 -13.896 
3 16 -7.75 3.625 -23.8 -7.75 6.279 -21.146 7.75 3.625 -23.8 
3 16 7.75 3.625 -23.8 -7.75 6.279 -21.146 7.75 6.279 -21.146 
3 16 -7.75 3.625 -11.243 -7.75 0 -10.271 7.75 3.625 -11.243 
3 16 -7.75 0 -10.271 7.75 0 -10.271 7.75 3.625 -11.243 
3 16 7.75 3.625 -11.243 7.75 6.279 -13.896 -7.75 3.625 -11.243 
3 16 7.75 6.279 -13.896 -7.75 6.279 -13.896 -7.75 3.625 -11.243 
3 16 -2.5 -8.753 -38.132 -2.5 -5.972 -36.526 0 -8.889 -38.21 
3 16 0 -8.889 -38.21 -2.5 -5.972 -36.526 2.5 -5.972 -36.526 
3 16 2.5 -5.972 -36.526 2.5 -8.753 -38.132 0 -8.889 -38.21 
3 16 0 3.248 -15.646 0 1.875 -14.274 0 0 -17.521 
3 16 0 1.875 -14.274 0 0 -13.771 0 0 -17.521 
3 16 0 0 -13.771 0 -1.875 -14.274 0 0 -17.521 
3 16 0 -1.875 -14.274 0 -3.248 -15.646 0 0 -17.521 
3 16 0 -3.248 -15.646 0 -3.75 -17.521 0 0 -17.521 
3 16 0 -3.75 -17.521 0 -3.248 -19.396 0 0 -17.521 
3 16 0 -3.248 -19.396 0 -1.875 -20.769 0 0 -17.521 
3 16 0 -1.875 -20.769 0 0 -21.271 0 0 -17.521 
3 16 0 0 -21.271 0 1.875 -20.769 0 0 -17.521 
3 16 0 1.875 -20.769 0 3.248 -19.396 0 0 -17.521 
3 16 0 3.248 -19.396 0 3.75 -17.521 0 0 -17.521 
3 16 0 3.75 -17.521 0 3.248 -15.646 0 0 -17.521 
3 16 0 1.875 -20.769 0 0 -21.271 7.75 1.875 -20.769 
3 16 7.75 1.875 -20.769 0 0 -21.271 7.75 0 -21.271 
3 16 7.75 -1.875 -20.769 7.75 0 -21.271 0 -1.875 -20.769 
3 16 7.75 0 -21.271 0 0 -21.271 0 -1.875 -20.769 
3 16 7.75 -3.248 -19.396 7.75 -1.875 -20.769 0 -3.248 -19.396 
3 16 7.75 -1.875 -20.769 0 -1.875 -20.769 0 -3.248 -19.396 
3 16 7.75 -3.75 -17.521 7.75 -3.248 -19.396 0 -3.75 -17.521 
3 16 7.75 -3.248 -19.396 0 -3.248 -19.396 0 -3.75 -17.521 
3 16 7.75 -3.248 -15.646 7.75 -3.75 -17.521 0 -3.248 -15.646 
3 16 7.75 -3.75 -17.521 0 -3.75 -17.521 0 -3.248 -15.646 
3 16 0 -3.248 -15.646 0 -1.875 -14.274 7.75 -3.248 -15.646 
3 16 0 -1.875 -14.274 7.75 -1.875 -14.274 7.75 -3.248 -15.646 
3 16 0 3.248 -19.396 0 1.875 -20.769 7.75 3.248 -19.396 
3 16 0 1.875 -20.769 7.75 1.875 -20.769 7.75 3.248 -19.396 
3 16 0 3.75 -17.521 0 3.248 -19.396 7.75 3.75 -17.521 
3 16 0 3.248 -19.396 7.75 3.248 -19.396 7.75 3.75 -17.521 
3 16 7.75 3.75 -17.521 7.75 3.248 -15.646 0 3.75 -17.521 
3 16 0 3.75 -17.521 7.75 3.248 -15.646 0 3.248 -15.646 
3 16 7.75 3.248 -15.646 7.75 1.875 -14.274 0 3.248 -15.646 
3 16 0 3.248 -15.646 7.75 1.875 -14.274 0 1.875 -14.274 
3 16 7.75 1.875 -14.274 7.75 0 -13.771 0 1.875 -14.274 
3 16 0 1.875 -14.274 7.75 0 -13.771 0 0 -13.771 
3 16 7.75 0 -13.771 7.75 -1.875 -14.274 0 0 -13.771 
3 16 0 0 -13.771 7.75 -1.875 -14.274 0 -1.875 -14.274 
3 16 0 -8.777 -14.217 -2.5 -9.357 -14.552 0 -10.277 -11.619 
3 16 -2.5 -9.357 -14.552 -2.5 -10.857 -11.954 0 -10.277 -11.619 
3 16 -2.5 -9.357 -14.552 -4.33 -10.942 -15.467 -2.5 -10.857 -11.954 
3 16 -4.33 -10.942 -15.467 -4.33 -12.442 -12.869 -2.5 -10.857 -11.954 
3 16 -4.33 -10.942 -15.467 -5 -13.107 -16.717 -4.33 -12.442 -12.869 
3 16 -5 -13.107 -16.717 -5 -14.607 -14.119 -4.33 -12.442 -12.869 
3 16 -5 -13.107 -16.717 -4.33 -15.272 -17.967 -5 -14.607 -14.119 
3 16 -4.33 -15.272 -17.967 -4.33 -16.772 -15.369 -5 -14.607 -14.119 
3 16 -4.33 -15.272 -17.967 -2.5 -16.857 -18.882 -4.33 -16.772 -15.369 
3 16 -2.5 -16.857 -18.882 -2.5 -18.357 -16.284 -4.33 -16.772 -15.369 
3 16 -2.5 -16.857 -18.882 0 -17.437 -19.217 -2.5 -18.357 -16.284 
3 16 0 -17.437 -19.217 0 -18.937 -16.619 -2.5 -18.357 -16.284 
3 16 0 -10.277 -11.619 -2.5 -10.857 -11.954 0 -13.215 -9.562 
3 16 -2.5 -10.857 -11.954 -1.742 -13.619 -9.796 0 -13.215 -9.562 
3 16 -2.5 -10.857 -11.954 -4.33 -12.442 -12.869 -1.742 -13.619 -9.796 
3 16 -4.33 -12.442 -12.869 -3.018 -14.724 -10.433 -1.742 -13.619 -9.796 
3 16 -4.33 -12.442 -12.869 -5 -14.607 -14.119 -3.018 -14.724 -10.433 
3 16 -5 -14.607 -14.119 -3.484 -16.232 -11.305 -3.018 -14.724 -10.433 
3 16 -5 -14.607 -14.119 -4.33 -16.772 -15.369 -3.484 -16.232 -11.305 
3 16 -4.33 -16.772 -15.369 -3.018 -17.741 -12.176 -3.484 -16.232 -11.305 
3 16 -4.33 -16.772 -15.369 -2.5 -18.357 -16.284 -3.018 -17.741 -12.176 
3 16 -2.5 -18.357 -16.284 -1.742 -18.846 -12.813 -3.018 -17.741 -12.176 
3 16 -2.5 -18.357 -16.284 0 -18.937 -16.619 -1.742 -18.846 -12.813 
3 16 0 -18.937 -16.619 0 -19.25 -13.047 -1.742 -18.846 -12.813 
3 16 2.5 -9.357 -14.552 0 -8.777 -14.217 2.5 -10.857 -11.954 
3 16 2.5 -10.857 -11.954 0 -8.777 -14.217 0 -10.277 -11.619 
3 16 4.33 -10.942 -15.467 2.5 -9.357 -14.552 4.33 -12.442 -12.869 
3 16 4.33 -12.442 -12.869 2.5 -9.357 -14.552 2.5 -10.857 -11.954 
3 16 5 -13.107 -16.717 4.33 -10.942 -15.467 5 -14.607 -14.119 
3 16 5 -14.607 -14.119 4.33 -10.942 -15.467 4.33 -12.442 -12.869 
3 16 4.33 -15.272 -17.967 5 -13.107 -16.717 4.33 -16.772 -15.369 
3 16 4.33 -16.772 -15.369 5 -13.107 -16.717 5 -14.607 -14.119 
3 16 2.5 -16.857 -18.882 4.33 -15.272 -17.967 2.5 -18.357 -16.284 
3 16 2.5 -18.357 -16.284 4.33 -15.272 -17.967 4.33 -16.772 -15.369 
3 16 0 -17.437 -19.217 2.5 -16.857 -18.882 0 -18.937 -16.619 
3 16 0 -18.937 -16.619 2.5 -16.857 -18.882 2.5 -18.357 -16.284 
3 16 2.5 -10.857 -11.954 0 -10.277 -11.619 1.742 -13.619 -9.796 
3 16 1.742 -13.619 -9.796 0 -10.277 -11.619 0 -13.215 -9.562 
3 16 4.33 -12.442 -12.869 2.5 -10.857 -11.954 3.018 -14.724 -10.433 
3 16 3.018 -14.724 -10.433 2.5 -10.857 -11.954 1.742 -13.619 -9.796 
3 16 5 -14.607 -14.119 4.33 -12.442 -12.869 3.484 -16.232 -11.305 
3 16 3.484 -16.232 -11.305 4.33 -12.442 -12.869 3.018 -14.724 -10.433 
3 16 4.33 -16.772 -15.369 5 -14.607 -14.119 3.018 -17.741 -12.176 
3 16 3.018 -17.741 -12.176 5 -14.607 -14.119 3.484 -16.232 -11.305 
3 16 2.5 -18.357 -16.284 4.33 -16.772 -15.369 1.742 -18.846 -12.813 
3 16 1.742 -18.846 -12.813 4.33 -16.772 -15.369 3.018 -17.741 -12.176 
3 16 0 -18.937 -16.619 2.5 -18.357 -16.284 0 -19.25 -13.047 
3 16 0 -19.25 -13.047 2.5 -18.357 -16.284 1.742 -18.846 -12.813 
3 16 1.742 -18.846 -12.813 0 -16.232 -11.305 0 -19.25 -13.047 
3 16 0 -13.215 -9.562 -1.742 -13.619 -9.796 0 -16.232 -11.305 
3 16 0 -16.232 -11.305 -1.742 -13.619 -9.796 -3.018 -14.724 -10.433 
3 16 0 -16.232 -11.305 -3.018 -14.724 -10.433 -3.484 -16.232 -11.305 
3 16 0 -16.232 -11.305 -3.484 -16.232 -11.305 -3.018 -17.741 -12.176 
3 16 0 -16.232 -11.305 -3.018 -17.741 -12.176 -1.742 -18.846 -12.813 
3 16 0 -16.232 -11.305 -1.742 -18.846 -12.813 0 -19.25 -13.047 
3 16 3.018 -17.741 -12.176 0 -16.232 -11.305 1.742 -18.846 -12.813 
3 16 3.484 -16.232 -11.305 0 -16.232 -11.305 3.018 -17.741 -12.176 
3 16 3.018 -14.724 -10.433 0 -16.232 -11.305 3.484 -16.232 -11.305 
3 16 1.742 -13.619 -9.796 0 -16.232 -11.305 3.018 -14.724 -10.433 
3 16 0 -13.215 -9.562 0 -16.232 -11.305 1.742 -13.619 -9.796 
3 16 0.75 -2 -10.807 0.75 0 -10.271 0.75 -2 -7.379 
3 16 0.75 -2 -7.379 0.75 0 -10.271 0.75 0 -7.616 
3 16 0.75 0 -10.271 0.75 2 -10.807 0.75 0 -7.616 
3 16 0.75 0 -7.616 0.75 2 -10.807 0.75 2 -7.379 
3 16 -3 -2 -10.807 -3 -2 -7.379 -3 0 -10.271 
3 16 -3 -2 -7.379 -3 0 -7.616 -3 0 -10.271 
3 16 -3 0 -10.271 -3 0 -7.616 -3 2 -10.807 
3 16 -3 0 -7.616 -3 2 -7.379 -3 2 -10.807 
3 16 0 5.226 -68.747 2.412 5.354 -68.745 0 8.79 -63.514 
3 16 2.412 5.354 -68.745 3.978 9.491 -64.259 0 8.79 -63.514 
3 16 0 -7.353 -37.324 0 -2.793 -43.113 2.5 -5.972 -36.526 
3 16 6.994 -7.206 -30.053 6.223 -7.596 -30.278 5.712 -1.301 -39.063 
3 16 6.223 -7.596 -30.278 2.5 -7.443 -34.489 5.712 -1.301 -39.063 
3 16 2.5 -7.443 -34.489 2.5 -5.972 -36.526 5.712 -1.301 -39.063 
3 16 2.5 -5.972 -36.526 0 -2.793 -43.113 5.712 -1.301 -39.063 
3 16 5.712 -1.301 -39.063 0 -2.793 -43.113 4.792 4.062 -45.824 
3 16 0 -2.793 -43.113 0 2.198 -48.498 4.792 4.062 -45.824 
3 16 4.792 4.062 -45.824 0 2.198 -48.498 4.516 8.702 -51.195 
3 16 0 2.198 -48.498 0 6.53 -52.621 4.516 8.702 -51.195 
3 16 4.516 8.702 -51.195 0 6.53 -52.621 4.691 9.868 -54.849 
3 16 0 6.53 -52.621 0 8.592 -55.515 4.691 9.868 -54.849 
3 16 4.691 9.868 -54.849 0 8.592 -55.515 4.557 10.264 -61.64 
3 16 4.557 10.264 -61.64 0 8.592 -55.515 0 8.79 -63.514 
3 16 4.557 10.264 -61.64 0 8.79 -63.514 3.978 9.491 -64.259 
3 16 2.659 54.615 -55.973 2.749 52.878 -55.933 2.695 47.929 -61.878 
3 16 2.749 52.878 -55.933 4.393 38.898 -60.361 2.695 47.929 -61.878 
3 16 2.695 47.929 -61.878 4.393 38.898 -60.361 2.721 38.169 -66.513 
3 16 3.978 9.491 -64.259 2.412 5.354 -68.745 4.872 15.827 -62.168 
3 16 4.393 38.898 -60.361 4.977 29.375 -62.291 2.721 38.169 -66.513 
3 16 2.721 38.169 -66.513 4.977 29.375 -62.291 2.749 26.013 -68.706 
3 16 4.977 29.375 -62.291 5.029 22.133 -62.693 2.749 26.013 -68.706 
3 16 4.872 15.827 -62.168 2.412 5.354 -68.745 2.749 26.013 -68.706 
3 16 2.749 26.013 -68.706 5.029 22.133 -62.693 4.872 15.827 -62.168 
3 16 3.978 9.491 -64.259 4.872 15.827 -62.168 4.557 10.264 -61.64 
3 16 4.872 15.827 -62.168 5.266 15.434 -57.291 4.557 10.264 -61.64 
3 16 4.557 10.264 -61.64 5.266 15.434 -57.291 4.691 9.868 -54.849 
3 16 5.266 15.434 -57.291 4.917 14.939 -51.719 4.691 9.868 -54.849 
3 16 4.691 9.868 -54.849 4.917 14.939 -51.719 4.516 8.702 -51.195 
3 16 4.516 8.702 -51.195 4.917 14.939 -51.719 4.853 6.688 -43.92 
3 16 4.516 8.702 -51.195 4.853 6.688 -43.92 4.792 4.062 -45.824 
3 16 6.918 -4.214 -28.326 6.994 -7.206 -30.053 6.294 -0.785 -34.008 
3 16 6.294 -0.785 -34.008 6.994 -7.206 -30.053 5.712 -1.301 -39.063 
3 16 6.294 -0.785 -34.008 5.712 -1.301 -39.063 5.431 3.175 -39.648 
3 16 5.712 -1.301 -39.063 4.792 4.062 -45.824 5.431 3.175 -39.648 
3 16 5.431 3.175 -39.648 4.792 4.062 -45.824 4.853 6.688 -43.92 
3 16 4.872 15.827 -62.168 -5.266 15.434 -57.291 5.266 15.434 -57.291 
3 16 -5.266 15.434 -57.291 -4.917 14.939 -51.719 5.266 15.434 -57.291 
3 16 -4.917 14.939 -51.719 4.917 14.939 -51.719 5.266 15.434 -57.291 
3 16 6.918 -4.214 -28.326 6.294 -0.785 -34.008 4.223 -4.214 -28.326 
3 16 -4.223 -4.214 -28.326 4.223 -4.214 -28.326 6.294 -0.785 -34.008 
3 16 6.294 -0.785 -34.008 5.431 3.175 -39.648 -6.294 -0.785 -34.008 
3 16 -6.294 -0.785 -34.008 5.431 3.175 -39.648 -5.431 3.175 -39.648 
3 16 -4.917 14.939 -51.719 -4.853 6.688 -43.92 4.917 14.939 -51.719 
3 16 4.917 14.939 -51.719 -4.853 6.688 -43.92 4.853 6.688 -43.92 
3 16 -4.853 6.688 -43.92 -5.431 3.175 -39.648 4.853 6.688 -43.92 
3 16 5.431 3.175 -39.648 4.853 6.688 -43.92 -5.431 3.175 -39.648 
3 16 0 5.226 -68.747 0 8.79 -63.514 -2.412 5.354 -68.745 
3 16 -2.412 5.354 -68.745 0 8.79 -63.514 -3.978 9.491 -64.259 
3 16 0 -7.353 -37.324 -2.5 -5.972 -36.526 0 -2.793 -43.113 
3 16 -6.994 -7.206 -30.053 -5.712 -1.301 -39.063 -6.223 -7.596 -30.278 
3 16 -6.223 -7.596 -30.278 -5.712 -1.301 -39.063 -2.5 -7.443 -34.489 
3 16 -2.5 -7.443 -34.489 -5.712 -1.301 -39.063 -2.5 -5.972 -36.526 
3 16 -2.5 -5.972 -36.526 -5.712 -1.301 -39.063 0 -2.793 -43.113 
3 16 -5.712 -1.301 -39.063 -4.792 4.062 -45.824 0 -2.793 -43.113 
3 16 0 -2.793 -43.113 -4.792 4.062 -45.824 0 2.198 -48.498 
3 16 -4.792 4.062 -45.824 -4.516 8.702 -51.195 0 2.198 -48.498 
3 16 0 2.198 -48.498 -4.516 8.702 -51.195 0 6.53 -52.621 
3 16 -4.516 8.702 -51.195 -4.691 9.868 -54.849 0 6.53 -52.621 
3 16 0 6.53 -52.621 -4.691 9.868 -54.849 0 8.592 -55.515 
3 16 -4.691 9.868 -54.849 -4.557 10.264 -61.64 0 8.592 -55.515 
3 16 -4.557 10.264 -61.64 0 8.79 -63.514 0 8.592 -55.515 
3 16 -4.557 10.264 -61.64 -3.978 9.491 -64.259 0 8.79 -63.514 
3 16 -2.659 54.615 -55.973 -2.695 47.929 -61.878 -2.749 52.878 -55.933 
3 16 -2.749 52.878 -55.933 -2.695 47.929 -61.878 -4.393 38.898 -60.361 
3 16 -2.695 47.929 -61.878 -2.721 38.169 -66.513 -4.393 38.898 -60.361 
3 16 -3.978 9.491 -64.259 -4.872 15.827 -62.168 -2.412 5.354 -68.745 
3 16 -4.393 38.898 -60.361 -2.721 38.169 -66.513 -4.977 29.375 -62.291 
3 16 -2.721 38.169 -66.513 -2.749 26.013 -68.706 -4.977 29.375 -62.291 
3 16 -4.977 29.375 -62.291 -2.749 26.013 -68.706 -5.029 22.133 -62.693 
3 16 -4.872 15.827 -62.168 -2.749 26.013 -68.706 -2.412 5.354 -68.745 
3 16 -2.749 26.013 -68.706 -4.872 15.827 -62.168 -5.029 22.133 -62.693 
3 16 -3.978 9.491 -64.259 -4.557 10.264 -61.64 -4.872 15.827 -62.168 
3 16 -4.872 15.827 -62.168 -4.557 10.264 -61.64 -5.266 15.434 -57.291 
3 16 -4.557 10.264 -61.64 -4.691 9.868 -54.849 -5.266 15.434 -57.291 
3 16 -5.266 15.434 -57.291 -4.691 9.868 -54.849 -4.917 14.939 -51.719 
3 16 -4.691 9.868 -54.849 -4.516 8.702 -51.195 -4.917 14.939 -51.719 
3 16 -4.516 8.702 -51.195 -4.853 6.688 -43.92 -4.917 14.939 -51.719 
3 16 -4.516 8.702 -51.195 -4.792 4.062 -45.824 -4.853 6.688 -43.92 
3 16 -6.918 -4.214 -28.326 -6.294 -0.785 -34.008 -6.994 -7.206 -30.053 
3 16 -6.294 -0.785 -34.008 -5.712 -1.301 -39.063 -6.994 -7.206 -30.053 
3 16 -6.294 -0.785 -34.008 -5.431 3.175 -39.648 -5.712 -1.301 -39.063 
3 16 -5.712 -1.301 -39.063 -5.431 3.175 -39.648 -4.792 4.062 -45.824 
3 16 -5.431 3.175 -39.648 -4.853 6.688 -43.92 -4.792 4.062 -45.824 
3 16 -6.918 -4.214 -28.326 -4.223 -4.214 -28.326 -6.294 -0.785 -34.008 
3 16 -6.918 -4.214 -28.326 -6.994 -7.206 -30.053 -4.223 -4.214 -28.326 
3 16 -6.994 -7.206 -30.053 -6.223 -7.596 -30.278 -4.223 -4.214 -28.326 
3 16 -6.223 -7.596 -30.278 -2.5 -7.443 -34.489 -4.223 -4.214 -28.326 
3 16 -2.5 -7.443 -34.489 -2.5 -5.972 -36.526 -4.223 -4.214 -28.326 
3 16 6.918 -4.214 -28.326 4.223 -4.214 -28.326 6.994 -7.206 -30.053 
3 16 6.994 -7.206 -30.053 4.223 -4.214 -28.326 6.223 -7.596 -30.278 
3 16 6.223 -7.596 -30.278 4.223 -4.214 -28.326 2.5 -7.443 -34.489 
3 16 2.5 -7.443 -34.489 4.223 -4.214 -28.326 2.5 -5.972 -36.526 
3 16 -4.223 -4.214 -28.326 -2.5 -5.972 -36.526 4.223 -4.214 -28.326 
3 16 4.223 -4.214 -28.326 -2.5 -5.972 -36.526 2.5 -5.972 -36.526 
3 16 -2.5 -5.972 -36.526 0 -7.353 -37.324 2.5 -5.972 -36.526 
3 16 2.412 5.354 -68.745 0 5.226 -68.747 2.749 26.013 -68.706 
3 16 2.749 26.013 -68.706 0 5.226 -68.747 -2.749 26.013 -68.706 
3 16 0 5.226 -68.747 -2.412 5.354 -68.745 -2.749 26.013 -68.706 
3 16 2.721 38.169 -66.513 2.749 26.013 -68.706 -2.721 38.169 -66.513 
3 16 2.749 26.013 -68.706 -2.749 26.013 -68.706 -2.721 38.169 -66.513 
3 16 -2.721 38.169 -66.513 -2.695 47.929 -61.878 2.721 38.169 -66.513 
3 16 2.721 38.169 -66.513 -2.695 47.929 -61.878 2.695 47.929 -61.878 
3 16 -2.695 47.929 -61.878 -2.659 54.615 -55.973 2.695 47.929 -61.878 
3 16 -2.659 54.615 -55.973 2.659 54.615 -55.973 2.695 47.929 -61.878 
3 16 -5.266 15.434 -57.291 4.872 15.827 -62.168 -4.872 15.827 -62.168 
3 16 -4.223 -4.214 -28.326 6.294 -0.785 -34.008 -6.294 -0.785 -34.008 
2 24 2.569 3.572 -23.831 4.223 -4.214 -28.326 
2 24 2.584 6.292 -29.809 2.569 3.572 -23.831 
2 24 4.223 -4.214 -28.326 3.779 -0.874 -33.871 
2 24 3.779 -0.874 -33.871 3.398 3.076 -39.518 
2 24 2.564 10.4 -36.765 2.584 6.292 -29.809 
2 24 3.398 3.076 -39.518 3.171 6.689 -43.92 
2 24 2.559 15.27 -42.529 2.564 10.4 -36.765 
2 24 3.171 6.689 -43.92 2.704 14.939 -51.719 
2 24 2.299 22.351 -47.622 2.559 15.27 -42.529 
2 24 2.422 22.483 -51.363 2.299 22.351 -47.622 
2 24 2.704 14.939 -51.719 3.658 15.434 -57.292 
2 24 2.286 47.287 -44.998 2.225 47.226 -48.497 
2 24 2.239 53.537 -44.998 2.286 47.287 -44.998 
2 24 4.872 15.827 -62.168 5.029 22.133 -62.693 
2 24 3.658 15.434 -57.292 4.872 15.827 -62.168 
2 24 5.029 22.133 -62.693 4.977 29.375 -62.291 
2 24 2.308 30.496 -51.416 2.422 22.483 -51.363 
2 24 4.977 29.375 -62.291 4.393 38.898 -60.361 
2 24 2.174 38.743 -50.4 2.308 30.496 -51.416 
2 24 4.393 38.898 -60.361 2.749 52.878 -55.933 
2 24 2.225 47.226 -48.497 2.174 38.743 -50.4 
2 24 2.098 57.646 -46.709 2.169 55.836 -45.434 
2 24 2.099 58.278 -48.792 2.098 57.646 -46.709 
2 24 2.235 57.47 -51.819 2.099 58.278 -48.792 
2 24 2.169 55.836 -45.434 2.239 53.537 -44.998 
2 24 2.749 52.878 -55.933 2.659 54.615 -55.973 
2 24 2.659 54.615 -55.973 2.235 57.47 -51.819 
2 24 -2.569 3.572 -23.831 -2.584 6.292 -29.809 
2 24 -4.223 -4.214 -28.326 -2.569 3.572 -23.831 
2 24 -3.779 -0.874 -33.871 -4.223 -4.214 -28.326 
2 24 -3.398 3.076 -39.518 -3.779 -0.874 -33.871 
2 24 -2.584 6.292 -29.809 -2.564 10.4 -36.765 
2 24 -3.171 6.689 -43.92 -3.398 3.076 -39.518 
2 24 -2.564 10.4 -36.765 -2.559 15.27 -42.529 
2 24 -2.704 14.939 -51.719 -3.171 6.689 -43.92 
2 24 -2.559 15.27 -42.529 -2.299 22.351 -47.622 
2 24 -2.299 22.351 -47.622 -2.422 22.483 -51.363 
2 24 -3.658 15.434 -57.292 -2.704 14.939 -51.719 
2 24 -2.286 47.287 -44.998 -2.239 53.537 -44.998 
2 24 -2.225 47.226 -48.497 -2.286 47.287 -44.998 
2 24 -4.872 15.827 -62.168 -3.658 15.434 -57.292 
2 24 -5.029 22.133 -62.693 -4.872 15.827 -62.168 
2 24 -4.977 29.375 -62.291 -5.029 22.133 -62.693 
2 24 -2.422 22.483 -51.363 -2.308 30.496 -51.416 
2 24 -4.393 38.898 -60.361 -4.977 29.375 -62.291 
2 24 -2.308 30.496 -51.416 -2.174 38.743 -50.4 
2 24 -2.749 52.878 -55.933 -4.393 38.898 -60.361 
2 24 -2.174 38.743 -50.4 -2.225 47.226 -48.497 
2 24 -2.169 55.836 -45.434 -2.098 57.646 -46.709 
2 24 -2.099 58.278 -48.792 -2.235 57.47 -51.819 
2 24 -2.098 57.646 -46.709 -2.099 58.278 -48.792 
2 24 -2.239 53.537 -44.998 -2.169 55.836 -45.434 
2 24 -2.235 57.47 -51.819 -2.659 54.615 -55.973 
2 24 -2.659 54.615 -55.973 -2.749 52.878 -55.933 
2 24 -2.299 22.351 -47.622 2.299 22.351 -47.622 
2 24 2.422 22.483 -51.363 -2.422 22.483 -51.363 
2 24 2.286 47.287 -44.998 -2.286 47.287 -44.998 
2 24 -2.225 47.226 -48.497 2.225 47.226 -48.497 
2 24 2.659 54.615 -55.973 -2.659 54.615 -55.973 
2 24 -2.569 3.572 -23.831 2.569 3.572 -23.831 
2 24 4 5 -12.618 4 5 -5.778 
2 24 4 3.625 -11.243 4 5 -12.618 
2 24 4 -5 -12.036 4 -3.625 -11.243 
2 24 4 -5 -5.778 4 -5 -12.036 
2 24 4 -3.625 -11.243 4 -2 -10.807 
2 24 4 -2 -10.807 4 -2 -7.379 
2 24 4 2 -10.807 4 3.625 -11.243 
2 24 4 2 -7.379 4 2 -10.807 
2 24 4 3.776 4.229 4 3.64 1.637 
2 24 4 6.331 4.229 4 3.776 4.229 
2 24 4 7.286 2.083 4 6.331 4.229 
2 24 4 3.64 1.637 4 3.959 -0.024 
2 24 4 7.518 -1.021 4 7.286 2.083 
2 24 4 6.483 -3.957 4 7.518 -1.021 
2 24 4 3.959 -0.024 4 3.33 -2.163 
2 24 4 5 -5.778 4 6.483 -3.957 
2 24 4 3.33 -2.163 4 1.644 -3.623 
2 24 4 1.644 -3.623 4 0 -4.021 
2 24 4 0 -7.616 4 2 -7.379 
2 24 4 -2 -7.379 4 0 -7.616 
2 24 4 0 -4.021 4 -1.644 -3.623 
2 24 4 -1.644 -3.623 4 -3.33 -2.163 
2 24 4 -6.483 -3.957 4 -5 -5.778 
2 24 4 -7.518 -1.021 4 -6.483 -3.957 
2 24 4 -3.33 -2.163 4 -3.959 -0.024 
2 24 4 -7.286 2.083 4 -7.518 -1.021 
2 24 4 -3.959 -0.024 4 -3.64 1.637 
2 24 4 -6.331 4.229 4 -7.286 2.083 
2 24 4 -3.64 1.637 4 -3.776 4.229 
2 24 4 -3.776 4.229 4 -6.331 4.229 
2 24 -4 5 -12.618 -4 3.625 -11.243 
2 24 -4 5 -5.778 -4 5 -12.618 
2 24 -4 -5 -12.036 -4 -5 -5.778 
2 24 -4 -3.625 -11.243 -4 -5 -12.036 
2 24 -4 -2 -7.379 -4 -2 -10.807 
2 24 -4 -2 -10.807 -4 -3.625 -11.243 
2 24 -4 2 -10.807 -4 2 -7.379 
2 24 -4 3.625 -11.243 -4 2 -10.807 
2 24 -4 3.776 4.229 -4 6.331 4.229 
2 24 -4 3.64 1.637 -4 3.776 4.229 
2 24 -4 6.331 4.229 -4 7.286 2.083 
2 24 -4 3.959 -0.024 -4 3.64 1.637 
2 24 -4 7.286 2.083 -4 7.518 -1.021 
2 24 -4 7.518 -1.021 -4 6.483 -3.957 
2 24 -4 3.33 -2.163 -4 3.959 -0.024 
2 24 -4 6.483 -3.957 -4 5 -5.778 
2 24 -4 1.644 -3.623 -4 3.33 -2.163 
2 24 -4 0 -4.021 -4 1.644 -3.623 
2 24 -4 2 -7.379 -4 0 -7.616 
2 24 -4 0 -7.616 -4 -2 -7.379 
2 24 -4 -1.644 -3.623 -4 0 -4.021 
2 24 -4 -3.33 -2.163 -4 -1.644 -3.623 
2 24 -4 -5 -5.778 -4 -6.483 -3.957 
2 24 -4 -6.483 -3.957 -4 -7.518 -1.021 
2 24 -4 -3.959 -0.024 -4 -3.33 -2.163 
2 24 -4 -7.518 -1.021 -4 -7.286 2.083 
2 24 -4 -3.64 1.637 -4 -3.959 -0.024 
2 24 -4 -7.286 2.083 -4 -6.331 4.229 
2 24 -4 -6.331 4.229 -4 -3.776 4.229 
2 24 -4 -3.776 4.229 -4 -3.64 1.637 
2 24 -4 -5 -12.036 4 -5 -12.036 
2 24 4 -5 -5.778 -4 -5 -5.778 
2 24 -4 -6.331 4.229 4 -6.331 4.229 
2 24 4 -3.776 4.229 -4 -3.776 4.229 
2 24 -4 3.776 4.229 4 3.776 4.229 
2 24 4 6.331 4.229 -4 6.331 4.229 
2 24 4 5 -12.618 -4 5 -12.618 
2 24 -4 5 -5.778 4 5 -5.778 
2 24 4 2 -7.379 -4 2 -7.379 
2 24 -4 2 -10.807 4 2 -10.807 
2 24 4 -2 -10.807 -4 -2 -10.807 
2 24 -4 -2 -7.379 4 -2 -7.379 
2 24 4 -3.64 1.637 -4 -3.64 1.637 
2 24 -4 3.64 1.637 4 3.64 1.637 
2 24 -6.621 0 -12.271 -6.621 2.625 -12.975 
2 24 -6.621 2.625 -12.975 -6.621 4.547 -14.896 
2 24 -6.621 4.547 -14.896 -6.621 5.25 -17.521 
2 24 -6.621 5.25 -17.521 -6.621 4.547 -20.146 
2 24 -6.621 4.547 -20.146 -6.621 2.625 -22.068 
2 24 -6.621 2.625 -22.068 -6.621 0 -22.771 
2 24 -6.621 0 -22.771 -6.621 -2.625 -22.068 
2 24 -6.621 -2.625 -22.068 -6.621 -4.547 -20.146 
2 24 -6.621 -4.547 -20.146 -6.621 -5.25 -17.521 
2 24 -6.621 -5.25 -17.521 -6.621 -4.547 -14.896 
2 24 -6.621 -4.547 -14.896 -6.621 -2.625 -12.975 
2 24 -6.621 -2.625 -12.975 -6.621 0 -12.271 
2 24 -7.75 5.25 -17.521 -7.75 4.547 -20.146 
2 24 -7.75 4.547 -14.896 -7.75 5.25 -17.521 
2 24 -7.75 2.625 -12.975 -7.75 4.547 -14.896 
2 24 -7.75 0 -12.271 -7.75 2.625 -12.975 
2 24 -7.75 -2.625 -12.975 -7.75 0 -12.271 
2 24 -7.75 -4.547 -14.896 -7.75 -2.625 -12.975 
2 24 -7.75 -5.25 -17.521 -7.75 -4.547 -14.896 
2 24 -7.75 -4.547 -20.146 -7.75 -5.25 -17.521 
2 24 -7.75 -2.625 -22.068 -7.75 -4.547 -20.146 
2 24 -7.75 0 -22.771 -7.75 -2.625 -22.068 
2 24 -7.75 2.625 -22.068 -7.75 0 -22.771 
2 24 -7.75 4.547 -20.146 -7.75 2.625 -22.068 
2 24 -6.223 -7.596 -30.278 -2.5 -7.443 -34.489 
2 24 -4.694 -10.752 -33.866 -6.223 -11.14 -32.325 
2 24 -6.223 -11.14 -32.325 -6.223 -7.596 -30.278 
2 24 -2.5 -7.443 -34.489 -2.5 -10.003 -35.967 
2 24 -2.5 -10.003 -35.967 -4.694 -10.752 -33.866 
2 24 -1.875 -7.467 -18.224 -1.875 -6.495 -21.271 
2 24 -1.875 -17.111 -23.792 -1.875 -7.467 -18.224 
2 24 -1.875 -13.986 -29.205 -1.875 -17.111 -23.792 
2 24 -1.875 -6.495 -21.271 -1.875 -4.342 -23.637 
2 24 -1.875 -4.342 -23.637 -1.875 -13.986 -29.205 
2 24 -6.959 -12.98 -28.624 -7.69 -4.342 -23.637 
2 24 -6.959 -10.918 -32.196 -6.959 -12.98 -28.624 
2 24 -7.75 3.625 -23.8 -6.959 -10.918 -32.196 
2 24 -6.959 -18.168 -19.639 -7.75 -3.625 -11.243 
2 24 -7.69 -7.467 -18.224 -6.959 -16.105 -23.211 
2 24 -6.959 -16.105 -23.211 -6.959 -18.168 -19.639 
2 24 -7.69 -4.342 -23.637 -7.64 -6.495 -21.271 
2 24 -7.75 6.279 -21.146 -7.75 3.625 -23.8 
2 24 -7.75 7.25 -17.521 -7.75 6.279 -21.146 
2 24 -7.75 6.279 -13.896 -7.75 7.25 -17.521 
2 24 -7.75 3.625 -11.243 -7.75 6.279 -13.896 
2 24 -7.75 0 -10.271 -7.75 3.625 -11.243 
2 24 -7.75 -3.625 -11.243 -7.75 0 -10.271 
2 24 -7.64 -6.495 -21.271 -7.69 -7.467 -18.224 
2 24 -6.959 -10.918 -32.196 -6.223 -11.14 -32.325 
2 24 -4.694 -13.579 -28.969 -6.959 -12.98 -28.624 
2 24 -1.875 -13.986 -29.205 -4.694 -13.579 -28.969 
2 24 -2.5 -8.753 -38.132 0 -8.889 -38.21 
2 24 -2.5 -10.003 -35.967 -2.5 -8.753 -38.132 
2 24 0 -19.25 -20.264 -2.364 -19.129 -20.194 
2 24 -4.694 -16.704 -23.557 -1.875 -17.111 -23.792 
2 24 -2.364 -19.129 -20.194 -4.694 -18.766 -19.984 
2 24 -4.694 -18.766 -19.984 -6.959 -18.168 -19.639 
2 24 -6.959 -16.105 -23.211 -4.694 -16.704 -23.557 
2 24 -2.5 -5.972 -36.526 -2.5 -8.753 -38.132 
2 24 -2.5 -7.443 -34.489 -2.5 -5.972 -36.526 
2 24 2.5 -7.443 -34.489 6.223 -7.596 -30.278 
2 24 6.223 -7.596 -30.278 6.223 -11.14 -32.325 
2 24 6.223 -11.14 -32.325 4.694 -10.752 -33.866 
2 24 4.694 -10.752 -33.866 2.5 -10.003 -35.967 
2 24 2.5 -10.003 -35.967 2.5 -7.443 -34.489 
2 24 1.875 -7.467 -18.224 1.875 -17.111 -23.792 
2 24 1.875 -6.495 -21.271 1.875 -7.467 -18.224 
2 24 1.875 -17.111 -23.792 1.875 -13.986 -29.205 
2 24 1.875 -13.986 -29.205 1.875 -4.342 -23.637 
2 24 1.875 -4.342 -23.637 1.875 -6.495 -21.271 
2 24 6.959 -12.98 -28.624 6.959 -10.918 -32.196 
2 24 7.69 -4.342 -23.637 6.959 -12.98 -28.624 
2 24 6.959 -10.918 -32.196 7.75 3.625 -23.8 
2 24 7.75 -3.625 -11.243 6.959 -18.168 -19.639 
2 24 6.959 -18.168 -19.639 6.959 -16.105 -23.211 
2 24 6.959 -16.105 -23.211 7.69 -7.467 -18.224 
2 24 7.64 -6.495 -21.271 7.69 -4.342 -23.637 
2 24 7.75 0 -21.271 7.75 -1.875 -20.769 
2 24 7.75 -1.875 -20.769 7.75 -3.248 -19.396 
2 24 7.75 1.875 -20.769 7.75 0 -21.271 
2 24 7.75 3.625 -23.8 7.75 6.279 -21.146 
2 24 7.75 3.248 -19.396 7.75 1.875 -20.769 
2 24 7.75 6.279 -21.146 7.75 7.25 -17.521 
2 24 7.75 3.75 -17.521 7.75 3.248 -19.396 
2 24 7.75 7.25 -17.521 7.75 6.279 -13.896 
2 24 7.75 3.248 -15.646 7.75 3.75 -17.521 
2 24 7.75 6.279 -13.896 7.75 3.625 -11.243 
2 24 7.75 1.875 -14.274 7.75 3.248 -15.646 
2 24 7.75 3.625 -11.243 7.75 0 -10.271 
2 24 7.75 0 -13.771 7.75 1.875 -14.274 
2 24 7.75 0 -10.271 7.75 -3.625 -11.243 
2 24 7.75 -1.875 -14.274 7.75 0 -13.771 
2 24 7.75 -3.248 -15.646 7.75 -1.875 -14.274 
2 24 7.75 -3.75 -17.521 7.75 -3.248 -15.646 
2 24 7.69 -7.467 -18.224 7.64 -6.495 -21.271 
2 24 7.75 -3.248 -19.396 7.75 -3.75 -17.521 
2 24 6.223 -11.14 -32.325 6.959 -10.918 -32.196 
2 24 6.959 -12.98 -28.624 4.694 -13.579 -28.969 
2 24 4.694 -13.579 -28.969 1.875 -13.986 -29.205 
2 24 2.5 -8.753 -38.132 2.5 -10.003 -35.967 
2 24 0 -8.889 -38.21 2.5 -8.753 -38.132 
2 24 2.364 -19.129 -20.194 0 -19.25 -20.264 
2 24 1.875 -17.111 -23.792 4.694 -16.704 -23.557 
2 24 4.694 -18.766 -19.984 2.364 -19.129 -20.194 
2 24 6.959 -18.168 -19.639 4.694 -18.766 -19.984 
2 24 4.694 -16.704 -23.557 6.959 -16.105 -23.211 
2 24 2.5 -8.753 -38.132 2.5 -5.972 -36.526 
2 24 2.5 -5.972 -36.526 2.5 -7.443 -34.489 
2 24 -1.875 -13.986 -29.205 1.875 -13.986 -29.205 
2 24 7.69 -4.342 -23.637 -7.69 -4.342 -23.637 
2 24 7.69 -7.467 -18.224 -7.69 -7.467 -18.224 
2 24 1.875 -17.111 -23.792 -1.875 -17.111 -23.792 
2 24 6.223 -11.14 -32.325 -6.223 -11.14 -32.325 
2 24 -2.5 -5.972 -36.526 2.5 -5.972 -36.526 
2 24 0 3.248 -15.646 0 1.875 -14.274 
2 24 0 1.875 -14.274 0 0 -13.771 
2 24 0 0 -13.771 0 -1.875 -14.274 
2 24 0 -1.875 -14.274 0 -3.248 -15.646 
2 24 0 -3.248 -15.646 0 -3.75 -17.521 
2 24 0 -3.75 -17.521 0 -3.248 -19.396 
2 24 0 -3.248 -19.396 0 -1.875 -20.769 
2 24 0 -1.875 -20.769 0 0 -21.271 
2 24 0 0 -21.271 0 1.875 -20.769 
2 24 0 1.875 -20.769 0 3.248 -19.396 
2 24 0 3.248 -19.396 0 3.75 -17.521 
2 24 0 3.75 -17.521 0 3.248 -15.646 
2 24 0 -8.777 -14.217 -2.5 -9.357 -14.552 
2 24 -2.5 -10.857 -11.954 0 -10.277 -11.619 
2 24 -2.5 -9.357 -14.552 -4.33 -10.942 -15.467 
2 24 -4.33 -12.442 -12.869 -2.5 -10.857 -11.954 
2 24 -4.33 -10.942 -15.467 -5 -13.107 -16.717 
2 24 -5 -14.607 -14.119 -4.33 -12.442 -12.869 
2 24 -5 -13.107 -16.717 -4.33 -15.272 -17.967 
2 24 -4.33 -16.772 -15.369 -5 -14.607 -14.119 
2 24 -4.33 -15.272 -17.967 -2.5 -16.857 -18.882 
2 24 -2.5 -18.357 -16.284 -4.33 -16.772 -15.369 
2 24 -2.5 -16.857 -18.882 0 -17.437 -19.217 
2 24 0 -18.937 -16.619 -2.5 -18.357 -16.284 
2 24 -1.742 -13.619 -9.796 0 -13.215 -9.562 
2 24 -3.018 -14.724 -10.433 -1.742 -13.619 -9.796 
2 24 -3.484 -16.232 -11.305 -3.018 -14.724 -10.433 
2 24 -3.018 -17.741 -12.176 -3.484 -16.232 -11.305 
2 24 -1.742 -18.846 -12.813 -3.018 -17.741 -12.176 
2 24 0 -19.25 -13.047 -1.742 -18.846 -12.813 
2 24 2.5 -9.357 -14.552 0 -8.777 -14.217 
2 24 0 -10.277 -11.619 2.5 -10.857 -11.954 
2 24 4.33 -10.942 -15.467 2.5 -9.357 -14.552 
2 24 2.5 -10.857 -11.954 4.33 -12.442 -12.869 
2 24 5 -13.107 -16.717 4.33 -10.942 -15.467 
2 24 4.33 -12.442 -12.869 5 -14.607 -14.119 
2 24 4.33 -15.272 -17.967 5 -13.107 -16.717 
2 24 5 -14.607 -14.119 4.33 -16.772 -15.369 
2 24 2.5 -16.857 -18.882 4.33 -15.272 -17.967 
2 24 4.33 -16.772 -15.369 2.5 -18.357 -16.284 
2 24 0 -17.437 -19.217 2.5 -16.857 -18.882 
2 24 2.5 -18.357 -16.284 0 -18.937 -16.619 
2 24 0 -13.215 -9.562 1.742 -13.619 -9.796 
2 24 1.742 -13.619 -9.796 3.018 -14.724 -10.433 
2 24 3.018 -14.724 -10.433 3.484 -16.232 -11.305 
2 24 3.484 -16.232 -11.305 3.018 -17.741 -12.176 
2 24 3.018 -17.741 -12.176 1.742 -18.846 -12.813 
2 24 1.742 -18.846 -12.813 0 -19.25 -13.047 
2 24 0.75 -2 -10.807 0.75 0 -10.271 
2 24 0.75 -2 -7.379 0.75 -2 -10.807 
2 24 0.75 0 -7.616 0.75 -2 -7.379 
2 24 0.75 0 -10.271 0.75 2 -10.807 
2 24 0.75 2 -10.807 0.75 2 -7.379 
2 24 0.75 2 -7.379 0.75 0 -7.616 
2 24 -3 -2 -10.807 -3 -2 -7.379 
2 24 -3 0 -10.271 -3 -2 -10.807 
2 24 -3 -2 -7.379 -3 0 -7.616 
2 24 -3 2 -10.807 -3 0 -10.271 
2 24 -3 0 -7.616 -3 2 -7.379 
2 24 -3 2 -7.379 -3 2 -10.807 
2 24 0 5.226 -68.747 2.412 5.354 -68.745 
2 24 0 8.79 -63.514 0 5.226 -68.747 
2 24 2.412 5.354 -68.745 3.978 9.491 -64.259 
2 24 0 -7.353 -37.324 0 -2.793 -43.113 
2 24 2.5 -5.972 -36.526 0 -7.353 -37.324 
2 24 6.994 -7.206 -30.053 6.223 -7.596 -30.278 
2 24 5.712 -1.301 -39.063 6.994 -7.206 -30.053 
2 24 4.792 4.062 -45.824 5.712 -1.301 -39.063 
2 24 0 -2.793 -43.113 0 2.198 -48.498 
2 24 4.516 8.702 -51.195 4.792 4.062 -45.824 
2 24 0 2.198 -48.498 0 6.53 -52.621 
2 24 4.691 9.868 -54.849 4.516 8.702 -51.195 
2 24 0 6.53 -52.621 0 8.592 -55.515 
2 24 4.557 10.264 -61.64 4.691 9.868 -54.849 
2 24 0 8.592 -55.515 0 8.79 -63.514 
2 24 3.978 9.491 -64.259 4.557 10.264 -61.64 
2 24 2.695 47.929 -61.878 2.659 54.615 -55.973 
2 24 2.721 38.169 -66.513 2.695 47.929 -61.878 
2 24 2.749 26.013 -68.706 2.721 38.169 -66.513 
2 24 2.412 5.354 -68.745 2.749 26.013 -68.706 
2 24 4.872 15.827 -62.168 5.266 15.434 -57.291 
2 24 5.266 15.434 -57.291 4.917 14.939 -51.719 
2 24 4.917 14.939 -51.719 4.853 6.688 -43.92 
2 24 6.918 -4.214 -28.326 6.994 -7.206 -30.053 
2 24 6.294 -0.785 -34.008 6.918 -4.214 -28.326 
2 24 5.431 3.175 -39.648 6.294 -0.785 -34.008 
2 24 4.853 6.688 -43.92 5.431 3.175 -39.648 
2 24 -5.266 15.434 -57.291 -4.917 14.939 -51.719 
2 24 -4.917 14.939 -51.719 4.917 14.939 -51.719 
2 24 4.223 -4.214 -28.326 6.918 -4.214 -28.326 
2 24 -4.223 -4.214 -28.326 4.223 -4.214 -28.326 
2 24 -5.431 3.175 -39.648 -6.294 -0.785 -34.008 
2 24 -4.917 14.939 -51.719 -4.853 6.688 -43.92 
2 24 -4.853 6.688 -43.92 -5.431 3.175 -39.648 
2 24 -2.412 5.354 -68.745 0 5.226 -68.747 
2 24 -3.978 9.491 -64.259 -2.412 5.354 -68.745 
2 24 0 -7.353 -37.324 -2.5 -5.972 -36.526 
2 24 -6.994 -7.206 -30.053 -5.712 -1.301 -39.063 
2 24 -6.223 -7.596 -30.278 -6.994 -7.206 -30.053 
2 24 -5.712 -1.301 -39.063 -4.792 4.062 -45.824 
2 24 -4.792 4.062 -45.824 -4.516 8.702 -51.195 
2 24 -4.516 8.702 -51.195 -4.691 9.868 -54.849 
2 24 -4.691 9.868 -54.849 -4.557 10.264 -61.64 
2 24 -4.557 10.264 -61.64 -3.978 9.491 -64.259 
2 24 -2.659 54.615 -55.973 -2.695 47.929 -61.878 
2 24 -2.695 47.929 -61.878 -2.721 38.169 -66.513 
2 24 -2.721 38.169 -66.513 -2.749 26.013 -68.706 
2 24 -2.749 26.013 -68.706 -2.412 5.354 -68.745 
2 24 -5.266 15.434 -57.291 -4.872 15.827 -62.168 
2 24 -6.918 -4.214 -28.326 -6.294 -0.785 -34.008 
2 24 -6.994 -7.206 -30.053 -6.918 -4.214 -28.326 
2 24 -6.918 -4.214 -28.326 -4.223 -4.214 -28.326 
2 24 4.872 15.827 -62.168 -4.872 15.827 -62.168 

