0 WHEEL 21x2 W/3.2 HOLE (Needs Work)
0 Name: 24314.dat
0 Author: <AuthorRealName> [<AuthorLDrawName>]
0 !LDRAW_ORG Unofficial_Part
0 !LICENSE Redistributable under CCAL version 2.0 : see CAreadme.txt

0 BFC CERTIFY CCW

0 !HISTORY 2016-10-05 {LEGO Digital Designer} Original part shape
0 !HISTORY 2016-10-05 [<AuthorLDrawName>] File preparation for LDraw Parts Tracker

0 // Needs Work: Clean necessary

0 // Outside
3 16 6.451 3.725 0 5.25 1.5 0 2.819 2.819 0 
3 16 2.819 2.819 0 5.25 1.5 0 3.708 1.5 0 
3 16 5.25 1.5 0 6.451 3.725 0 7.449 0 0 
3 16 5.25 -1.5 0 5.25 1.5 0 7.449 0 0 
3 16 5.25 -1.5 0 7.449 0 0 6.451 -3.725 0 
3 16 6.451 -3.725 0 2.819 -2.819 0 5.25 -1.5 0 
3 16 5.25 -1.5 0 2.819 -2.819 0 3.708 -1.5 0 
3 16 2.819 -2.819 0 6.451 -3.725 0 3.725 -6.451 0 
3 16 3.725 -6.451 0 1.5 -5.25 0 2.819 -2.819 0 
3 16 2.819 -2.819 0 1.5 -5.25 0 1.5 -3.708 0 
3 16 1.5 -5.25 0 3.725 -6.451 0 0 -7.449 0 
3 16 1.5 -5.25 0 0 -7.449 0 -1.5 -5.25 0 
3 16 0 -7.449 0 -1.928 -7.197 0 -1.5 -5.25 0 
3 16 -1.5 -5.25 0 -1.928 -7.197 0 -3.725 -6.451 0 
3 16 -1.5 -3.708 0 -1.5 -5.25 0 -2.819 -2.819 0 
3 16 -2.819 -2.819 0 -1.5 -5.25 0 -3.725 -6.451 0 
3 16 -2.819 -2.819 0 -3.725 -6.451 0 -6.451 -3.725 0 
3 16 -6.451 -3.725 0 -5.25 -1.5 0 -2.819 -2.819 0 
3 16 -2.819 -2.819 0 -5.25 -1.5 0 -3.708 -1.5 0 
3 16 -6.451 -3.725 0 -7.449 0 0 -5.25 -1.5 0 
3 16 -5.25 -1.5 0 -7.449 0 0 -5.25 1.5 0 
3 16 -5.25 1.5 0 -7.449 0 0 -6.451 3.725 0 
3 16 -3.725 6.451 0 -2.819 2.819 0 -6.451 3.725 0 
3 16 -2.819 2.819 0 -3.708 1.5 0 -6.451 3.725 0 
3 16 -3.708 1.5 0 -5.25 1.5 0 -6.451 3.725 0 
3 16 -3.725 6.451 0 -1.5 5.25 0 -2.819 2.819 0 
3 16 -2.819 2.819 0 -1.5 5.25 0 -1.5 3.708 0 
3 16 -1.5 5.25 0 -3.725 6.451 0 0 7.449 0 
3 16 1.5 5.25 0 -1.5 5.25 0 0 7.449 0 
3 16 1.5 5.25 0 0 7.449 0 3.725 6.451 0 
3 16 1.5 3.708 0 1.5 5.25 0 2.819 2.819 0 
3 16 2.819 2.819 0 1.5 5.25 0 3.725 6.451 0 
3 16 2.819 2.819 0 3.725 6.451 0 6.451 3.725 0 
3 16 1.5 -3.708 10 1.5 -5.25 10 2.819 -2.819 10 
3 16 2.819 -2.819 10 1.5 -5.25 10 3.725 -6.451 10 
3 16 2.819 -2.819 10 3.725 -6.451 10 6.451 -3.725 10 
3 16 6.451 -3.725 10 5.25 -1.5 10 2.819 -2.819 10 
3 16 2.819 -2.819 10 5.25 -1.5 10 3.708 -1.5 10 
3 16 5.25 -1.5 10 6.451 -3.725 10 7.449 0 10 
3 16 5.25 -1.5 10 7.449 0 10 5.25 1.5 10 
3 16 5.25 1.5 10 7.449 0 10 6.451 3.725 10 
3 16 3.708 1.5 10 5.25 1.5 10 2.819 2.819 10 
3 16 2.819 2.819 10 5.25 1.5 10 6.451 3.725 10 
3 16 2.819 2.819 10 6.451 3.725 10 3.725 6.451 10 
3 16 3.725 6.451 10 1.5 5.25 10 2.819 2.819 10 
3 16 2.819 2.819 10 1.5 5.25 10 1.5 3.708 10 
3 16 1.5 5.25 10 3.725 6.451 10 0 7.449 10 
3 16 1.5 5.25 10 0 7.449 10 -1.5 5.25 10 
3 16 -1.5 5.25 10 0 7.449 10 -3.725 6.451 10 
3 16 -6.451 3.725 10 -2.819 2.819 10 -3.725 6.451 10 
3 16 -2.819 2.819 10 -1.5 3.708 10 -3.725 6.451 10 
3 16 -1.5 3.708 10 -1.5 5.25 10 -3.725 6.451 10 
3 16 -6.451 3.725 10 -5.25 1.5 10 -2.819 2.819 10 
3 16 -2.819 2.819 10 -5.25 1.5 10 -3.708 1.5 10 
3 16 -5.25 1.5 10 -6.451 3.725 10 -7.449 0 10 
3 16 -5.25 -1.5 10 -5.25 1.5 10 -7.449 0 10 
3 16 -5.25 -1.5 10 -7.449 0 10 -6.451 -3.725 10 
3 16 -3.708 -1.5 10 -5.25 -1.5 10 -2.819 -2.819 10 
3 16 -2.819 -2.819 10 -5.25 -1.5 10 -6.451 -3.725 10 
3 16 -2.819 -2.819 10 -6.451 -3.725 10 -3.725 -6.451 10 
3 16 -3.725 -6.451 10 -1.5 -5.25 10 -2.819 -2.819 10 
3 16 -2.819 -2.819 10 -1.5 -5.25 10 -1.5 -3.708 10 
3 16 -1.5 -5.25 10 -3.725 -6.451 10 0 -7.449 10 
3 16 1.5 -5.25 10 -1.5 -5.25 10 0 -7.449 10 
3 16 1.5 -5.25 10 0 -7.449 10 3.725 -6.451 10 
3 16 -2.819 -2.819 10 -1.5 -3.708 10 -2.819 -2.819 0 
3 16 -2.819 -2.819 0 -1.5 -3.708 10 -1.5 -3.708 0 
3 16 -3.708 -1.5 10 -2.819 -2.819 10 -3.708 -1.5 0 
3 16 -3.708 -1.5 0 -2.819 -2.819 10 -2.819 -2.819 0 
3 16 -3.708 1.5 0 -3.708 1.5 10 -5.25 1.5 0 
3 16 -5.25 1.5 0 -3.708 1.5 10 -5.25 1.5 10 
3 16 -2.819 2.819 10 -3.708 1.5 10 -2.819 2.819 0 
3 16 -2.819 2.819 0 -3.708 1.5 10 -3.708 1.5 0 
3 16 -1.5 3.708 10 -2.819 2.819 10 -1.5 3.708 0 
3 16 -1.5 3.708 0 -2.819 2.819 10 -2.819 2.819 0 
3 16 -1.5 5.25 10 -1.5 3.708 10 -1.5 5.25 0 
3 16 -1.5 5.25 0 -1.5 3.708 10 -1.5 3.708 0 
3 16 1.5 5.25 10 -1.5 5.25 10 1.5 5.25 0 
3 16 1.5 5.25 0 -1.5 5.25 10 -1.5 5.25 0 
3 16 1.5 3.708 0 1.5 3.708 10 1.5 5.25 0 
3 16 1.5 5.25 0 1.5 3.708 10 1.5 5.25 10 
3 16 2.819 2.819 10 1.5 3.708 10 2.819 2.819 0 
3 16 2.819 2.819 0 1.5 3.708 10 1.5 3.708 0 
3 16 3.708 1.5 10 2.819 2.819 10 3.708 1.5 0 
3 16 3.708 1.5 0 2.819 2.819 10 2.819 2.819 0 
3 16 3.708 1.5 10 3.708 1.5 0 5.25 1.5 10 
3 16 5.25 1.5 10 3.708 1.5 0 5.25 1.5 0 
3 16 5.25 -1.5 10 5.25 1.5 10 5.25 -1.5 0 
3 16 5.25 -1.5 0 5.25 1.5 10 5.25 1.5 0 
3 16 5.25 -1.5 10 5.25 -1.5 0 3.708 -1.5 10 
3 16 3.708 -1.5 10 5.25 -1.5 0 3.708 -1.5 0 
3 16 -5.25 -1.5 0 -5.25 -1.5 10 -3.708 -1.5 0 
3 16 -3.708 -1.5 0 -5.25 -1.5 10 -3.708 -1.5 10 
3 16 -5.25 1.5 10 -5.25 -1.5 10 -5.25 1.5 0 
3 16 -5.25 1.5 0 -5.25 -1.5 10 -5.25 -1.5 0 
3 16 -1.5 -5.25 10 -1.5 -5.25 0 -1.5 -3.708 10 
3 16 -1.5 -3.708 10 -1.5 -5.25 0 -1.5 -3.708 0 
3 16 -1.5 -5.25 10 1.5 -5.25 10 -1.5 -5.25 0 
3 16 -1.5 -5.25 0 1.5 -5.25 10 1.5 -5.25 0 
3 16 1.5 -5.25 10 1.5 -3.708 10 1.5 -5.25 0 
3 16 1.5 -5.25 0 1.5 -3.708 10 1.5 -3.708 0 
3 16 2.819 -2.819 0 1.5 -3.708 0 2.819 -2.819 10 
3 16 2.819 -2.819 10 1.5 -3.708 0 1.5 -3.708 10 
3 16 3.708 -1.5 0 2.819 -2.819 0 3.708 -1.5 10 
3 16 3.708 -1.5 10 2.819 -2.819 0 2.819 -2.819 10 
3 16 13.435 -13.435 7.5 12.678 -12.678 6.5 9.463 -16.391 7.5 
3 16 9.463 -16.391 7.5 12.678 -12.678 6.5 8.965 -15.528 6.5 
3 16 6.451 -3.725 6.5 3.725 -6.451 6.5 12.678 -12.678 6.5 
3 16 12.678 -12.678 6.5 3.725 -6.451 6.5 8.965 -15.528 6.5 
3 16 9.463 -16.391 7.5 11.916 -20.639 7.5 13.435 -13.435 7.5 
3 16 13.435 -13.435 7.5 11.916 -20.639 7.5 16.851 -16.851 7.5 
3 16 13.082 -22.658 5.88 18.5 -18.5 5.88 12.534 -21.709 7.171 
3 16 12.534 -21.709 7.171 18.5 -18.5 5.88 17.725 -17.725 7.171 
3 16 12.534 -21.709 7.171 17.725 -17.725 7.171 11.916 -20.639 7.5 
3 16 11.916 -20.639 7.5 17.725 -17.725 7.171 16.851 -16.851 7.5 
3 16 13.435 -13.435 7.5 16.391 -9.463 7.5 12.678 -12.678 6.5 
3 16 12.678 -12.678 6.5 16.391 -9.463 7.5 15.528 -8.965 6.5 
3 16 15.528 -8.965 6.5 6.451 -3.725 6.5 12.678 -12.678 6.5 
3 16 16.851 -16.851 7.5 20.639 -11.916 7.5 13.435 -13.435 7.5 
3 16 13.435 -13.435 7.5 20.639 -11.916 7.5 16.391 -9.463 7.5 
3 16 22.658 -13.082 5.88 21.709 -12.534 7.171 18.5 -18.5 5.88 
3 16 18.5 -18.5 5.88 21.709 -12.534 7.171 17.725 -17.725 7.171 
3 16 21.709 -12.534 7.171 20.639 -11.916 7.5 17.725 -17.725 7.171 
3 16 17.725 -17.725 7.171 20.639 -11.916 7.5 16.851 -16.851 7.5 
3 16 13.435 -13.435 2.5 9.463 -16.391 2.5 12.678 -12.678 3.5 
3 16 12.678 -12.678 3.5 9.463 -16.391 2.5 8.965 -15.528 3.5 
3 16 8.965 -15.528 3.5 3.725 -6.451 3.5 12.678 -12.678 3.5 
3 16 16.851 -16.851 2.5 11.916 -20.639 2.5 13.435 -13.435 2.5 
3 16 13.435 -13.435 2.5 11.916 -20.639 2.5 9.463 -16.391 2.5 
3 16 13.082 -22.658 4.12 12.534 -21.709 2.829 18.5 -18.5 4.12 
3 16 18.5 -18.5 4.12 12.534 -21.709 2.829 17.725 -17.725 2.829 
3 16 12.534 -21.709 2.829 11.916 -20.639 2.5 17.725 -17.725 2.829 
3 16 17.725 -17.725 2.829 11.916 -20.639 2.5 16.851 -16.851 2.5 
3 16 13.435 -13.435 2.5 12.678 -12.678 3.5 16.391 -9.463 2.5 
3 16 16.391 -9.463 2.5 12.678 -12.678 3.5 15.528 -8.965 3.5 
3 16 3.725 -6.451 3.5 6.451 -3.725 3.5 12.678 -12.678 3.5 
3 16 12.678 -12.678 3.5 6.451 -3.725 3.5 15.528 -8.965 3.5 
3 16 16.391 -9.463 2.5 20.639 -11.916 2.5 13.435 -13.435 2.5 
3 16 13.435 -13.435 2.5 20.639 -11.916 2.5 16.851 -16.851 2.5 
3 16 22.658 -13.082 4.12 18.5 -18.5 4.12 21.709 -12.534 2.829 
3 16 21.709 -12.534 2.829 18.5 -18.5 4.12 17.725 -17.725 2.829 
3 16 21.709 -12.534 2.829 17.725 -17.725 2.829 20.639 -11.916 2.5 
3 16 20.639 -11.916 2.5 17.725 -17.725 2.829 16.851 -16.851 2.5 
3 16 18.5 -18.5 4.12 22.658 -13.082 4.12 18.5 -18.5 5.88 
3 16 18.5 -18.5 5.88 22.658 -13.082 4.12 22.658 -13.082 5.88 
3 16 18.5 -18.5 5.88 13.082 -22.658 5.88 18.5 -18.5 4.12 
3 16 18.5 -18.5 4.12 13.082 -22.658 5.88 13.082 -22.658 4.12 
3 16 4.918 -18.353 7.5 4.641 -17.319 6.5 0 -18.926 7.5 
3 16 0 -18.926 7.5 4.641 -17.319 6.5 0 -17.93 6.5 
3 16 3.725 -6.451 6.5 0 -7.449 6.5 4.641 -17.319 6.5 
3 16 4.641 -17.319 6.5 0 -7.449 6.5 0 -17.93 6.5 
3 16 0 -18.926 7.5 0 -23.832 7.5 4.918 -18.353 7.5 
3 16 4.918 -18.353 7.5 0 -23.832 7.5 6.168 -23.019 7.5 
3 16 0 -26.164 5.88 6.772 -25.272 5.88 0 -25.067 7.171 
3 16 0 -25.067 7.171 6.772 -25.272 5.88 6.488 -24.213 7.171 
3 16 0 -25.067 7.171 6.488 -24.213 7.171 0 -23.832 7.5 
3 16 0 -23.832 7.5 6.488 -24.213 7.171 6.168 -23.019 7.5 
3 16 4.918 -18.353 7.5 9.463 -16.391 7.5 4.641 -17.319 6.5 
3 16 4.641 -17.319 6.5 9.463 -16.391 7.5 8.965 -15.528 6.5 
3 16 8.965 -15.528 6.5 3.725 -6.451 6.5 4.641 -17.319 6.5 
3 16 6.168 -23.019 7.5 11.916 -20.639 7.5 4.918 -18.353 7.5 
3 16 4.918 -18.353 7.5 11.916 -20.639 7.5 9.463 -16.391 7.5 
3 16 13.082 -22.658 5.88 12.534 -21.709 7.171 6.772 -25.272 5.88 
3 16 6.772 -25.272 5.88 12.534 -21.709 7.171 6.488 -24.213 7.171 
3 16 12.534 -21.709 7.171 11.916 -20.639 7.5 6.488 -24.213 7.171 
3 16 6.488 -24.213 7.171 11.916 -20.639 7.5 6.168 -23.019 7.5 
3 16 4.918 -18.353 2.5 0 -18.926 2.5 4.641 -17.319 3.5 
3 16 4.641 -17.319 3.5 0 -18.926 2.5 0 -17.93 3.5 
3 16 0 -17.93 3.5 0 -7.449 3.5 4.641 -17.319 3.5 
3 16 6.168 -23.019 2.5 0 -23.832 2.5 4.918 -18.353 2.5 
3 16 4.918 -18.353 2.5 0 -23.832 2.5 0 -18.926 2.5 
3 16 0 -26.164 4.12 0 -25.067 2.829 6.772 -25.272 4.12 
3 16 6.772 -25.272 4.12 0 -25.067 2.829 6.488 -24.213 2.829 
3 16 0 -25.067 2.829 0 -23.832 2.5 6.488 -24.213 2.829 
3 16 6.488 -24.213 2.829 0 -23.832 2.5 6.168 -23.019 2.5 
3 16 4.918 -18.353 2.5 4.641 -17.319 3.5 9.463 -16.391 2.5 
3 16 9.463 -16.391 2.5 4.641 -17.319 3.5 8.965 -15.528 3.5 
3 16 0 -7.449 3.5 3.725 -6.451 3.5 4.641 -17.319 3.5 
3 16 4.641 -17.319 3.5 3.725 -6.451 3.5 8.965 -15.528 3.5 
3 16 9.463 -16.391 2.5 11.916 -20.639 2.5 4.918 -18.353 2.5 
3 16 4.918 -18.353 2.5 11.916 -20.639 2.5 6.168 -23.019 2.5 
3 16 13.082 -22.658 4.12 6.772 -25.272 4.12 12.534 -21.709 2.829 
3 16 12.534 -21.709 2.829 6.772 -25.272 4.12 6.488 -24.213 2.829 
3 16 12.534 -21.709 2.829 6.488 -24.213 2.829 11.916 -20.639 2.5 
3 16 11.916 -20.639 2.5 6.488 -24.213 2.829 6.168 -23.019 2.5 
3 16 6.772 -25.272 4.12 13.082 -22.658 4.12 6.772 -25.272 5.88 
3 16 6.772 -25.272 5.88 13.082 -22.658 4.12 13.082 -22.658 5.88 
3 16 6.772 -25.272 5.88 0 -26.164 5.88 6.772 -25.272 4.12 
3 16 6.772 -25.272 4.12 0 -26.164 5.88 0 -26.164 4.12 
3 16 -4.918 -18.353 7.5 -4.641 -17.319 6.5 -9.463 -16.391 7.5 
3 16 -9.463 -16.391 7.5 -4.641 -17.319 6.5 -8.965 -15.528 6.5 
3 16 0 -7.449 6.5 -3.725 -6.451 6.5 -4.641 -17.319 6.5 
3 16 -4.641 -17.319 6.5 -3.725 -6.451 6.5 -8.965 -15.528 6.5 
3 16 -9.463 -16.391 7.5 -11.916 -20.639 7.5 -4.918 -18.353 7.5 
3 16 -4.918 -18.353 7.5 -11.916 -20.639 7.5 -6.168 -23.019 7.5 
3 16 -13.082 -22.658 5.88 -6.772 -25.272 5.88 -12.534 -21.709 7.171 
3 16 -12.534 -21.709 7.171 -6.772 -25.272 5.88 -6.488 -24.213 7.171 
3 16 -12.534 -21.709 7.171 -6.488 -24.213 7.171 -11.916 -20.639 7.5 
3 16 -11.916 -20.639 7.5 -6.488 -24.213 7.171 -6.168 -23.019 7.5 
3 16 -4.918 -18.353 7.5 0 -18.926 7.5 -4.641 -17.319 6.5 
3 16 -4.641 -17.319 6.5 0 -18.926 7.5 0 -17.93 6.5 
3 16 0 -17.93 6.5 0 -7.449 6.5 -4.641 -17.319 6.5 
3 16 -6.168 -23.019 7.5 0 -23.832 7.5 -4.918 -18.353 7.5 
3 16 -4.918 -18.353 7.5 0 -23.832 7.5 0 -18.926 7.5 
3 16 0 -26.164 5.88 0 -25.067 7.171 -6.772 -25.272 5.88 
3 16 -6.772 -25.272 5.88 0 -25.067 7.171 -6.488 -24.213 7.171 
3 16 0 -25.067 7.171 0 -23.832 7.5 -6.488 -24.213 7.171 
3 16 -6.488 -24.213 7.171 0 -23.832 7.5 -6.168 -23.019 7.5 
3 16 -4.918 -18.353 2.5 -9.463 -16.391 2.5 -4.641 -17.319 3.5 
3 16 -4.641 -17.319 3.5 -9.463 -16.391 2.5 -8.965 -15.528 3.5 
3 16 -8.965 -15.528 3.5 -3.725 -6.451 3.5 -4.641 -17.319 3.5 
3 16 -6.168 -23.019 2.5 -11.916 -20.639 2.5 -4.918 -18.353 2.5 
3 16 -4.918 -18.353 2.5 -11.916 -20.639 2.5 -9.463 -16.391 2.5 
3 16 -13.082 -22.658 4.12 -12.534 -21.709 2.829 -6.772 -25.272 4.12 
3 16 -6.772 -25.272 4.12 -12.534 -21.709 2.829 -6.488 -24.213 2.829 
3 16 -12.534 -21.709 2.829 -11.916 -20.639 2.5 -6.488 -24.213 2.829 
3 16 -6.488 -24.213 2.829 -11.916 -20.639 2.5 -6.168 -23.019 2.5 
3 16 -4.918 -18.353 2.5 -4.641 -17.319 3.5 0 -18.926 2.5 
3 16 0 -18.926 2.5 -4.641 -17.319 3.5 0 -17.93 3.5 
3 16 -3.725 -6.451 3.5 0 -7.449 3.5 -4.641 -17.319 3.5 
3 16 -4.641 -17.319 3.5 0 -7.449 3.5 0 -17.93 3.5 
3 16 0 -18.926 2.5 0 -23.832 2.5 -4.918 -18.353 2.5 
3 16 -4.918 -18.353 2.5 0 -23.832 2.5 -6.168 -23.019 2.5 
3 16 0 -26.164 4.12 -6.772 -25.272 4.12 0 -25.067 2.829 
3 16 0 -25.067 2.829 -6.772 -25.272 4.12 -6.488 -24.213 2.829 
3 16 0 -25.067 2.829 -6.488 -24.213 2.829 0 -23.832 2.5 
3 16 0 -23.832 2.5 -6.488 -24.213 2.829 -6.168 -23.019 2.5 
3 16 -6.772 -25.272 4.12 0 -26.164 4.12 -6.772 -25.272 5.88 
3 16 -6.772 -25.272 5.88 0 -26.164 4.12 0 -26.164 5.88 
3 16 -6.772 -25.272 5.88 -13.082 -22.658 5.88 -6.772 -25.272 4.12 
3 16 -6.772 -25.272 4.12 -13.082 -22.658 5.88 -13.082 -22.658 4.12 
3 16 -13.435 -13.435 7.5 -12.678 -12.678 6.5 -16.391 -9.463 7.5 
3 16 -16.391 -9.463 7.5 -12.678 -12.678 6.5 -15.528 -8.965 6.5 
3 16 -3.725 -6.451 6.5 -6.451 -3.725 6.5 -12.678 -12.678 6.5 
3 16 -12.678 -12.678 6.5 -6.451 -3.725 6.5 -15.528 -8.965 6.5 
3 16 -16.391 -9.463 7.5 -20.639 -11.916 7.5 -13.435 -13.435 7.5 
3 16 -13.435 -13.435 7.5 -20.639 -11.916 7.5 -16.851 -16.851 7.5 
3 16 -22.658 -13.082 5.88 -18.5 -18.5 5.88 -21.709 -12.534 7.171 
3 16 -21.709 -12.534 7.171 -18.5 -18.5 5.88 -17.725 -17.725 7.171 
3 16 -21.709 -12.534 7.171 -17.725 -17.725 7.171 -20.639 -11.916 7.5 
3 16 -20.639 -11.916 7.5 -17.725 -17.725 7.171 -16.851 -16.851 7.5 
3 16 -13.435 -13.435 7.5 -9.463 -16.391 7.5 -12.678 -12.678 6.5 
3 16 -12.678 -12.678 6.5 -9.463 -16.391 7.5 -8.965 -15.528 6.5 
3 16 -8.965 -15.528 6.5 -3.725 -6.451 6.5 -12.678 -12.678 6.5 
3 16 -16.851 -16.851 7.5 -11.916 -20.639 7.5 -13.435 -13.435 7.5 
3 16 -13.435 -13.435 7.5 -11.916 -20.639 7.5 -9.463 -16.391 7.5 
3 16 -13.082 -22.658 5.88 -12.534 -21.709 7.171 -18.5 -18.5 5.88 
3 16 -18.5 -18.5 5.88 -12.534 -21.709 7.171 -17.725 -17.725 7.171 
3 16 -12.534 -21.709 7.171 -11.916 -20.639 7.5 -17.725 -17.725 7.171 
3 16 -17.725 -17.725 7.171 -11.916 -20.639 7.5 -16.851 -16.851 7.5 
3 16 -13.435 -13.435 2.5 -16.391 -9.463 2.5 -12.678 -12.678 3.5 
3 16 -12.678 -12.678 3.5 -16.391 -9.463 2.5 -15.528 -8.965 3.5 
3 16 -15.528 -8.965 3.5 -6.451 -3.725 3.5 -12.678 -12.678 3.5 
3 16 -16.851 -16.851 2.5 -20.639 -11.916 2.5 -13.435 -13.435 2.5 
3 16 -13.435 -13.435 2.5 -20.639 -11.916 2.5 -16.391 -9.463 2.5 
3 16 -22.658 -13.082 4.12 -21.709 -12.534 2.829 -18.5 -18.5 4.12 
3 16 -18.5 -18.5 4.12 -21.709 -12.534 2.829 -17.725 -17.725 2.829 
3 16 -21.709 -12.534 2.829 -20.639 -11.916 2.5 -17.725 -17.725 2.829 
3 16 -17.725 -17.725 2.829 -20.639 -11.916 2.5 -16.851 -16.851 2.5 
3 16 -13.435 -13.435 2.5 -12.678 -12.678 3.5 -9.463 -16.391 2.5 
3 16 -9.463 -16.391 2.5 -12.678 -12.678 3.5 -8.965 -15.528 3.5 
3 16 -6.451 -3.725 3.5 -3.725 -6.451 3.5 -12.678 -12.678 3.5 
3 16 -12.678 -12.678 3.5 -3.725 -6.451 3.5 -8.965 -15.528 3.5 
3 16 -9.463 -16.391 2.5 -11.916 -20.639 2.5 -13.435 -13.435 2.5 
3 16 -13.435 -13.435 2.5 -11.916 -20.639 2.5 -16.851 -16.851 2.5 
3 16 -13.082 -22.658 4.12 -18.5 -18.5 4.12 -12.534 -21.709 2.829 
3 16 -12.534 -21.709 2.829 -18.5 -18.5 4.12 -17.725 -17.725 2.829 
3 16 -12.534 -21.709 2.829 -17.725 -17.725 2.829 -11.916 -20.639 2.5 
3 16 -11.916 -20.639 2.5 -17.725 -17.725 2.829 -16.851 -16.851 2.5 
3 16 -18.5 -18.5 4.12 -13.082 -22.658 4.12 -18.5 -18.5 5.88 
3 16 -18.5 -18.5 5.88 -13.082 -22.658 4.12 -13.082 -22.658 5.88 
3 16 -18.5 -18.5 5.88 -22.658 -13.082 5.88 -18.5 -18.5 4.12 
3 16 -18.5 -18.5 4.12 -22.658 -13.082 5.88 -22.658 -13.082 4.12 
3 16 -18.353 -4.918 7.5 -17.319 -4.641 6.5 -18.926 0 7.5 
3 16 -18.926 0 7.5 -17.319 -4.641 6.5 -17.93 0 6.5 
3 16 -6.451 -3.725 6.5 -7.449 0 6.5 -17.319 -4.641 6.5 
3 16 -17.319 -4.641 6.5 -7.449 0 6.5 -17.93 0 6.5 
3 16 -18.926 0 7.5 -23.832 0 7.5 -18.353 -4.918 7.5 
3 16 -18.353 -4.918 7.5 -23.832 0 7.5 -23.019 -6.168 7.5 
3 16 -26.164 0 5.88 -25.272 -6.772 5.88 -25.067 0 7.171 
3 16 -25.067 0 7.171 -25.272 -6.772 5.88 -24.213 -6.488 7.171 
3 16 -25.067 0 7.171 -24.213 -6.488 7.171 -23.832 0 7.5 
3 16 -23.832 0 7.5 -24.213 -6.488 7.171 -23.019 -6.168 7.5 
3 16 -18.353 -4.918 7.5 -16.391 -9.463 7.5 -17.319 -4.641 6.5 
3 16 -17.319 -4.641 6.5 -16.391 -9.463 7.5 -15.528 -8.965 6.5 
3 16 -15.528 -8.965 6.5 -6.451 -3.725 6.5 -17.319 -4.641 6.5 
3 16 -23.019 -6.168 7.5 -20.639 -11.916 7.5 -18.353 -4.918 7.5 
3 16 -18.353 -4.918 7.5 -20.639 -11.916 7.5 -16.391 -9.463 7.5 
3 16 -22.658 -13.082 5.88 -21.709 -12.534 7.171 -25.272 -6.772 5.88 
3 16 -25.272 -6.772 5.88 -21.709 -12.534 7.171 -24.213 -6.488 7.171 
3 16 -21.709 -12.534 7.171 -20.639 -11.916 7.5 -24.213 -6.488 7.171 
3 16 -24.213 -6.488 7.171 -20.639 -11.916 7.5 -23.019 -6.168 7.5 
3 16 -18.353 -4.918 2.5 -18.926 0 2.5 -17.319 -4.641 3.5 
3 16 -17.319 -4.641 3.5 -18.926 0 2.5 -17.93 0 3.5 
3 16 -17.93 0 3.5 -7.449 0 3.5 -17.319 -4.641 3.5 
3 16 -23.019 -6.168 2.5 -23.832 0 2.5 -18.353 -4.918 2.5 
3 16 -18.353 -4.918 2.5 -23.832 0 2.5 -18.926 0 2.5 
3 16 -26.164 0 4.12 -25.067 0 2.829 -25.272 -6.772 4.12 
3 16 -25.272 -6.772 4.12 -25.067 0 2.829 -24.213 -6.488 2.829 
3 16 -25.067 0 2.829 -23.832 0 2.5 -24.213 -6.488 2.829 
3 16 -24.213 -6.488 2.829 -23.832 0 2.5 -23.019 -6.168 2.5 
3 16 -18.353 -4.918 2.5 -17.319 -4.641 3.5 -16.391 -9.463 2.5 
3 16 -16.391 -9.463 2.5 -17.319 -4.641 3.5 -15.528 -8.965 3.5 
3 16 -7.449 0 3.5 -6.451 -3.725 3.5 -17.319 -4.641 3.5 
3 16 -17.319 -4.641 3.5 -6.451 -3.725 3.5 -15.528 -8.965 3.5 
3 16 -16.391 -9.463 2.5 -20.639 -11.916 2.5 -18.353 -4.918 2.5 
3 16 -18.353 -4.918 2.5 -20.639 -11.916 2.5 -23.019 -6.168 2.5 
3 16 -22.658 -13.082 4.12 -25.272 -6.772 4.12 -21.709 -12.534 2.829 
3 16 -21.709 -12.534 2.829 -25.272 -6.772 4.12 -24.213 -6.488 2.829 
3 16 -21.709 -12.534 2.829 -24.213 -6.488 2.829 -20.639 -11.916 2.5 
3 16 -20.639 -11.916 2.5 -24.213 -6.488 2.829 -23.019 -6.168 2.5 
3 16 -25.272 -6.772 4.12 -22.658 -13.082 4.12 -25.272 -6.772 5.88 
3 16 -25.272 -6.772 5.88 -22.658 -13.082 4.12 -22.658 -13.082 5.88 
3 16 -25.272 -6.772 5.88 -26.164 0 5.88 -25.272 -6.772 4.12 
3 16 -25.272 -6.772 4.12 -26.164 0 5.88 -26.164 0 4.12 
3 16 -7.449 0 10 -7.449 0 0 -6.451 -3.725 10 
3 16 -6.451 -3.725 10 -7.449 0 0 -6.451 -3.725 0 
3 16 -6.451 -3.725 10 -6.451 -3.725 0 -3.725 -6.451 10 
3 16 -3.725 -6.451 10 -6.451 -3.725 0 -3.725 -6.451 0 
3 16 -3.725 -6.451 10 -3.725 -6.451 0 0 -7.449 10 
3 16 0 -7.449 10 -3.725 -6.451 0 0 -7.449 0 
3 16 0 -7.449 10 0 -7.449 0 3.725 -6.451 10 
3 16 3.725 -6.451 10 0 -7.449 0 3.725 -6.451 0 
3 16 3.725 -6.451 10 3.725 -6.451 0 6.451 -3.725 10 
3 16 6.451 -3.725 10 3.725 -6.451 0 6.451 -3.725 0 
3 16 6.451 -3.725 10 6.451 -3.725 0 7.449 0 10 
3 16 7.449 0 10 6.451 -3.725 0 7.449 0 0 
3 16 7.449 0 10 7.449 0 0 6.451 3.725 10 
3 16 6.451 3.725 10 7.449 0 0 6.451 3.725 0 
3 16 6.451 3.725 10 6.451 3.725 0 3.725 6.451 10 
3 16 3.725 6.451 10 6.451 3.725 0 3.725 6.451 0 
3 16 3.725 6.451 10 3.725 6.451 0 0 7.449 10 
3 16 0 7.449 10 3.725 6.451 0 0 7.449 0 
3 16 0 7.449 10 0 7.449 0 -3.725 6.451 10 
3 16 -3.725 6.451 10 0 7.449 0 -3.725 6.451 0 
3 16 -3.725 6.451 10 -3.725 6.451 0 -6.451 3.725 10 
3 16 -6.451 3.725 10 -3.725 6.451 0 -6.451 3.725 0 
3 16 -6.451 3.725 10 -6.451 3.725 0 -7.449 0 10 
3 16 -7.449 0 10 -6.451 3.725 0 -7.449 0 0 
3 16 -18.353 4.918 7.5 -17.319 4.641 6.5 -16.391 9.463 7.5 
3 16 -16.391 9.463 7.5 -17.319 4.641 6.5 -15.528 8.965 6.5 
3 16 -7.449 0 6.5 -6.451 3.725 6.5 -17.319 4.641 6.5 
3 16 -17.319 4.641 6.5 -6.451 3.725 6.5 -15.528 8.965 6.5 
3 16 -16.391 9.463 7.5 -20.639 11.916 7.5 -18.353 4.918 7.5 
3 16 -18.353 4.918 7.5 -20.639 11.916 7.5 -23.019 6.168 7.5 
3 16 -22.658 13.082 5.88 -25.272 6.772 5.88 -21.709 12.534 7.171 
3 16 -21.709 12.534 7.171 -25.272 6.772 5.88 -24.213 6.488 7.171 
3 16 -21.709 12.534 7.171 -24.213 6.488 7.171 -20.639 11.916 7.5 
3 16 -20.639 11.916 7.5 -24.213 6.488 7.171 -23.019 6.168 7.5 
3 16 -18.353 4.918 7.5 -18.926 0 7.5 -17.319 4.641 6.5 
3 16 -17.319 4.641 6.5 -18.926 0 7.5 -17.93 0 6.5 
3 16 -17.93 0 6.5 -7.449 0 6.5 -17.319 4.641 6.5 
3 16 -23.019 6.168 7.5 -23.832 0 7.5 -18.353 4.918 7.5 
3 16 -18.353 4.918 7.5 -23.832 0 7.5 -18.926 0 7.5 
3 16 -26.164 0 5.88 -25.067 0 7.171 -25.272 6.772 5.88 
3 16 -25.272 6.772 5.88 -25.067 0 7.171 -24.213 6.488 7.171 
3 16 -25.067 0 7.171 -23.832 0 7.5 -24.213 6.488 7.171 
3 16 -24.213 6.488 7.171 -23.832 0 7.5 -23.019 6.168 7.5 
3 16 -18.353 4.918 2.5 -16.391 9.463 2.5 -17.319 4.641 3.5 
3 16 -17.319 4.641 3.5 -16.391 9.463 2.5 -15.528 8.965 3.5 
3 16 -15.528 8.965 3.5 -6.451 3.725 3.5 -17.319 4.641 3.5 
3 16 -23.019 6.168 2.5 -20.639 11.916 2.5 -18.353 4.918 2.5 
3 16 -18.353 4.918 2.5 -20.639 11.916 2.5 -16.391 9.463 2.5 
3 16 -22.658 13.082 4.12 -21.709 12.534 2.829 -25.272 6.772 4.12 
3 16 -25.272 6.772 4.12 -21.709 12.534 2.829 -24.213 6.488 2.829 
3 16 -21.709 12.534 2.829 -20.639 11.916 2.5 -24.213 6.488 2.829 
3 16 -24.213 6.488 2.829 -20.639 11.916 2.5 -23.019 6.168 2.5 
3 16 -18.353 4.918 2.5 -17.319 4.641 3.5 -18.926 0 2.5 
3 16 -18.926 0 2.5 -17.319 4.641 3.5 -17.93 0 3.5 
3 16 -6.451 3.725 3.5 -7.449 0 3.5 -17.319 4.641 3.5 
3 16 -17.319 4.641 3.5 -7.449 0 3.5 -17.93 0 3.5 
3 16 -18.926 0 2.5 -23.832 0 2.5 -18.353 4.918 2.5 
3 16 -18.353 4.918 2.5 -23.832 0 2.5 -23.019 6.168 2.5 
3 16 -26.164 0 4.12 -25.272 6.772 4.12 -25.067 0 2.829 
3 16 -25.067 0 2.829 -25.272 6.772 4.12 -24.213 6.488 2.829 
3 16 -25.067 0 2.829 -24.213 6.488 2.829 -23.832 0 2.5 
3 16 -23.832 0 2.5 -24.213 6.488 2.829 -23.019 6.168 2.5 
3 16 -25.272 6.772 4.12 -26.164 0 4.12 -25.272 6.772 5.88 
3 16 -25.272 6.772 5.88 -26.164 0 4.12 -26.164 0 5.88 
3 16 -25.272 6.772 5.88 -22.658 13.082 5.88 -25.272 6.772 4.12 
3 16 -25.272 6.772 4.12 -22.658 13.082 5.88 -22.658 13.082 4.12 
3 16 -13.435 13.435 7.5 -12.678 12.678 6.5 -9.463 16.391 7.5 
3 16 -9.463 16.391 7.5 -12.678 12.678 6.5 -8.965 15.528 6.5 
3 16 -6.451 3.725 6.5 -3.725 6.451 6.5 -12.678 12.678 6.5 
3 16 -12.678 12.678 6.5 -3.725 6.451 6.5 -8.965 15.528 6.5 
3 16 -9.463 16.391 7.5 -11.916 20.639 7.5 -13.435 13.435 7.5 
3 16 -13.435 13.435 7.5 -11.916 20.639 7.5 -16.851 16.851 7.5 
3 16 -13.082 22.658 5.88 -18.5 18.5 5.88 -12.534 21.709 7.171 
3 16 -12.534 21.709 7.171 -18.5 18.5 5.88 -17.725 17.725 7.171 
3 16 -12.534 21.709 7.171 -17.725 17.725 7.171 -11.916 20.639 7.5 
3 16 -11.916 20.639 7.5 -17.725 17.725 7.171 -16.851 16.851 7.5 
3 16 -13.435 13.435 7.5 -16.391 9.463 7.5 -12.678 12.678 6.5 
3 16 -12.678 12.678 6.5 -16.391 9.463 7.5 -15.528 8.965 6.5 
3 16 -15.528 8.965 6.5 -6.451 3.725 6.5 -12.678 12.678 6.5 
3 16 -16.851 16.851 7.5 -20.639 11.916 7.5 -13.435 13.435 7.5 
3 16 -13.435 13.435 7.5 -20.639 11.916 7.5 -16.391 9.463 7.5 
3 16 -22.658 13.082 5.88 -21.709 12.534 7.171 -18.5 18.5 5.88 
3 16 -18.5 18.5 5.88 -21.709 12.534 7.171 -17.725 17.725 7.171 
3 16 -21.709 12.534 7.171 -20.639 11.916 7.5 -17.725 17.725 7.171 
3 16 -17.725 17.725 7.171 -20.639 11.916 7.5 -16.851 16.851 7.5 
3 16 -13.435 13.435 2.5 -9.463 16.391 2.5 -12.678 12.678 3.5 
3 16 -12.678 12.678 3.5 -9.463 16.391 2.5 -8.965 15.528 3.5 
3 16 -8.965 15.528 3.5 -3.725 6.451 3.5 -12.678 12.678 3.5 
3 16 -16.851 16.851 2.5 -11.916 20.639 2.5 -13.435 13.435 2.5 
3 16 -13.435 13.435 2.5 -11.916 20.639 2.5 -9.463 16.391 2.5 
3 16 -13.082 22.658 4.12 -12.534 21.709 2.829 -18.5 18.5 4.12 
3 16 -18.5 18.5 4.12 -12.534 21.709 2.829 -17.725 17.725 2.829 
3 16 -12.534 21.709 2.829 -11.916 20.639 2.5 -17.725 17.725 2.829 
3 16 -17.725 17.725 2.829 -11.916 20.639 2.5 -16.851 16.851 2.5 
3 16 -13.435 13.435 2.5 -12.678 12.678 3.5 -16.391 9.463 2.5 
3 16 -16.391 9.463 2.5 -12.678 12.678 3.5 -15.528 8.965 3.5 
3 16 -3.725 6.451 3.5 -6.451 3.725 3.5 -12.678 12.678 3.5 
3 16 -12.678 12.678 3.5 -6.451 3.725 3.5 -15.528 8.965 3.5 
3 16 -16.391 9.463 2.5 -20.639 11.916 2.5 -13.435 13.435 2.5 
3 16 -13.435 13.435 2.5 -20.639 11.916 2.5 -16.851 16.851 2.5 
3 16 -22.658 13.082 4.12 -18.5 18.5 4.12 -21.709 12.534 2.829 
3 16 -21.709 12.534 2.829 -18.5 18.5 4.12 -17.725 17.725 2.829 
3 16 -21.709 12.534 2.829 -17.725 17.725 2.829 -20.639 11.916 2.5 
3 16 -20.639 11.916 2.5 -17.725 17.725 2.829 -16.851 16.851 2.5 
3 16 -18.5 18.5 4.12 -22.658 13.082 4.12 -18.5 18.5 5.88 
3 16 -18.5 18.5 5.88 -22.658 13.082 4.12 -22.658 13.082 5.88 
3 16 -18.5 18.5 5.88 -13.082 22.658 5.88 -18.5 18.5 4.12 
3 16 -18.5 18.5 4.12 -13.082 22.658 5.88 -13.082 22.658 4.12 
3 16 -4.918 18.353 7.5 -4.641 17.319 6.5 0 18.926 7.5 
3 16 0 18.926 7.5 -4.641 17.319 6.5 0 17.93 6.5 
3 16 -3.725 6.451 6.5 0 7.449 6.5 -4.641 17.319 6.5 
3 16 -4.641 17.319 6.5 0 7.449 6.5 0 17.93 6.5 
3 16 0 18.926 7.5 0 23.832 7.5 -4.918 18.353 7.5 
3 16 -4.918 18.353 7.5 0 23.832 7.5 -6.168 23.019 7.5 
3 16 0 26.164 5.88 -6.772 25.272 5.88 0 25.067 7.171 
3 16 0 25.067 7.171 -6.772 25.272 5.88 -6.488 24.213 7.171 
3 16 0 25.067 7.171 -6.488 24.213 7.171 0 23.832 7.5 
3 16 0 23.832 7.5 -6.488 24.213 7.171 -6.168 23.019 7.5 
3 16 -4.918 18.353 7.5 -9.463 16.391 7.5 -4.641 17.319 6.5 
3 16 -4.641 17.319 6.5 -9.463 16.391 7.5 -8.965 15.528 6.5 
3 16 -8.965 15.528 6.5 -3.725 6.451 6.5 -4.641 17.319 6.5 
3 16 -6.168 23.019 7.5 -11.916 20.639 7.5 -4.918 18.353 7.5 
3 16 -4.918 18.353 7.5 -11.916 20.639 7.5 -9.463 16.391 7.5 
3 16 -13.082 22.658 5.88 -12.534 21.709 7.171 -6.772 25.272 5.88 
3 16 -6.772 25.272 5.88 -12.534 21.709 7.171 -6.488 24.213 7.171 
3 16 -12.534 21.709 7.171 -11.916 20.639 7.5 -6.488 24.213 7.171 
3 16 -6.488 24.213 7.171 -11.916 20.639 7.5 -6.168 23.019 7.5 
3 16 -4.918 18.353 2.5 0 18.926 2.5 -4.641 17.319 3.5 
3 16 -4.641 17.319 3.5 0 18.926 2.5 0 17.93 3.5 
3 16 0 17.93 3.5 0 7.449 3.5 -4.641 17.319 3.5 
3 16 -6.168 23.019 2.5 0 23.832 2.5 -4.918 18.353 2.5 
3 16 -4.918 18.353 2.5 0 23.832 2.5 0 18.926 2.5 
3 16 0 26.164 4.12 0 25.067 2.829 -6.772 25.272 4.12 
3 16 -6.772 25.272 4.12 0 25.067 2.829 -6.488 24.213 2.829 
3 16 0 25.067 2.829 0 23.832 2.5 -6.488 24.213 2.829 
3 16 -6.488 24.213 2.829 0 23.832 2.5 -6.168 23.019 2.5 
3 16 -4.918 18.353 2.5 -4.641 17.319 3.5 -9.463 16.391 2.5 
3 16 -9.463 16.391 2.5 -4.641 17.319 3.5 -8.965 15.528 3.5 
3 16 0 7.449 3.5 -3.725 6.451 3.5 -4.641 17.319 3.5 
3 16 -4.641 17.319 3.5 -3.725 6.451 3.5 -8.965 15.528 3.5 
3 16 -9.463 16.391 2.5 -11.916 20.639 2.5 -4.918 18.353 2.5 
3 16 -4.918 18.353 2.5 -11.916 20.639 2.5 -6.168 23.019 2.5 
3 16 -13.082 22.658 4.12 -6.772 25.272 4.12 -12.534 21.709 2.829 
3 16 -12.534 21.709 2.829 -6.772 25.272 4.12 -6.488 24.213 2.829 
3 16 -12.534 21.709 2.829 -6.488 24.213 2.829 -11.916 20.639 2.5 
3 16 -11.916 20.639 2.5 -6.488 24.213 2.829 -6.168 23.019 2.5 
3 16 -6.772 25.272 4.12 -13.082 22.658 4.12 -6.772 25.272 5.88 
3 16 -6.772 25.272 5.88 -13.082 22.658 4.12 -13.082 22.658 5.88 
3 16 -6.772 25.272 5.88 0 26.164 5.88 -6.772 25.272 4.12 
3 16 -6.772 25.272 4.12 0 26.164 5.88 0 26.164 4.12 
3 16 4.918 18.353 7.5 4.641 17.319 6.5 9.463 16.391 7.5 
3 16 9.463 16.391 7.5 4.641 17.319 6.5 8.965 15.528 6.5 
3 16 0 7.449 6.5 3.725 6.451 6.5 4.641 17.319 6.5 
3 16 4.641 17.319 6.5 3.725 6.451 6.5 8.965 15.528 6.5 
3 16 9.463 16.391 7.5 11.916 20.639 7.5 4.918 18.353 7.5 
3 16 4.918 18.353 7.5 11.916 20.639 7.5 6.168 23.019 7.5 
3 16 13.082 22.658 5.88 6.772 25.272 5.88 12.534 21.709 7.171 
3 16 12.534 21.709 7.171 6.772 25.272 5.88 6.488 24.213 7.171 
3 16 12.534 21.709 7.171 6.488 24.213 7.171 11.916 20.639 7.5 
3 16 11.916 20.639 7.5 6.488 24.213 7.171 6.168 23.019 7.5 
3 16 4.918 18.353 7.5 0 18.926 7.5 4.641 17.319 6.5 
3 16 4.641 17.319 6.5 0 18.926 7.5 0 17.93 6.5 
3 16 0 17.93 6.5 0 7.449 6.5 4.641 17.319 6.5 
3 16 6.168 23.019 7.5 0 23.832 7.5 4.918 18.353 7.5 
3 16 4.918 18.353 7.5 0 23.832 7.5 0 18.926 7.5 
3 16 0 26.164 5.88 0 25.067 7.171 6.772 25.272 5.88 
3 16 6.772 25.272 5.88 0 25.067 7.171 6.488 24.213 7.171 
3 16 0 25.067 7.171 0 23.832 7.5 6.488 24.213 7.171 
3 16 6.488 24.213 7.171 0 23.832 7.5 6.168 23.019 7.5 
3 16 4.918 18.353 2.5 9.463 16.391 2.5 4.641 17.319 3.5 
3 16 4.641 17.319 3.5 9.463 16.391 2.5 8.965 15.528 3.5 
3 16 8.965 15.528 3.5 3.725 6.451 3.5 4.641 17.319 3.5 
3 16 6.168 23.019 2.5 11.916 20.639 2.5 4.918 18.353 2.5 
3 16 4.918 18.353 2.5 11.916 20.639 2.5 9.463 16.391 2.5 
3 16 13.082 22.658 4.12 12.534 21.709 2.829 6.772 25.272 4.12 
3 16 6.772 25.272 4.12 12.534 21.709 2.829 6.488 24.213 2.829 
3 16 12.534 21.709 2.829 11.916 20.639 2.5 6.488 24.213 2.829 
3 16 6.488 24.213 2.829 11.916 20.639 2.5 6.168 23.019 2.5 
3 16 4.918 18.353 2.5 4.641 17.319 3.5 0 18.926 2.5 
3 16 0 18.926 2.5 4.641 17.319 3.5 0 17.93 3.5 
3 16 3.725 6.451 3.5 0 7.449 3.5 4.641 17.319 3.5 
3 16 4.641 17.319 3.5 0 7.449 3.5 0 17.93 3.5 
3 16 0 18.926 2.5 0 23.832 2.5 4.918 18.353 2.5 
3 16 4.918 18.353 2.5 0 23.832 2.5 6.168 23.019 2.5 
3 16 0 26.164 4.12 6.772 25.272 4.12 0 25.067 2.829 
3 16 0 25.067 2.829 6.772 25.272 4.12 6.488 24.213 2.829 
3 16 0 25.067 2.829 6.488 24.213 2.829 0 23.832 2.5 
3 16 0 23.832 2.5 6.488 24.213 2.829 6.168 23.019 2.5 
3 16 6.772 25.272 4.12 0 26.164 4.12 6.772 25.272 5.88 
3 16 6.772 25.272 5.88 0 26.164 4.12 0 26.164 5.88 
3 16 6.772 25.272 5.88 13.082 22.658 5.88 6.772 25.272 4.12 
3 16 6.772 25.272 4.12 13.082 22.658 5.88 13.082 22.658 4.12 
3 16 13.435 13.435 7.5 12.678 12.678 6.5 16.391 9.463 7.5 
3 16 16.391 9.463 7.5 12.678 12.678 6.5 15.528 8.965 6.5 
3 16 3.725 6.451 6.5 6.451 3.725 6.5 12.678 12.678 6.5 
3 16 12.678 12.678 6.5 6.451 3.725 6.5 15.528 8.965 6.5 
3 16 16.391 9.463 7.5 20.639 11.916 7.5 13.435 13.435 7.5 
3 16 13.435 13.435 7.5 20.639 11.916 7.5 16.851 16.851 7.5 
3 16 22.658 13.082 5.88 18.5 18.5 5.88 21.709 12.534 7.171 
3 16 21.709 12.534 7.171 18.5 18.5 5.88 17.725 17.725 7.171 
3 16 21.709 12.534 7.171 17.725 17.725 7.171 20.639 11.916 7.5 
3 16 20.639 11.916 7.5 17.725 17.725 7.171 16.851 16.851 7.5 
3 16 13.435 13.435 7.5 9.463 16.391 7.5 12.678 12.678 6.5 
3 16 12.678 12.678 6.5 9.463 16.391 7.5 8.965 15.528 6.5 
3 16 8.965 15.528 6.5 3.725 6.451 6.5 12.678 12.678 6.5 
3 16 16.851 16.851 7.5 11.916 20.639 7.5 13.435 13.435 7.5 
3 16 13.435 13.435 7.5 11.916 20.639 7.5 9.463 16.391 7.5 
3 16 13.082 22.658 5.88 12.534 21.709 7.171 18.5 18.5 5.88 
3 16 18.5 18.5 5.88 12.534 21.709 7.171 17.725 17.725 7.171 
3 16 12.534 21.709 7.171 11.916 20.639 7.5 17.725 17.725 7.171 
3 16 17.725 17.725 7.171 11.916 20.639 7.5 16.851 16.851 7.5 
3 16 13.435 13.435 2.5 16.391 9.463 2.5 12.678 12.678 3.5 
3 16 12.678 12.678 3.5 16.391 9.463 2.5 15.528 8.965 3.5 
3 16 15.528 8.965 3.5 6.451 3.725 3.5 12.678 12.678 3.5 
3 16 16.851 16.851 2.5 20.639 11.916 2.5 13.435 13.435 2.5 
3 16 13.435 13.435 2.5 20.639 11.916 2.5 16.391 9.463 2.5 
3 16 22.658 13.082 4.12 21.709 12.534 2.829 18.5 18.5 4.12 
3 16 18.5 18.5 4.12 21.709 12.534 2.829 17.725 17.725 2.829 
3 16 21.709 12.534 2.829 20.639 11.916 2.5 17.725 17.725 2.829 
3 16 17.725 17.725 2.829 20.639 11.916 2.5 16.851 16.851 2.5 
3 16 13.435 13.435 2.5 12.678 12.678 3.5 9.463 16.391 2.5 
3 16 9.463 16.391 2.5 12.678 12.678 3.5 8.965 15.528 3.5 
3 16 6.451 3.725 3.5 3.725 6.451 3.5 12.678 12.678 3.5 
3 16 12.678 12.678 3.5 3.725 6.451 3.5 8.965 15.528 3.5 
3 16 9.463 16.391 2.5 11.916 20.639 2.5 13.435 13.435 2.5 
3 16 13.435 13.435 2.5 11.916 20.639 2.5 16.851 16.851 2.5 
3 16 13.082 22.658 4.12 18.5 18.5 4.12 12.534 21.709 2.829 
3 16 12.534 21.709 2.829 18.5 18.5 4.12 17.725 17.725 2.829 
3 16 12.534 21.709 2.829 17.725 17.725 2.829 11.916 20.639 2.5 
3 16 11.916 20.639 2.5 17.725 17.725 2.829 16.851 16.851 2.5 
3 16 18.5 18.5 4.12 13.082 22.658 4.12 18.5 18.5 5.88 
3 16 18.5 18.5 5.88 13.082 22.658 4.12 13.082 22.658 5.88 
3 16 18.5 18.5 5.88 22.658 13.082 5.88 18.5 18.5 4.12 
3 16 18.5 18.5 4.12 22.658 13.082 5.88 22.658 13.082 4.12 
3 16 18.353 4.918 7.5 17.319 4.641 6.5 18.926 0 7.5 
3 16 18.926 0 7.5 17.319 4.641 6.5 17.93 0 6.5 
3 16 6.451 3.725 6.5 7.449 0 6.5 17.319 4.641 6.5 
3 16 17.319 4.641 6.5 7.449 0 6.5 17.93 0 6.5 
3 16 18.926 0 7.5 23.832 0 7.5 18.353 4.918 7.5 
3 16 18.353 4.918 7.5 23.832 0 7.5 23.019 6.168 7.5 
3 16 26.164 0 5.88 25.272 6.772 5.88 25.067 0 7.171 
3 16 25.067 0 7.171 25.272 6.772 5.88 24.213 6.488 7.171 
3 16 25.067 0 7.171 24.213 6.488 7.171 23.832 0 7.5 
3 16 23.832 0 7.5 24.213 6.488 7.171 23.019 6.168 7.5 
3 16 18.353 4.918 7.5 16.391 9.463 7.5 17.319 4.641 6.5 
3 16 17.319 4.641 6.5 16.391 9.463 7.5 15.528 8.965 6.5 
3 16 15.528 8.965 6.5 6.451 3.725 6.5 17.319 4.641 6.5 
3 16 23.019 6.168 7.5 20.639 11.916 7.5 18.353 4.918 7.5 
3 16 18.353 4.918 7.5 20.639 11.916 7.5 16.391 9.463 7.5 
3 16 22.658 13.082 5.88 21.709 12.534 7.171 25.272 6.772 5.88 
3 16 25.272 6.772 5.88 21.709 12.534 7.171 24.213 6.488 7.171 
3 16 21.709 12.534 7.171 20.639 11.916 7.5 24.213 6.488 7.171 
3 16 24.213 6.488 7.171 20.639 11.916 7.5 23.019 6.168 7.5 
3 16 18.353 4.918 2.5 18.926 0 2.5 17.319 4.641 3.5 
3 16 17.319 4.641 3.5 18.926 0 2.5 17.93 0 3.5 
3 16 17.93 0 3.5 7.449 0 3.5 17.319 4.641 3.5 
3 16 23.019 6.168 2.5 23.832 0 2.5 18.353 4.918 2.5 
3 16 18.353 4.918 2.5 23.832 0 2.5 18.926 0 2.5 
3 16 26.164 0 4.12 25.067 0 2.829 25.272 6.772 4.12 
3 16 25.272 6.772 4.12 25.067 0 2.829 24.213 6.488 2.829 
3 16 25.067 0 2.829 23.832 0 2.5 24.213 6.488 2.829 
3 16 24.213 6.488 2.829 23.832 0 2.5 23.019 6.168 2.5 
3 16 18.353 4.918 2.5 17.319 4.641 3.5 16.391 9.463 2.5 
3 16 16.391 9.463 2.5 17.319 4.641 3.5 15.528 8.965 3.5 
3 16 7.449 0 3.5 6.451 3.725 3.5 17.319 4.641 3.5 
3 16 17.319 4.641 3.5 6.451 3.725 3.5 15.528 8.965 3.5 
3 16 16.391 9.463 2.5 20.639 11.916 2.5 18.353 4.918 2.5 
3 16 18.353 4.918 2.5 20.639 11.916 2.5 23.019 6.168 2.5 
3 16 22.658 13.082 4.12 25.272 6.772 4.12 21.709 12.534 2.829 
3 16 21.709 12.534 2.829 25.272 6.772 4.12 24.213 6.488 2.829 
3 16 21.709 12.534 2.829 24.213 6.488 2.829 20.639 11.916 2.5 
3 16 20.639 11.916 2.5 24.213 6.488 2.829 23.019 6.168 2.5 
3 16 25.272 6.772 4.12 22.658 13.082 4.12 25.272 6.772 5.88 
3 16 25.272 6.772 5.88 22.658 13.082 4.12 22.658 13.082 5.88 
3 16 25.272 6.772 5.88 26.164 0 5.88 25.272 6.772 4.12 
3 16 25.272 6.772 4.12 26.164 0 5.88 26.164 0 4.12 
3 16 18.353 -4.918 7.5 17.319 -4.641 6.5 16.391 -9.463 7.5 
3 16 16.391 -9.463 7.5 17.319 -4.641 6.5 15.528 -8.965 6.5 
3 16 7.449 0 6.5 6.451 -3.725 6.5 17.319 -4.641 6.5 
3 16 17.319 -4.641 6.5 6.451 -3.725 6.5 15.528 -8.965 6.5 
3 16 16.391 -9.463 7.5 20.639 -11.916 7.5 18.353 -4.918 7.5 
3 16 18.353 -4.918 7.5 20.639 -11.916 7.5 23.019 -6.168 7.5 
3 16 22.658 -13.082 5.88 25.272 -6.772 5.88 21.709 -12.534 7.171 
3 16 21.709 -12.534 7.171 25.272 -6.772 5.88 24.213 -6.488 7.171 
3 16 21.709 -12.534 7.171 24.213 -6.488 7.171 20.639 -11.916 7.5 
3 16 20.639 -11.916 7.5 24.213 -6.488 7.171 23.019 -6.168 7.5 
3 16 18.353 -4.918 7.5 18.926 0 7.5 17.319 -4.641 6.5 
3 16 17.319 -4.641 6.5 18.926 0 7.5 17.93 0 6.5 
3 16 17.93 0 6.5 7.449 0 6.5 17.319 -4.641 6.5 
3 16 23.019 -6.168 7.5 23.832 0 7.5 18.353 -4.918 7.5 
3 16 18.353 -4.918 7.5 23.832 0 7.5 18.926 0 7.5 
3 16 26.164 0 5.88 25.067 0 7.171 25.272 -6.772 5.88 
3 16 25.272 -6.772 5.88 25.067 0 7.171 24.213 -6.488 7.171 
3 16 25.067 0 7.171 23.832 0 7.5 24.213 -6.488 7.171 
3 16 24.213 -6.488 7.171 23.832 0 7.5 23.019 -6.168 7.5 
3 16 18.353 -4.918 2.5 16.391 -9.463 2.5 17.319 -4.641 3.5 
3 16 17.319 -4.641 3.5 16.391 -9.463 2.5 15.528 -8.965 3.5 
3 16 15.528 -8.965 3.5 6.451 -3.725 3.5 17.319 -4.641 3.5 
3 16 23.019 -6.168 2.5 20.639 -11.916 2.5 18.353 -4.918 2.5 
3 16 18.353 -4.918 2.5 20.639 -11.916 2.5 16.391 -9.463 2.5 
3 16 22.658 -13.082 4.12 21.709 -12.534 2.829 25.272 -6.772 4.12 
3 16 25.272 -6.772 4.12 21.709 -12.534 2.829 24.213 -6.488 2.829 
3 16 21.709 -12.534 2.829 20.639 -11.916 2.5 24.213 -6.488 2.829 
3 16 24.213 -6.488 2.829 20.639 -11.916 2.5 23.019 -6.168 2.5 
3 16 18.353 -4.918 2.5 17.319 -4.641 3.5 18.926 0 2.5 
3 16 18.926 0 2.5 17.319 -4.641 3.5 17.93 0 3.5 
3 16 6.451 -3.725 3.5 7.449 0 3.5 17.319 -4.641 3.5 
3 16 17.319 -4.641 3.5 7.449 0 3.5 17.93 0 3.5 
3 16 18.926 0 2.5 23.832 0 2.5 18.353 -4.918 2.5 
3 16 18.353 -4.918 2.5 23.832 0 2.5 23.019 -6.168 2.5 
3 16 26.164 0 4.12 25.272 -6.772 4.12 25.067 0 2.829 
3 16 25.067 0 2.829 25.272 -6.772 4.12 24.213 -6.488 2.829 
3 16 25.067 0 2.829 24.213 -6.488 2.829 23.832 0 2.5 
3 16 23.832 0 2.5 24.213 -6.488 2.829 23.019 -6.168 2.5 
3 16 25.272 -6.772 4.12 26.164 0 4.12 25.272 -6.772 5.88 
3 16 25.272 -6.772 5.88 26.164 0 4.12 26.164 0 5.88 
3 16 25.272 -6.772 5.88 22.658 -13.082 5.88 25.272 -6.772 4.12 
3 16 25.272 -6.772 4.12 22.658 -13.082 5.88 22.658 -13.082 4.12 
3 16 -18.577 0.609 2.738 -17.797 0.875 3.5 -7.286 0.609 2.738 
3 16 -7.286 0.609 2.738 -17.797 0.875 3.5 -7.216 0.875 3.5 
3 16 -18.926 0 2.5 -18.577 0.609 2.738 -7.449 0 2.5 
3 16 -7.449 0 2.5 -18.577 0.609 2.738 -7.286 0.609 2.738 
3 16 -18.577 -0.609 2.738 -7.286 -0.609 2.738 -17.797 -0.875 3.5 
3 16 -17.797 -0.875 3.5 -7.286 -0.609 2.738 -7.216 -0.875 3.5 
3 16 -18.926 0 2.5 -7.449 0 2.5 -18.577 -0.609 2.738 
3 16 -18.577 -0.609 2.738 -7.449 0 2.5 -7.286 -0.609 2.738 
3 16 -18.577 0.609 7.262 -7.286 0.609 7.262 -17.797 0.875 6.5 
3 16 -17.797 0.875 6.5 -7.286 0.609 7.262 -7.216 0.875 6.5 
3 16 -18.926 0 7.5 -7.449 0 7.5 -18.577 0.609 7.262 
3 16 -18.577 0.609 7.262 -7.449 0 7.5 -7.286 0.609 7.262 
3 16 -18.577 -0.609 7.262 -17.797 -0.875 6.5 -7.286 -0.609 7.262 
3 16 -7.286 -0.609 7.262 -17.797 -0.875 6.5 -7.216 -0.875 6.5 
3 16 -18.926 0 7.5 -18.577 -0.609 7.262 -7.449 0 7.5 
3 16 -7.449 0 7.5 -18.577 -0.609 7.262 -7.286 -0.609 7.262 
3 16 -16.393 -8.761 7.262 -6.615 -3.116 7.262 -15.851 -8.141 6.5 
3 16 -15.851 -8.141 6.5 -6.615 -3.116 7.262 -6.687 -2.85 6.5 
3 16 -16.391 -9.463 7.5 -6.451 -3.725 7.5 -16.393 -8.761 7.262 
3 16 -16.393 -8.761 7.262 -6.451 -3.725 7.5 -6.615 -3.116 7.262 
3 16 -15.784 -9.816 7.262 -14.976 -9.656 6.5 -6.006 -4.171 7.262 
3 16 -6.006 -4.171 7.262 -14.976 -9.656 6.5 -5.812 -4.366 6.5 
3 16 -16.391 -9.463 7.5 -15.784 -9.816 7.262 -6.451 -3.725 7.5 
3 16 -6.451 -3.725 7.5 -15.784 -9.816 7.262 -6.006 -4.171 7.262 
3 16 -16.393 -8.761 2.738 -15.851 -8.141 3.5 -6.615 -3.116 2.738 
3 16 -6.615 -3.116 2.738 -15.851 -8.141 3.5 -6.687 -2.85 3.5 
3 16 -16.391 -9.463 2.5 -16.393 -8.761 2.738 -6.451 -3.725 2.5 
3 16 -6.451 -3.725 2.5 -16.393 -8.761 2.738 -6.615 -3.116 2.738 
3 16 -15.784 -9.816 2.738 -6.006 -4.171 2.738 -14.976 -9.656 3.5 
3 16 -14.976 -9.656 3.5 -6.006 -4.171 2.738 -5.812 -4.366 3.5 
3 16 -16.391 -9.463 2.5 -6.451 -3.725 2.5 -15.784 -9.816 2.738 
3 16 -15.784 -9.816 2.738 -6.451 -3.725 2.5 -6.006 -4.171 2.738 
3 16 -8.761 16.393 2.738 -8.141 15.851 3.5 -3.116 6.615 2.738 
3 16 -3.116 6.615 2.738 -8.141 15.851 3.5 -2.85 6.687 3.5 
3 16 -9.463 16.391 2.5 -8.761 16.393 2.738 -3.725 6.451 2.5 
3 16 -3.725 6.451 2.5 -8.761 16.393 2.738 -3.116 6.615 2.738 
3 16 -9.816 15.784 2.738 -4.171 6.006 2.738 -9.656 14.976 3.5 
3 16 -9.656 14.976 3.5 -4.171 6.006 2.738 -4.366 5.812 3.5 
3 16 -9.463 16.391 2.5 -3.725 6.451 2.5 -9.816 15.784 2.738 
3 16 -9.816 15.784 2.738 -3.725 6.451 2.5 -4.171 6.006 2.738 
3 16 -8.761 16.393 7.262 -3.116 6.615 7.262 -8.141 15.851 6.5 
3 16 -8.141 15.851 6.5 -3.116 6.615 7.262 -2.85 6.687 6.5 
3 16 -9.463 16.391 7.5 -3.725 6.451 7.5 -8.761 16.393 7.262 
3 16 -8.761 16.393 7.262 -3.725 6.451 7.5 -3.116 6.615 7.262 
3 16 -9.816 15.784 7.262 -9.656 14.976 6.5 -4.171 6.006 7.262 
3 16 -4.171 6.006 7.262 -9.656 14.976 6.5 -4.366 5.812 6.5 
3 16 -9.463 16.391 7.5 -9.816 15.784 7.262 -3.725 6.451 7.5 
3 16 -3.725 6.451 7.5 -9.816 15.784 7.262 -4.171 6.006 7.262 
3 16 -15.784 9.816 7.262 -6.006 4.171 7.262 -14.976 9.656 6.5 
3 16 -14.976 9.656 6.5 -6.006 4.171 7.262 -5.812 4.366 6.5 
3 16 -16.391 9.463 7.5 -6.451 3.725 7.5 -15.784 9.816 7.262 
3 16 -15.784 9.816 7.262 -6.451 3.725 7.5 -6.006 4.171 7.262 
3 16 -16.393 8.761 7.262 -15.851 8.141 6.5 -6.615 3.116 7.262 
3 16 -6.615 3.116 7.262 -15.851 8.141 6.5 -6.687 2.85 6.5 
3 16 -16.391 9.463 7.5 -16.393 8.761 7.262 -6.451 3.725 7.5 
3 16 -6.451 3.725 7.5 -16.393 8.761 7.262 -6.615 3.116 7.262 
3 16 -15.784 9.816 2.738 -14.976 9.656 3.5 -6.006 4.171 2.738 
3 16 -6.006 4.171 2.738 -14.976 9.656 3.5 -5.812 4.366 3.5 
3 16 -16.391 9.463 2.5 -15.784 9.816 2.738 -6.451 3.725 2.5 
3 16 -6.451 3.725 2.5 -15.784 9.816 2.738 -6.006 4.171 2.738 
3 16 -16.393 8.761 2.738 -6.615 3.116 2.738 -15.851 8.141 3.5 
3 16 -15.851 8.141 3.5 -6.615 3.116 2.738 -6.687 2.85 3.5 
3 16 -16.391 9.463 2.5 -6.451 3.725 2.5 -16.393 8.761 2.738 
3 16 -16.393 8.761 2.738 -6.451 3.725 2.5 -6.615 3.116 2.738 
3 16 9.816 15.784 2.738 9.656 14.976 3.5 4.171 6.006 2.738 
3 16 4.171 6.006 2.738 9.656 14.976 3.5 4.366 5.812 3.5 
3 16 9.463 16.391 2.5 9.816 15.784 2.738 3.725 6.451 2.5 
3 16 3.725 6.451 2.5 9.816 15.784 2.738 4.171 6.006 2.738 
3 16 8.761 16.393 2.738 3.116 6.615 2.738 8.141 15.851 3.5 
3 16 8.141 15.851 3.5 3.116 6.615 2.738 2.85 6.687 3.5 
3 16 9.463 16.391 2.5 3.725 6.451 2.5 8.761 16.393 2.738 
3 16 8.761 16.393 2.738 3.725 6.451 2.5 3.116 6.615 2.738 
3 16 9.816 15.784 7.262 4.171 6.006 7.262 9.656 14.976 6.5 
3 16 9.656 14.976 6.5 4.171 6.006 7.262 4.366 5.812 6.5 
3 16 9.463 16.391 7.5 3.725 6.451 7.5 9.816 15.784 7.262 
3 16 9.816 15.784 7.262 3.725 6.451 7.5 4.171 6.006 7.262 
3 16 8.761 16.393 7.262 8.141 15.851 6.5 3.116 6.615 7.262 
3 16 3.116 6.615 7.262 8.141 15.851 6.5 2.85 6.687 6.5 
3 16 9.463 16.391 7.5 8.761 16.393 7.262 3.725 6.451 7.5 
3 16 3.725 6.451 7.5 8.761 16.393 7.262 3.116 6.615 7.262 
3 16 0.609 18.577 7.262 0.609 7.286 7.262 0.875 17.797 6.5 
3 16 0.875 17.797 6.5 0.609 7.286 7.262 0.875 7.216 6.5 
3 16 0 18.926 7.5 0 7.449 7.5 0.609 18.577 7.262 
3 16 0.609 18.577 7.262 0 7.449 7.5 0.609 7.286 7.262 
3 16 -0.609 18.577 7.262 -0.875 17.797 6.5 -0.609 7.286 7.262 
3 16 -0.609 7.286 7.262 -0.875 17.797 6.5 -0.875 7.216 6.5 
3 16 0 18.926 7.5 -0.609 18.577 7.262 0 7.449 7.5 
3 16 0 7.449 7.5 -0.609 18.577 7.262 -0.609 7.286 7.262 
3 16 0.609 18.577 2.738 0.875 17.797 3.5 0.609 7.286 2.738 
3 16 0.609 7.286 2.738 0.875 17.797 3.5 0.875 7.216 3.5 
3 16 0 18.926 2.5 0.609 18.577 2.738 0 7.449 2.5 
3 16 0 7.449 2.5 0.609 18.577 2.738 0.609 7.286 2.738 
3 16 -0.609 18.577 2.738 -0.609 7.286 2.738 -0.875 17.797 3.5 
3 16 -0.875 17.797 3.5 -0.609 7.286 2.738 -0.875 7.216 3.5 
3 16 0 18.926 2.5 0 7.449 2.5 -0.609 18.577 2.738 
3 16 -0.609 18.577 2.738 0 7.449 2.5 -0.609 7.286 2.738 
3 16 18.577 -0.609 2.738 17.797 -0.875 3.5 7.286 -0.609 2.738 
3 16 7.286 -0.609 2.738 17.797 -0.875 3.5 7.216 -0.875 3.5 
3 16 18.926 0 2.5 18.577 -0.609 2.738 7.449 0 2.5 
3 16 7.449 0 2.5 18.577 -0.609 2.738 7.286 -0.609 2.738 
3 16 18.577 0.609 2.738 7.286 0.609 2.738 17.797 0.875 3.5 
3 16 17.797 0.875 3.5 7.286 0.609 2.738 7.216 0.875 3.5 
3 16 18.926 0 2.5 7.449 0 2.5 18.577 0.609 2.738 
3 16 18.577 0.609 2.738 7.449 0 2.5 7.286 0.609 2.738 
3 16 18.577 -0.609 7.262 7.286 -0.609 7.262 17.797 -0.875 6.5 
3 16 17.797 -0.875 6.5 7.286 -0.609 7.262 7.216 -0.875 6.5 
3 16 18.926 0 7.5 7.449 0 7.5 18.577 -0.609 7.262 
3 16 18.577 -0.609 7.262 7.449 0 7.5 7.286 -0.609 7.262 
3 16 18.577 0.609 7.262 17.797 0.875 6.5 7.286 0.609 7.262 
3 16 7.286 0.609 7.262 17.797 0.875 6.5 7.216 0.875 6.5 
3 16 18.926 0 7.5 18.577 0.609 7.262 7.449 0 7.5 
3 16 7.449 0 7.5 18.577 0.609 7.262 7.286 0.609 7.262 
3 16 16.393 8.761 7.262 6.615 3.116 7.262 15.851 8.141 6.5 
3 16 15.851 8.141 6.5 6.615 3.116 7.262 6.687 2.85 6.5 
3 16 16.391 9.463 7.5 6.451 3.725 7.5 16.393 8.761 7.262 
3 16 16.393 8.761 7.262 6.451 3.725 7.5 6.615 3.116 7.262 
3 16 15.784 9.816 7.262 14.976 9.656 6.5 6.006 4.171 7.262 
3 16 6.006 4.171 7.262 14.976 9.656 6.5 5.812 4.366 6.5 
3 16 16.391 9.463 7.5 15.784 9.816 7.262 6.451 3.725 7.5 
3 16 6.451 3.725 7.5 15.784 9.816 7.262 6.006 4.171 7.262 
3 16 16.393 8.761 2.738 15.851 8.141 3.5 6.615 3.116 2.738 
3 16 6.615 3.116 2.738 15.851 8.141 3.5 6.687 2.85 3.5 
3 16 16.391 9.463 2.5 16.393 8.761 2.738 6.451 3.725 2.5 
3 16 6.451 3.725 2.5 16.393 8.761 2.738 6.615 3.116 2.738 
3 16 15.784 9.816 2.738 6.006 4.171 2.738 14.976 9.656 3.5 
3 16 14.976 9.656 3.5 6.006 4.171 2.738 5.812 4.366 3.5 
3 16 16.391 9.463 2.5 6.451 3.725 2.5 15.784 9.816 2.738 
3 16 15.784 9.816 2.738 6.451 3.725 2.5 6.006 4.171 2.738 
3 16 8.761 -16.393 2.738 8.141 -15.851 3.5 3.116 -6.615 2.738 
3 16 3.116 -6.615 2.738 8.141 -15.851 3.5 2.85 -6.687 3.5 
3 16 9.463 -16.391 2.5 8.761 -16.393 2.738 3.725 -6.451 2.5 
3 16 3.725 -6.451 2.5 8.761 -16.393 2.738 3.116 -6.615 2.738 
3 16 9.816 -15.784 2.738 4.171 -6.006 2.738 9.656 -14.976 3.5 
3 16 9.656 -14.976 3.5 4.171 -6.006 2.738 4.366 -5.812 3.5 
3 16 9.463 -16.391 2.5 3.725 -6.451 2.5 9.816 -15.784 2.738 
3 16 9.816 -15.784 2.738 3.725 -6.451 2.5 4.171 -6.006 2.738 
3 16 8.761 -16.393 7.262 3.116 -6.615 7.262 8.141 -15.851 6.5 
3 16 8.141 -15.851 6.5 3.116 -6.615 7.262 2.85 -6.687 6.5 
3 16 9.463 -16.391 7.5 3.725 -6.451 7.5 8.761 -16.393 7.262 
3 16 8.761 -16.393 7.262 3.725 -6.451 7.5 3.116 -6.615 7.262 
3 16 9.816 -15.784 7.262 9.656 -14.976 6.5 4.171 -6.006 7.262 
3 16 4.171 -6.006 7.262 9.656 -14.976 6.5 4.366 -5.812 6.5 
3 16 9.463 -16.391 7.5 9.816 -15.784 7.262 3.725 -6.451 7.5 
3 16 3.725 -6.451 7.5 9.816 -15.784 7.262 4.171 -6.006 7.262 
3 16 15.784 -9.816 7.262 6.006 -4.171 7.262 14.976 -9.656 6.5 
3 16 14.976 -9.656 6.5 6.006 -4.171 7.262 5.812 -4.366 6.5 
3 16 16.391 -9.463 7.5 6.451 -3.725 7.5 15.784 -9.816 7.262 
3 16 15.784 -9.816 7.262 6.451 -3.725 7.5 6.006 -4.171 7.262 
3 16 16.393 -8.761 7.262 15.851 -8.141 6.5 6.615 -3.116 7.262 
3 16 6.615 -3.116 7.262 15.851 -8.141 6.5 6.687 -2.85 6.5 
3 16 16.391 -9.463 7.5 16.393 -8.761 7.262 6.451 -3.725 7.5 
3 16 6.451 -3.725 7.5 16.393 -8.761 7.262 6.615 -3.116 7.262 
3 16 15.784 -9.816 2.738 14.976 -9.656 3.5 6.006 -4.171 2.738 
3 16 6.006 -4.171 2.738 14.976 -9.656 3.5 5.812 -4.366 3.5 
3 16 16.391 -9.463 2.5 15.784 -9.816 2.738 6.451 -3.725 2.5 
3 16 6.451 -3.725 2.5 15.784 -9.816 2.738 6.006 -4.171 2.738 
3 16 16.393 -8.761 2.738 6.615 -3.116 2.738 15.851 -8.141 3.5 
3 16 15.851 -8.141 3.5 6.615 -3.116 2.738 6.687 -2.85 3.5 
3 16 16.391 -9.463 2.5 6.451 -3.725 2.5 16.393 -8.761 2.738 
3 16 16.393 -8.761 2.738 6.451 -3.725 2.5 6.615 -3.116 2.738 
3 16 -9.816 -15.784 2.738 -9.656 -14.976 3.5 -4.171 -6.006 2.738 
3 16 -4.171 -6.006 2.738 -9.656 -14.976 3.5 -4.366 -5.812 3.5 
3 16 -9.463 -16.391 2.5 -9.816 -15.784 2.738 -3.725 -6.451 2.5 
3 16 -3.725 -6.451 2.5 -9.816 -15.784 2.738 -4.171 -6.006 2.738 
3 16 -8.761 -16.393 2.738 -3.116 -6.615 2.738 -8.141 -15.851 3.5 
3 16 -8.141 -15.851 3.5 -3.116 -6.615 2.738 -2.85 -6.687 3.5 
3 16 -9.463 -16.391 2.5 -3.725 -6.451 2.5 -8.761 -16.393 2.738 
3 16 -8.761 -16.393 2.738 -3.725 -6.451 2.5 -3.116 -6.615 2.738 
3 16 -9.816 -15.784 7.262 -4.171 -6.006 7.262 -9.656 -14.976 6.5 
3 16 -9.656 -14.976 6.5 -4.171 -6.006 7.262 -4.366 -5.812 6.5 
3 16 -9.463 -16.391 7.5 -3.725 -6.451 7.5 -9.816 -15.784 7.262 
3 16 -9.816 -15.784 7.262 -3.725 -6.451 7.5 -4.171 -6.006 7.262 
3 16 -8.761 -16.393 7.262 -8.141 -15.851 6.5 -3.116 -6.615 7.262 
3 16 -3.116 -6.615 7.262 -8.141 -15.851 6.5 -2.85 -6.687 6.5 
3 16 -9.463 -16.391 7.5 -8.761 -16.393 7.262 -3.725 -6.451 7.5 
3 16 -3.725 -6.451 7.5 -8.761 -16.393 7.262 -3.116 -6.615 7.262 
3 16 -0.609 -18.577 7.262 -0.609 -7.286 7.262 -0.875 -17.797 6.5 
3 16 -0.875 -17.797 6.5 -0.609 -7.286 7.262 -0.875 -7.216 6.5 
3 16 0 -18.926 7.5 0 -7.449 7.5 -0.609 -18.577 7.262 
3 16 -0.609 -18.577 7.262 0 -7.449 7.5 -0.609 -7.286 7.262 
3 16 0.609 -18.577 7.262 0.875 -17.797 6.5 0.609 -7.286 7.262 
3 16 0.609 -7.286 7.262 0.875 -17.797 6.5 0.875 -7.216 6.5 
3 16 0 -18.926 7.5 0.609 -18.577 7.262 0 -7.449 7.5 
3 16 0 -7.449 7.5 0.609 -18.577 7.262 0.609 -7.286 7.262 
3 16 -0.609 -18.577 2.738 -0.875 -17.797 3.5 -0.609 -7.286 2.738 
3 16 -0.609 -7.286 2.738 -0.875 -17.797 3.5 -0.875 -7.216 3.5 
3 16 0 -18.926 2.5 -0.609 -18.577 2.738 0 -7.449 2.5 
3 16 0 -7.449 2.5 -0.609 -18.577 2.738 -0.609 -7.286 2.738 
3 16 0.609 -18.577 2.738 0.609 -7.286 2.738 0.875 -17.797 3.5 
3 16 0.875 -17.797 3.5 0.609 -7.286 2.738 0.875 -7.216 3.5 
3 16 0 -18.926 2.5 0 -7.449 2.5 0.609 -18.577 2.738 
3 16 0.609 -18.577 2.738 0 -7.449 2.5 0.609 -7.286 2.738 
2 24 5.25 1.5 0 3.708 1.5 0 
2 24 3.708 1.5 0 2.819 2.819 0 
2 24 6.451 3.725 0 7.449 0 0 
2 24 5.25 -1.5 0 5.25 1.5 0 
2 24 7.449 0 0 6.451 -3.725 0 
2 24 2.819 -2.819 0 3.708 -1.5 0 
2 24 3.708 -1.5 0 5.25 -1.5 0 
2 24 6.451 -3.725 0 3.725 -6.451 0 
2 24 1.5 -5.25 0 1.5 -3.708 0 
2 24 1.5 -3.708 0 2.819 -2.819 0 
2 24 3.725 -6.451 0 0 -7.449 0 
2 24 -1.5 -5.25 0 1.5 -5.25 0 
2 24 0 -7.449 0 -1.928 -7.197 0 
2 24 -1.928 -7.197 0 -3.725 -6.451 0 
2 24 -1.5 -3.708 0 -1.5 -5.25 0 
2 24 -2.819 -2.819 0 -1.5 -3.708 0 
2 24 -3.725 -6.451 0 -6.451 -3.725 0 
2 24 -5.25 -1.5 0 -3.708 -1.5 0 
2 24 -3.708 -1.5 0 -2.819 -2.819 0 
2 24 -6.451 -3.725 0 -7.449 0 0 
2 24 -5.25 1.5 0 -5.25 -1.5 0 
2 24 -7.449 0 0 -6.451 3.725 0 
2 24 -6.451 3.725 0 -3.725 6.451 0 
2 24 -2.819 2.819 0 -3.708 1.5 0 
2 24 -3.708 1.5 0 -5.25 1.5 0 
2 24 -1.5 5.25 0 -1.5 3.708 0 
2 24 -1.5 3.708 0 -2.819 2.819 0 
2 24 -3.725 6.451 0 0 7.449 0 
2 24 1.5 5.25 0 -1.5 5.25 0 
2 24 0 7.449 0 3.725 6.451 0 
2 24 1.5 3.708 0 1.5 5.25 0 
2 24 2.819 2.819 0 1.5 3.708 0 
2 24 3.725 6.451 0 6.451 3.725 0 
2 24 1.5 -3.708 10 1.5 -5.25 10 
2 24 2.819 -2.819 10 1.5 -3.708 10 
2 24 3.725 -6.451 10 6.451 -3.725 10 
2 24 5.25 -1.5 10 3.708 -1.5 10 
2 24 3.708 -1.5 10 2.819 -2.819 10 
2 24 6.451 -3.725 10 7.449 0 10 
2 24 5.25 1.5 10 5.25 -1.5 10 
2 24 7.449 0 10 6.451 3.725 10 
2 24 3.708 1.5 10 5.25 1.5 10 
2 24 2.819 2.819 10 3.708 1.5 10 
2 24 6.451 3.725 10 3.725 6.451 10 
2 24 1.5 5.25 10 1.5 3.708 10 
2 24 1.5 3.708 10 2.819 2.819 10 
2 24 3.725 6.451 10 0 7.449 10 
2 24 -1.5 5.25 10 1.5 5.25 10 
2 24 0 7.449 10 -3.725 6.451 10 
2 24 -3.725 6.451 10 -6.451 3.725 10 
2 24 -2.819 2.819 10 -1.5 3.708 10 
2 24 -1.5 3.708 10 -1.5 5.25 10 
2 24 -5.25 1.5 10 -3.708 1.5 10 
2 24 -3.708 1.5 10 -2.819 2.819 10 
2 24 -6.451 3.725 10 -7.449 0 10 
2 24 -5.25 -1.5 10 -5.25 1.5 10 
2 24 -7.449 0 10 -6.451 -3.725 10 
2 24 -3.708 -1.5 10 -5.25 -1.5 10 
2 24 -2.819 -2.819 10 -3.708 -1.5 10 
2 24 -6.451 -3.725 10 -3.725 -6.451 10 
2 24 -1.5 -5.25 10 -1.5 -3.708 10 
2 24 -1.5 -3.708 10 -2.819 -2.819 10 
2 24 -3.725 -6.451 10 0 -7.449 10 
2 24 1.5 -5.25 10 -1.5 -5.25 10 
2 24 0 -7.449 10 3.725 -6.451 10 
2 24 -1.5 -3.708 10 -1.5 -3.708 0 
2 24 -3.708 -1.5 0 -3.708 -1.5 10 
2 24 -3.708 1.5 0 -3.708 1.5 10 
2 24 -5.25 1.5 10 -5.25 1.5 0 
2 24 -1.5 3.708 0 -1.5 3.708 10 
2 24 -1.5 5.25 0 -1.5 5.25 10 
2 24 1.5 5.25 0 1.5 5.25 10 
2 24 1.5 3.708 0 1.5 3.708 10 
2 24 3.708 1.5 0 3.708 1.5 10 
2 24 5.25 1.5 0 5.25 1.5 10 
2 24 5.25 -1.5 0 5.25 -1.5 10 
2 24 3.708 -1.5 0 3.708 -1.5 10 
2 24 -5.25 -1.5 0 -5.25 -1.5 10 
2 24 -1.5 -5.25 10 -1.5 -5.25 0 
2 24 1.5 -5.25 10 1.5 -5.25 0 
2 24 1.5 -3.708 10 1.5 -3.708 0 
2 24 9.463 -16.391 7.5 13.435 -13.435 7.5 
2 24 12.678 -12.678 6.5 8.965 -15.528 6.5 
2 24 6.451 -3.725 6.5 3.725 -6.451 6.5 
2 24 13.435 -13.435 7.5 16.391 -9.463 7.5 
2 24 15.528 -8.965 6.5 12.678 -12.678 6.5 
2 24 13.435 -13.435 2.5 9.463 -16.391 2.5 
2 24 8.965 -15.528 3.5 12.678 -12.678 3.5 
2 24 16.391 -9.463 2.5 13.435 -13.435 2.5 
2 24 12.678 -12.678 3.5 15.528 -8.965 3.5 
2 24 3.725 -6.451 3.5 6.451 -3.725 3.5 
2 24 0 -18.926 7.5 4.918 -18.353 7.5 
2 24 4.641 -17.319 6.5 0 -17.93 6.5 
2 24 3.725 -6.451 6.5 0 -7.449 6.5 
2 24 4.918 -18.353 7.5 9.463 -16.391 7.5 
2 24 8.965 -15.528 6.5 4.641 -17.319 6.5 
2 24 4.918 -18.353 2.5 0 -18.926 2.5 
2 24 0 -17.93 3.5 4.641 -17.319 3.5 
2 24 9.463 -16.391 2.5 4.918 -18.353 2.5 
2 24 4.641 -17.319 3.5 8.965 -15.528 3.5 
2 24 0 -7.449 3.5 3.725 -6.451 3.5 
2 24 -9.463 -16.391 7.5 -4.918 -18.353 7.5 
2 24 -4.641 -17.319 6.5 -8.965 -15.528 6.5 
2 24 0 -7.449 6.5 -3.725 -6.451 6.5 
2 24 -4.918 -18.353 7.5 0 -18.926 7.5 
2 24 0 -17.93 6.5 -4.641 -17.319 6.5 
2 24 -4.918 -18.353 2.5 -9.463 -16.391 2.5 
2 24 -8.965 -15.528 3.5 -4.641 -17.319 3.5 
2 24 0 -18.926 2.5 -4.918 -18.353 2.5 
2 24 -4.641 -17.319 3.5 0 -17.93 3.5 
2 24 -3.725 -6.451 3.5 0 -7.449 3.5 
2 24 -16.391 -9.463 7.5 -13.435 -13.435 7.5 
2 24 -12.678 -12.678 6.5 -15.528 -8.965 6.5 
2 24 -3.725 -6.451 6.5 -6.451 -3.725 6.5 
2 24 -13.435 -13.435 7.5 -9.463 -16.391 7.5 
2 24 -8.965 -15.528 6.5 -12.678 -12.678 6.5 
2 24 -13.435 -13.435 2.5 -16.391 -9.463 2.5 
2 24 -15.528 -8.965 3.5 -12.678 -12.678 3.5 
2 24 -9.463 -16.391 2.5 -13.435 -13.435 2.5 
2 24 -12.678 -12.678 3.5 -8.965 -15.528 3.5 
2 24 -6.451 -3.725 3.5 -3.725 -6.451 3.5 
2 24 -18.926 0 7.5 -18.353 -4.918 7.5 
2 24 -17.319 -4.641 6.5 -17.93 0 6.5 
2 24 -6.451 -3.725 6.5 -7.449 0 6.5 
2 24 -18.353 -4.918 7.5 -16.391 -9.463 7.5 
2 24 -15.528 -8.965 6.5 -17.319 -4.641 6.5 
2 24 -18.353 -4.918 2.5 -18.926 0 2.5 
2 24 -17.93 0 3.5 -17.319 -4.641 3.5 
2 24 -16.391 -9.463 2.5 -18.353 -4.918 2.5 
2 24 -17.319 -4.641 3.5 -15.528 -8.965 3.5 
2 24 -7.449 0 3.5 -6.451 -3.725 3.5 
2 24 -3.725 -6.451 0 0 -7.449 0 
2 24 -16.391 9.463 7.5 -18.353 4.918 7.5 
2 24 -17.319 4.641 6.5 -15.528 8.965 6.5 
2 24 -7.449 0 6.5 -6.451 3.725 6.5 
2 24 -18.353 4.918 7.5 -18.926 0 7.5 
2 24 -17.93 0 6.5 -17.319 4.641 6.5 
2 24 -18.353 4.918 2.5 -16.391 9.463 2.5 
2 24 -15.528 8.965 3.5 -17.319 4.641 3.5 
2 24 -18.926 0 2.5 -18.353 4.918 2.5 
2 24 -17.319 4.641 3.5 -17.93 0 3.5 
2 24 -6.451 3.725 3.5 -7.449 0 3.5 
2 24 -9.463 16.391 7.5 -13.435 13.435 7.5 
2 24 -12.678 12.678 6.5 -8.965 15.528 6.5 
2 24 -6.451 3.725 6.5 -3.725 6.451 6.5 
2 24 -13.435 13.435 7.5 -16.391 9.463 7.5 
2 24 -15.528 8.965 6.5 -12.678 12.678 6.5 
2 24 -13.435 13.435 2.5 -9.463 16.391 2.5 
2 24 -8.965 15.528 3.5 -12.678 12.678 3.5 
2 24 -16.391 9.463 2.5 -13.435 13.435 2.5 
2 24 -12.678 12.678 3.5 -15.528 8.965 3.5 
2 24 -3.725 6.451 3.5 -6.451 3.725 3.5 
2 24 0 18.926 7.5 -4.918 18.353 7.5 
2 24 -4.641 17.319 6.5 0 17.93 6.5 
2 24 -3.725 6.451 6.5 0 7.449 6.5 
2 24 -4.918 18.353 7.5 -9.463 16.391 7.5 
2 24 -8.965 15.528 6.5 -4.641 17.319 6.5 
2 24 -4.918 18.353 2.5 0 18.926 2.5 
2 24 0 17.93 3.5 -4.641 17.319 3.5 
2 24 -9.463 16.391 2.5 -4.918 18.353 2.5 
2 24 -4.641 17.319 3.5 -8.965 15.528 3.5 
2 24 0 7.449 3.5 -3.725 6.451 3.5 
2 24 9.463 16.391 7.5 4.918 18.353 7.5 
2 24 4.641 17.319 6.5 8.965 15.528 6.5 
2 24 0 7.449 6.5 3.725 6.451 6.5 
2 24 4.918 18.353 7.5 0 18.926 7.5 
2 24 0 17.93 6.5 4.641 17.319 6.5 
2 24 4.918 18.353 2.5 9.463 16.391 2.5 
2 24 8.965 15.528 3.5 4.641 17.319 3.5 
2 24 0 18.926 2.5 4.918 18.353 2.5 
2 24 4.641 17.319 3.5 0 17.93 3.5 
2 24 3.725 6.451 3.5 0 7.449 3.5 
2 24 16.391 9.463 7.5 13.435 13.435 7.5 
2 24 12.678 12.678 6.5 15.528 8.965 6.5 
2 24 3.725 6.451 6.5 6.451 3.725 6.5 
2 24 13.435 13.435 7.5 9.463 16.391 7.5 
2 24 8.965 15.528 6.5 12.678 12.678 6.5 
2 24 13.435 13.435 2.5 16.391 9.463 2.5 
2 24 15.528 8.965 3.5 12.678 12.678 3.5 
2 24 9.463 16.391 2.5 13.435 13.435 2.5 
2 24 12.678 12.678 3.5 8.965 15.528 3.5 
2 24 6.451 3.725 3.5 3.725 6.451 3.5 
2 24 18.926 0 7.5 18.353 4.918 7.5 
2 24 17.319 4.641 6.5 17.93 0 6.5 
2 24 6.451 3.725 6.5 7.449 0 6.5 
2 24 18.353 4.918 7.5 16.391 9.463 7.5 
2 24 15.528 8.965 6.5 17.319 4.641 6.5 
2 24 18.353 4.918 2.5 18.926 0 2.5 
2 24 17.93 0 3.5 17.319 4.641 3.5 
2 24 16.391 9.463 2.5 18.353 4.918 2.5 
2 24 17.319 4.641 3.5 15.528 8.965 3.5 
2 24 7.449 0 3.5 6.451 3.725 3.5 
2 24 16.391 -9.463 7.5 18.353 -4.918 7.5 
2 24 17.319 -4.641 6.5 15.528 -8.965 6.5 
2 24 7.449 0 6.5 6.451 -3.725 6.5 
2 24 18.353 -4.918 7.5 18.926 0 7.5 
2 24 17.93 0 6.5 17.319 -4.641 6.5 
2 24 18.353 -4.918 2.5 16.391 -9.463 2.5 
2 24 15.528 -8.965 3.5 17.319 -4.641 3.5 
2 24 18.926 0 2.5 18.353 -4.918 2.5 
2 24 17.319 -4.641 3.5 17.93 0 3.5 
2 24 6.451 -3.725 3.5 7.449 0 3.5 
2 24 -18.577 0.609 2.738 -17.797 0.875 3.5 
2 24 -17.797 0.875 3.5 -7.216 0.875 3.5 
2 24 -7.216 0.875 3.5 -7.286 0.609 2.738 
2 24 -18.926 0 2.5 -18.577 0.609 2.738 
2 24 -7.286 0.609 2.738 -7.449 0 2.5 
2 24 -17.797 -0.875 3.5 -18.577 -0.609 2.738 
2 24 -7.286 -0.609 2.738 -7.216 -0.875 3.5 
2 24 -7.216 -0.875 3.5 -17.797 -0.875 3.5 
2 24 -18.577 -0.609 2.738 -18.926 0 2.5 
2 24 -7.449 0 2.5 -7.286 -0.609 2.738 
2 24 -17.797 0.875 6.5 -18.577 0.609 7.262 
2 24 -7.286 0.609 7.262 -7.216 0.875 6.5 
2 24 -7.216 0.875 6.5 -17.797 0.875 6.5 
2 24 -18.577 0.609 7.262 -18.926 0 7.5 
2 24 -7.449 0 7.5 -7.286 0.609 7.262 
2 24 -18.577 -0.609 7.262 -17.797 -0.875 6.5 
2 24 -17.797 -0.875 6.5 -7.216 -0.875 6.5 
2 24 -7.216 -0.875 6.5 -7.286 -0.609 7.262 
2 24 -18.926 0 7.5 -18.577 -0.609 7.262 
2 24 -7.286 -0.609 7.262 -7.449 0 7.5 
2 24 -15.851 -8.141 6.5 -16.393 -8.761 7.262 
2 24 -6.615 -3.116 7.262 -6.687 -2.85 6.5 
2 24 -6.687 -2.85 6.5 -15.851 -8.141 6.5 
2 24 -16.393 -8.761 7.262 -16.391 -9.463 7.5 
2 24 -6.451 -3.725 7.5 -6.615 -3.116 7.262 
2 24 -15.784 -9.816 7.262 -14.976 -9.656 6.5 
2 24 -14.976 -9.656 6.5 -5.812 -4.366 6.5 
2 24 -5.812 -4.366 6.5 -6.006 -4.171 7.262 
2 24 -16.391 -9.463 7.5 -15.784 -9.816 7.262 
2 24 -6.006 -4.171 7.262 -6.451 -3.725 7.5 
2 24 -16.393 -8.761 2.738 -15.851 -8.141 3.5 
2 24 -15.851 -8.141 3.5 -6.687 -2.85 3.5 
2 24 -6.687 -2.85 3.5 -6.615 -3.116 2.738 
2 24 -16.391 -9.463 2.5 -16.393 -8.761 2.738 
2 24 -6.615 -3.116 2.738 -6.451 -3.725 2.5 
2 24 -14.976 -9.656 3.5 -15.784 -9.816 2.738 
2 24 -6.006 -4.171 2.738 -5.812 -4.366 3.5 
2 24 -5.812 -4.366 3.5 -14.976 -9.656 3.5 
2 24 -15.784 -9.816 2.738 -16.391 -9.463 2.5 
2 24 -6.451 -3.725 2.5 -6.006 -4.171 2.738 
2 24 -8.761 16.393 2.738 -8.141 15.851 3.5 
2 24 -8.141 15.851 3.5 -2.85 6.687 3.5 
2 24 -2.85 6.687 3.5 -3.116 6.615 2.738 
2 24 -9.463 16.391 2.5 -8.761 16.393 2.738 
2 24 -3.116 6.615 2.738 -3.725 6.451 2.5 
2 24 -9.656 14.976 3.5 -9.816 15.784 2.738 
2 24 -4.171 6.006 2.738 -4.366 5.812 3.5 
2 24 -4.366 5.812 3.5 -9.656 14.976 3.5 
2 24 -9.816 15.784 2.738 -9.463 16.391 2.5 
2 24 -3.725 6.451 2.5 -4.171 6.006 2.738 
2 24 -8.141 15.851 6.5 -8.761 16.393 7.262 
2 24 -3.116 6.615 7.262 -2.85 6.687 6.5 
2 24 -2.85 6.687 6.5 -8.141 15.851 6.5 
2 24 -8.761 16.393 7.262 -9.463 16.391 7.5 
2 24 -3.725 6.451 7.5 -3.116 6.615 7.262 
2 24 -9.816 15.784 7.262 -9.656 14.976 6.5 
2 24 -9.656 14.976 6.5 -4.366 5.812 6.5 
2 24 -4.366 5.812 6.5 -4.171 6.006 7.262 
2 24 -9.463 16.391 7.5 -9.816 15.784 7.262 
2 24 -4.171 6.006 7.262 -3.725 6.451 7.5 
2 24 -14.976 9.656 6.5 -15.784 9.816 7.262 
2 24 -6.006 4.171 7.262 -5.812 4.366 6.5 
2 24 -5.812 4.366 6.5 -14.976 9.656 6.5 
2 24 -15.784 9.816 7.262 -16.391 9.463 7.5 
2 24 -6.451 3.725 7.5 -6.006 4.171 7.262 
2 24 -16.393 8.761 7.262 -15.851 8.141 6.5 
2 24 -15.851 8.141 6.5 -6.687 2.85 6.5 
2 24 -6.687 2.85 6.5 -6.615 3.116 7.262 
2 24 -16.391 9.463 7.5 -16.393 8.761 7.262 
2 24 -6.615 3.116 7.262 -6.451 3.725 7.5 
2 24 -15.784 9.816 2.738 -14.976 9.656 3.5 
2 24 -14.976 9.656 3.5 -5.812 4.366 3.5 
2 24 -5.812 4.366 3.5 -6.006 4.171 2.738 
2 24 -16.391 9.463 2.5 -15.784 9.816 2.738 
2 24 -6.006 4.171 2.738 -6.451 3.725 2.5 
2 24 -15.851 8.141 3.5 -16.393 8.761 2.738 
2 24 -6.615 3.116 2.738 -6.687 2.85 3.5 
2 24 -6.687 2.85 3.5 -15.851 8.141 3.5 
2 24 -16.393 8.761 2.738 -16.391 9.463 2.5 
2 24 -6.451 3.725 2.5 -6.615 3.116 2.738 
2 24 9.816 15.784 2.738 9.656 14.976 3.5 
2 24 9.656 14.976 3.5 4.366 5.812 3.5 
2 24 4.366 5.812 3.5 4.171 6.006 2.738 
2 24 9.463 16.391 2.5 9.816 15.784 2.738 
2 24 4.171 6.006 2.738 3.725 6.451 2.5 
2 24 8.141 15.851 3.5 8.761 16.393 2.738 
2 24 3.116 6.615 2.738 2.85 6.687 3.5 
2 24 2.85 6.687 3.5 8.141 15.851 3.5 
2 24 8.761 16.393 2.738 9.463 16.391 2.5 
2 24 3.725 6.451 2.5 3.116 6.615 2.738 
2 24 9.656 14.976 6.5 9.816 15.784 7.262 
2 24 4.171 6.006 7.262 4.366 5.812 6.5 
2 24 4.366 5.812 6.5 9.656 14.976 6.5 
2 24 9.816 15.784 7.262 9.463 16.391 7.5 
2 24 3.725 6.451 7.5 4.171 6.006 7.262 
2 24 8.761 16.393 7.262 8.141 15.851 6.5 
2 24 8.141 15.851 6.5 2.85 6.687 6.5 
2 24 2.85 6.687 6.5 3.116 6.615 7.262 
2 24 9.463 16.391 7.5 8.761 16.393 7.262 
2 24 3.116 6.615 7.262 3.725 6.451 7.5 
2 24 0.875 17.797 6.5 0.609 18.577 7.262 
2 24 0.609 7.286 7.262 0.875 7.216 6.5 
2 24 0.875 7.216 6.5 0.875 17.797 6.5 
2 24 0.609 18.577 7.262 0 18.926 7.5 
2 24 0 7.449 7.5 0.609 7.286 7.262 
2 24 -0.609 18.577 7.262 -0.875 17.797 6.5 
2 24 -0.875 17.797 6.5 -0.875 7.216 6.5 
2 24 -0.875 7.216 6.5 -0.609 7.286 7.262 
2 24 0 18.926 7.5 -0.609 18.577 7.262 
2 24 -0.609 7.286 7.262 0 7.449 7.5 
2 24 0.609 18.577 2.738 0.875 17.797 3.5 
2 24 0.875 17.797 3.5 0.875 7.216 3.5 
2 24 0.875 7.216 3.5 0.609 7.286 2.738 
2 24 0 18.926 2.5 0.609 18.577 2.738 
2 24 0.609 7.286 2.738 0 7.449 2.5 
2 24 -0.875 17.797 3.5 -0.609 18.577 2.738 
2 24 -0.609 7.286 2.738 -0.875 7.216 3.5 
2 24 -0.875 7.216 3.5 -0.875 17.797 3.5 
2 24 -0.609 18.577 2.738 0 18.926 2.5 
2 24 0 7.449 2.5 -0.609 7.286 2.738 
2 24 18.577 -0.609 2.738 17.797 -0.875 3.5 
2 24 17.797 -0.875 3.5 7.216 -0.875 3.5 
2 24 7.216 -0.875 3.5 7.286 -0.609 2.738 
2 24 18.926 0 2.5 18.577 -0.609 2.738 
2 24 7.286 -0.609 2.738 7.449 0 2.5 
2 24 17.797 0.875 3.5 18.577 0.609 2.738 
2 24 7.286 0.609 2.738 7.216 0.875 3.5 
2 24 7.216 0.875 3.5 17.797 0.875 3.5 
2 24 18.577 0.609 2.738 18.926 0 2.5 
2 24 7.449 0 2.5 7.286 0.609 2.738 
2 24 17.797 -0.875 6.5 18.577 -0.609 7.262 
2 24 7.286 -0.609 7.262 7.216 -0.875 6.5 
2 24 7.216 -0.875 6.5 17.797 -0.875 6.5 
2 24 18.577 -0.609 7.262 18.926 0 7.5 
2 24 7.449 0 7.5 7.286 -0.609 7.262 
2 24 18.577 0.609 7.262 17.797 0.875 6.5 
2 24 17.797 0.875 6.5 7.216 0.875 6.5 
2 24 7.216 0.875 6.5 7.286 0.609 7.262 
2 24 18.926 0 7.5 18.577 0.609 7.262 
2 24 7.286 0.609 7.262 7.449 0 7.5 
2 24 15.851 8.141 6.5 16.393 8.761 7.262 
2 24 6.615 3.116 7.262 6.687 2.85 6.5 
2 24 6.687 2.85 6.5 15.851 8.141 6.5 
2 24 16.393 8.761 7.262 16.391 9.463 7.5 
2 24 6.451 3.725 7.5 6.615 3.116 7.262 
2 24 15.784 9.816 7.262 14.976 9.656 6.5 
2 24 14.976 9.656 6.5 5.812 4.366 6.5 
2 24 5.812 4.366 6.5 6.006 4.171 7.262 
2 24 16.391 9.463 7.5 15.784 9.816 7.262 
2 24 6.006 4.171 7.262 6.451 3.725 7.5 
2 24 16.393 8.761 2.738 15.851 8.141 3.5 
2 24 15.851 8.141 3.5 6.687 2.85 3.5 
2 24 6.687 2.85 3.5 6.615 3.116 2.738 
2 24 16.391 9.463 2.5 16.393 8.761 2.738 
2 24 6.615 3.116 2.738 6.451 3.725 2.5 
2 24 14.976 9.656 3.5 15.784 9.816 2.738 
2 24 6.006 4.171 2.738 5.812 4.366 3.5 
2 24 5.812 4.366 3.5 14.976 9.656 3.5 
2 24 15.784 9.816 2.738 16.391 9.463 2.5 
2 24 6.451 3.725 2.5 6.006 4.171 2.738 
2 24 8.761 -16.393 2.738 8.141 -15.851 3.5 
2 24 8.141 -15.851 3.5 2.85 -6.687 3.5 
2 24 2.85 -6.687 3.5 3.116 -6.615 2.738 
2 24 9.463 -16.391 2.5 8.761 -16.393 2.738 
2 24 3.116 -6.615 2.738 3.725 -6.451 2.5 
2 24 9.656 -14.976 3.5 9.816 -15.784 2.738 
2 24 4.171 -6.006 2.738 4.366 -5.812 3.5 
2 24 4.366 -5.812 3.5 9.656 -14.976 3.5 
2 24 9.816 -15.784 2.738 9.463 -16.391 2.5 
2 24 3.725 -6.451 2.5 4.171 -6.006 2.738 
2 24 8.141 -15.851 6.5 8.761 -16.393 7.262 
2 24 3.116 -6.615 7.262 2.85 -6.687 6.5 
2 24 2.85 -6.687 6.5 8.141 -15.851 6.5 
2 24 8.761 -16.393 7.262 9.463 -16.391 7.5 
2 24 3.725 -6.451 7.5 3.116 -6.615 7.262 
2 24 9.816 -15.784 7.262 9.656 -14.976 6.5 
2 24 9.656 -14.976 6.5 4.366 -5.812 6.5 
2 24 4.366 -5.812 6.5 4.171 -6.006 7.262 
2 24 9.463 -16.391 7.5 9.816 -15.784 7.262 
2 24 4.171 -6.006 7.262 3.725 -6.451 7.5 
2 24 14.976 -9.656 6.5 15.784 -9.816 7.262 
2 24 6.006 -4.171 7.262 5.812 -4.366 6.5 
2 24 5.812 -4.366 6.5 14.976 -9.656 6.5 
2 24 15.784 -9.816 7.262 16.391 -9.463 7.5 
2 24 6.451 -3.725 7.5 6.006 -4.171 7.262 
2 24 16.393 -8.761 7.262 15.851 -8.141 6.5 
2 24 15.851 -8.141 6.5 6.687 -2.85 6.5 
2 24 6.687 -2.85 6.5 6.615 -3.116 7.262 
2 24 16.391 -9.463 7.5 16.393 -8.761 7.262 
2 24 6.615 -3.116 7.262 6.451 -3.725 7.5 
2 24 15.784 -9.816 2.738 14.976 -9.656 3.5 
2 24 14.976 -9.656 3.5 5.812 -4.366 3.5 
2 24 5.812 -4.366 3.5 6.006 -4.171 2.738 
2 24 16.391 -9.463 2.5 15.784 -9.816 2.738 
2 24 6.006 -4.171 2.738 6.451 -3.725 2.5 
2 24 15.851 -8.141 3.5 16.393 -8.761 2.738 
2 24 6.615 -3.116 2.738 6.687 -2.85 3.5 
2 24 6.687 -2.85 3.5 15.851 -8.141 3.5 
2 24 16.393 -8.761 2.738 16.391 -9.463 2.5 
2 24 6.451 -3.725 2.5 6.615 -3.116 2.738 
2 24 -9.816 -15.784 2.738 -9.656 -14.976 3.5 
2 24 -9.656 -14.976 3.5 -4.366 -5.812 3.5 
2 24 -4.366 -5.812 3.5 -4.171 -6.006 2.738 
2 24 -9.463 -16.391 2.5 -9.816 -15.784 2.738 
2 24 -4.171 -6.006 2.738 -3.725 -6.451 2.5 
2 24 -8.141 -15.851 3.5 -8.761 -16.393 2.738 
2 24 -3.116 -6.615 2.738 -2.85 -6.687 3.5 
2 24 -2.85 -6.687 3.5 -8.141 -15.851 3.5 
2 24 -8.761 -16.393 2.738 -9.463 -16.391 2.5 
2 24 -3.725 -6.451 2.5 -3.116 -6.615 2.738 
2 24 -9.656 -14.976 6.5 -9.816 -15.784 7.262 
2 24 -4.171 -6.006 7.262 -4.366 -5.812 6.5 
2 24 -4.366 -5.812 6.5 -9.656 -14.976 6.5 
2 24 -9.816 -15.784 7.262 -9.463 -16.391 7.5 
2 24 -3.725 -6.451 7.5 -4.171 -6.006 7.262 
2 24 -8.761 -16.393 7.262 -8.141 -15.851 6.5 
2 24 -8.141 -15.851 6.5 -2.85 -6.687 6.5 
2 24 -2.85 -6.687 6.5 -3.116 -6.615 7.262 
2 24 -9.463 -16.391 7.5 -8.761 -16.393 7.262 
2 24 -3.116 -6.615 7.262 -3.725 -6.451 7.5 
2 24 -0.875 -17.797 6.5 -0.609 -18.577 7.262 
2 24 -0.609 -7.286 7.262 -0.875 -7.216 6.5 
2 24 -0.875 -7.216 6.5 -0.875 -17.797 6.5 
2 24 -0.609 -18.577 7.262 0 -18.926 7.5 
2 24 0 -7.449 7.5 -0.609 -7.286 7.262 
2 24 0.609 -18.577 7.262 0.875 -17.797 6.5 
2 24 0.875 -17.797 6.5 0.875 -7.216 6.5 
2 24 0.875 -7.216 6.5 0.609 -7.286 7.262 
2 24 0 -18.926 7.5 0.609 -18.577 7.262 
2 24 0.609 -7.286 7.262 0 -7.449 7.5 
2 24 -0.609 -18.577 2.738 -0.875 -17.797 3.5 
2 24 -0.875 -17.797 3.5 -0.875 -7.216 3.5 
2 24 -0.875 -7.216 3.5 -0.609 -7.286 2.738 
2 24 0 -18.926 2.5 -0.609 -18.577 2.738 
2 24 -0.609 -7.286 2.738 0 -7.449 2.5 
2 24 0.875 -17.797 3.5 0.609 -18.577 2.738 
2 24 0.609 -7.286 2.738 0.875 -7.216 3.5 
2 24 0.875 -7.216 3.5 0.875 -17.797 3.5 
2 24 0.609 -18.577 2.738 0 -18.926 2.5 
2 24 0 -7.449 2.5 0.609 -7.286 2.738 

