0 Tile  2 x  4 with Black "WALL" Pattern
0 Name: 87079p08.dat
0 Author: Christophe Mitillo [Christophe_Mitillo]
0 !LDRAW_ORG Unofficial_Part
0 !LICENSE Redistributable under CCAL version 2.0 : see CAreadme.txt

0 BFC CERTIFY CCW

0 !KEYWORDS Wall-E

0 // Subfile

1 16 0 0 0 1 0 0 0 1 0 0 0 1 s\87079s01.dat
4 0 -32.9 0 5.2 -36.3 0 5.2 -36.3 0 -5.2 -32.9 0 -2.7
3 0 -29.2 0 -2.7 -32.9 0 -2.7 -36.3 0 -5.2
3 0 -25.7 0 -2.7 -29.2 0 -2.7 -36.3 0 -5.2
4 0 -22.1 0 -2.7 -25.7 0 -2.7 -36.3 0 -5.2 -20.9 0 -5.2
4 0 -22.1 0 5.2 -22.1 0 -2.7 -20.9 0 -3 -18.7 0 5.2
4 0 -18.7 0 -3 -18.7 0 5.2 -20.9 0 -3 -18.7423 0 -3.4292
4 0 -25.7 0 5.2 -29.2 0 5.2 -29.2 0 -2.7 -25.7 0 -2.7
4 0 -20.9 0 -3 -20.9 0 -5.2 -20.4708 0 -5.15773 -20.0581 0 -5.03253
4 0 -20.9 0 -3 -20.0581 0 -5.03253 -19.6778 0 -4.82923 -19.3444 0 -4.55563
4 0 -20.9 0 -3 -19.3444 0 -4.55563 -19.0708 0 -4.22225 -18.8675 0 -3.8419
3 0 -20.9 0 -3 -18.8675 0 -3.8419 -18.7423 0 -3.4292
3 0 -22.1 0 -2.7 -20.9 0 -5.2 -20.9 0 -3
4 16 -18.7 0 -5.2 -20.4708 0 -5.15773 -20.9 0 -5.2 -40 0 -20
3 16 -20.0581 0 -5.03253 -20.4708 0 -5.15773 -18.7 0 -5.2
3 16 -19.6778 0 -4.82923 -20.0581 0 -5.03253 -18.7 0 -5.2
3 16 -19.3444 0 -4.55563 -19.6778 0 -4.82923 -18.7 0 -5.2
3 16 -19.0708 0 -4.22225 -19.3444 0 -4.55563 -18.7 0 -5.2
3 16 -18.8675 0 -3.8419 -19.0708 0 -4.22225 -18.7 0 -5.2
3 16 -18.7423 0 -3.4292 -18.8675 0 -3.8419 -18.7 0 -5.2
4 16 -18.7 0 -3 -18.7423 0 -3.4292 -18.7 0 -5.2 -14 0 -5.2
4 0 -13.9577 0 3.4292 -14 0 3 -11.8 0 3 -13.8325 0 3.8419
4 0 -11.8 0 3 -11.8 0 5.2 -12.2292 0 5.15773 -12.6419 0 5.03253
4 0 -11.8 0 3 -12.6419 0 5.03253 -13.0223 0 4.82923 -13.3556 0 4.55563
4 0 -11.8 0 3 -13.3556 0 4.55563 -13.6292 0 4.22225 -13.8325 0 3.8419
4 0 -1.8 0 3 0.4 0 3 0.35773 0 3.4292 0.23253 0 3.8419
4 0 -1.8 0 3 0.23253 0 3.8419 0.02923 0 4.22225 -0.24437 0 4.55563
4 0 -1.8 0 3 -0.24437 0 4.55563 -0.57775 0 4.82923 -0.9581 0 5.03253
4 0 -1.8 0 3 -0.9581 0 5.03253 -1.3708 0 5.15773 -1.8 0 5.2
4 0 -14 0 3 -14 0 -5.2 -10.25 0 -5.2 -10.25 0 -2
4 0 -14 0 3 -10.25 0 -2 -10.25 0 0.2 -11.8 0 3
4 0 -11.8 0 3 -10.25 0 0.2 -10.25 0 2.8 -11.8 0 5.2
4 0 -1.8 0 5.2 -11.8 0 5.2 -10.25 0 2.8 -3.1 0 2.8
4 0 -1.8 0 3 -1.8 0 5.2 -3.1 0 2.8 -3.1 0 0.2
4 0 0.4 0 3 -1.8 0 3 -3.1 0 0.2 0.4 0 -5.2
3 0 -3.1 0 0.2 -3.1 0 -2 0.4 0 -5.2
3 0 -3.1 0 -2 -3.1 0 -5.2 0.4 0 -5.2
4 0 -3.1 0 0.2 -10.25 0 0.2 -10.25 0 -2 -3.1 0 -2
4 16 -14 0 3 -13.9577 0 3.4292 -14 0 5.2 -18.7 0 5.2
3 16 -14 0 5.2 -13.9577 0 3.4292 -13.8325 0 3.8419
3 16 -14 0 5.2 -13.8325 0 3.8419 -13.6292 0 4.22225
3 16 -14 0 5.2 -13.6292 0 4.22225 -13.3556 0 4.55563
3 16 -14 0 5.2 -13.3556 0 4.55563 -13.0223 0 4.82923
3 16 -14 0 5.2 -13.0223 0 4.82923 -12.6419 0 5.03253
3 16 -14 0 5.2 -12.6419 0 5.03253 -12.2292 0 5.15773
4 16 -14 0 5.2 -12.2292 0 5.15773 -11.8 0 5.2 -40 0 20
4 16 -1.8 0 5.2 -1.3708 0 5.15773 0.4 0 5.2 -40 0 20
3 16 0.4 0 5.2 -1.3708 0 5.15773 -0.9581 0 5.03253
3 16 0.4 0 5.2 -0.9581 0 5.03253 -0.57775 0 4.82923
3 16 0.4 0 5.2 -0.57775 0 4.82923 -0.24437 0 4.55563
3 16 0.4 0 5.2 -0.24437 0 4.55563 0.02923 0 4.22225
3 16 0.4 0 5.2 0.02923 0 4.22225 0.23253 0 3.8419
3 16 0.4 0 5.2 0.23253 0 3.8419 0.35773 0 3.4292
4 16 0.4 0 5.2 0.35773 0 3.4292 0.4 0 3 5.4 0 5.2
4 0 9.1 0 5.2 5.4 0 5.2 5.4 0 -5.2 9.1 0 -2.6
4 0 9.1 0 -2.6 5.4 0 -5.2 18.8 0 -5.2 18.8 0 -2.6
4 0 25.9 0 5.2 22.2 0 5.2 22.2 0 -5.2 25.9 0 -2.6
4 0 25.9 0 -2.6 22.2 0 -5.2 35.6 0 -5.2 35.6 0 -2.6
4 16 -29.2 0 5.2 -32.9 0 5.2 -32.9 0 -2.7 -29.2 0 -2.7
4 16 -22.1 0 5.2 -25.7 0 5.2 -25.7 0 -2.7 -22.1 0 -2.7
4 16 -3.1 0 2.8 -10.25 0 2.8 -10.25 0 0.2 -3.1 0 0.2
4 16 -3.1 0 -2 -10.25 0 -2 -10.25 0 -5.2 -3.1 0 -5.2
4 16 -18.7 0 -3 -14 0 -5.2 -14 0 3 -18.7 0 5.2
4 16 5.4 0 -5.2 5.4 0 5.2 0.4 0 3 0.4 0 -5.2
4 16 9.1 0 5.2 9.1 0 -2.6 18.8 0 -2.6 22.2 0 5.2
4 16 22.2 0 -5.2 22.2 0 5.2 18.8 0 -2.6 18.8 0 -5.2
4 16 25.9 0 5.2 25.9 0 -2.6 35.6 0 -2.6 40 0 20
4 16 40 0 20 35.6 0 -2.6 35.6 0 -5.2 40 0 -20
4 16 40 0 -20 0.4 0 -5.2 -3.1 0 -5.2 -40 0 -20
3 16 5.4 0 -5.2 0.4 0 -5.2 40 0 -20
3 16 18.8 0 -5.2 5.4 0 -5.2 40 0 -20
3 16 22.2 0 -5.2 18.8 0 -5.2 40 0 -20
3 16 35.6 0 -5.2 22.2 0 -5.2 40 0 -20
3 16 -20.9 0 -5.2 -36.3 0 -5.2 -40 0 -20
3 16 -14 0 -5.2 -18.7 0 -5.2 -40 0 -20
3 16 -10.25 0 -5.2 -14 0 -5.2 -40 0 -20
3 16 -3.1 0 -5.2 -10.25 0 -5.2 -40 0 -20
4 16 -40 0 -20 -36.3 0 -5.2 -36.3 0 5.2 -40 0 20
3 16 -40 0 20 -36.3 0 5.2 -32.9 0 5.2
3 16 -40 0 20 -32.9 0 5.2 -29.2 0 5.2
3 16 -40 0 20 -29.2 0 5.2 -25.7 0 5.2
3 16 -40 0 20 -25.7 0 5.2 -22.1 0 5.2
3 16 -40 0 20 -22.1 0 5.2 -18.7 0 5.2
3 16 -40 0 20 -18.7 0 5.2 -14 0 5.2
3 16 -40 0 20 -11.8 0 5.2 -1.8 0 5.2
4 16 40 0 20 -40 0 20 0.4 0 5.2 5.4 0 5.2
3 16 40 0 20 5.4 0 5.2 9.1 0 5.2
3 16 40 0 20 9.1 0 5.2 22.2 0 5.2
3 16 40 0 20 22.2 0 5.2 25.9 0 5.2
