0 BEARD FOR MINI FIGURE 2 (Needs Work)
0 Name: 93223.dat
0 Author: <AuthorRealName> [<AuthorLDrawName>]
0 !LDRAW_ORG Unofficial_Part
0 !LICENSE Redistributable under CCAL version 2.0 : see CAreadme.txt

0 BFC CERTIFY CCW

0 !HISTORY 2013-08-14 {LEGO Digital Designer} Original part shape
0 !HISTORY 2013-08-14 [<AuthorLDrawName>] File preparation for LDraw Parts Tracker

0 // Needs Work: Clean necessary

0 // Outside
3 16 -2.698 -2.739 -16.99 -1.436 0.678 -17.922 -0.63 -2.672 -16.223 
3 16 -0.369 0.487 -17.099 -0.63 -2.672 -16.223 -1.436 0.678 -17.922 
3 16 -1.556 3.836 -17.586 -0.142 3.625 -17.085 -1.436 0.678 -17.922 
3 16 -1.436 0.678 -17.922 -0.142 3.625 -17.085 -0.369 0.487 -17.099 
3 16 7.036 0 4.062 7.036 -2.281 4.062 4.062 0 7.036 
3 16 4.062 0 7.036 7.036 -2.281 4.062 4.062 -2.281 7.036 
3 16 4.062 0 7.036 4.062 -2.281 7.036 0 0 8.125 
3 16 0 0 8.125 4.062 -2.281 7.036 0 -2.281 8.125 
3 16 0 0 8.125 0 -2.281 8.125 -4.062 0 7.036 
3 16 -4.062 0 7.036 0 -2.281 8.125 -4.062 -2.281 7.036 
3 16 -4.062 0 7.036 -4.062 -2.281 7.036 -7.036 0 4.062 
3 16 -7.036 0 4.062 -4.062 -2.281 7.036 -7.036 -2.281 4.062 
3 16 -7.036 0 4.062 -7.036 -2.281 4.062 -8.125 0 0 
3 16 -8.125 0 0 -7.036 -2.281 4.062 -8.125 -2.281 0 
3 16 -8.125 0 0 -8.125 -2.281 0 -7.727 -0.006 -2.511 
3 16 -7.727 -0.006 -2.511 -8.125 -2.281 0 -7.727 -2.281 -2.511 
3 16 -6.052 0.281 -9.844 -6.292 0.015 -9.383 -5.838 -3.811 -9.844 
3 16 -5.838 -3.811 -9.844 -6.292 0.015 -9.383 -6.103 -3.603 -9.383 
3 16 -5.371 1.006 -10.156 -3.595 -3.372 -10.149 5.238 0.977 -10.156 
3 16 -3.595 -3.372 -10.149 0.3 -3.031 -10.167 5.238 0.977 -10.156 
3 16 0.3 -3.031 -10.167 3.457 -3.371 -10.148 5.238 0.977 -10.156 
3 16 5.238 0.977 -10.156 3.457 -3.371 -10.148 5.238 -3.826 -10.116 
3 16 6.051 -2.472 -6.448 6.573 -2.281 -4.776 6.143 -0.031 -6.448 
3 16 6.573 -0.006 -4.776 6.143 -0.031 -6.448 6.573 -2.281 -4.776 
3 16 6.573 -0.006 -4.776 6.573 -2.281 -4.776 7.727 -0.006 -2.511 
3 16 7.727 -0.006 -2.511 6.573 -2.281 -4.776 7.727 -2.281 -2.511 
3 16 8.125 0 0 7.727 -0.006 -2.511 8.125 -2.3 0 
3 16 7.727 -0.006 -2.511 7.727 -2.281 -2.511 8.125 -2.3 0 
3 16 8.125 0 0 8.125 -2.3 0 7.036 0 4.062 
3 16 7.036 0 4.062 8.125 -2.3 0 7.036 -2.281 4.062 
3 16 5.749 -3.776 -9.791 6.006 -3.409 -9.154 5.9 0.291 -9.866 
3 16 5.9 0.291 -9.866 6.006 -3.409 -9.154 6.172 -0.005 -9.154 
3 16 -5.371 1.006 -10.156 -6.052 0.281 -9.844 -5.371 -3.822 -10.124 
3 16 -6.052 0.281 -9.844 -5.838 -3.811 -9.844 -5.371 -3.822 -10.124 
3 16 -6.103 -3.603 -9.383 -6.292 0.015 -9.383 -6.202 -2.493 -6.464 
3 16 -6.202 -2.493 -6.464 -6.292 0.015 -9.383 -6.311 0.004 -6.466 
3 16 -6.202 -2.493 -6.464 -6.311 0.004 -6.466 -6.573 -2.281 -4.776 
3 16 -6.573 -0.006 -4.776 -6.573 -2.281 -4.776 -6.311 0.004 -6.466 
3 16 5.238 0.977 -10.156 5.238 -3.826 -10.116 5.9 0.291 -9.866 
3 16 5.9 0.291 -9.866 5.238 -3.826 -10.116 5.749 -3.776 -9.791 
3 16 6.006 -3.409 -9.154 6.051 -2.472 -6.448 6.172 -0.005 -9.154 
3 16 6.172 -0.005 -9.154 6.051 -2.472 -6.448 6.143 -0.031 -6.448 
3 16 -0.626 -6.586 -14.588 -0.974 -6.49 -14.617 -0.63 -2.672 -16.223 
3 16 -0.63 -2.672 -16.223 -0.974 -6.49 -14.617 -2.698 -2.739 -16.99 
3 16 -1.84 9.507 -13.043 -0.634 6.947 -15.343 -2.457 8.347 -14.064 
3 16 -0.634 6.947 -15.343 -1.786 6.849 -15.689 -2.457 8.347 -14.064 
3 16 -2.457 8.347 -14.064 -3.416 9.931 -11.933 -1.84 9.507 -13.043 
3 16 -0.142 3.625 -17.085 -1.556 3.836 -17.586 -0.634 6.947 -15.343 
3 16 -1.556 3.836 -17.586 -1.786 6.849 -15.689 -0.634 6.947 -15.343 
3 16 1.174 7.839 -16.427 -0.634 6.947 -15.343 0.2 10.894 -14.136 
3 16 0.2 10.894 -14.136 -0.634 6.947 -15.343 -1.84 9.507 -13.043 
3 16 0.627 3.555 -17.424 -0.142 3.625 -17.085 1.174 7.839 -16.427 
3 16 -0.142 3.625 -17.085 -0.634 6.947 -15.343 1.174 7.839 -16.427 
3 16 1.174 7.839 -16.427 0.2 10.894 -14.136 3.407 7.958 -14.361 
3 16 3.407 7.958 -14.361 0.2 10.894 -14.136 1.884 10.62 -12.847 
3 16 1.884 10.62 -12.847 0.2 10.894 -14.136 0.191 12.045 -11.779 
3 16 0.191 12.045 -11.779 0.2 10.894 -14.136 -1.516 12.502 -11.6 
3 16 -1.516 12.502 -11.6 0.2 10.894 -14.136 -1.909 12.181 -12.04 
3 16 0.627 3.555 -17.424 1.174 7.839 -16.427 2.614 5.316 -16.319 
3 16 2.614 5.316 -16.319 1.174 7.839 -16.427 3.407 7.958 -14.361 
3 16 0.627 3.555 -17.424 -0.369 0.487 -17.099 -0.142 3.625 -17.085 
3 16 -0.369 0.487 -17.099 0.627 3.555 -17.424 0.412 1.812 -17.429 
3 16 0.412 1.812 -17.429 0.627 3.555 -17.424 2.614 5.316 -16.319 
3 16 1.47 -0.199 -18.385 1.154 -3.27 -17.288 -0.369 0.487 -17.099 
3 16 -0.369 0.487 -17.099 1.154 -3.27 -17.288 -0.63 -2.672 -16.223 
3 16 2.614 5.316 -16.319 3.794 4.605 -17.228 0.412 1.812 -17.429 
3 16 3.794 4.605 -17.228 1.776 1.366 -18.372 0.412 1.812 -17.429 
3 16 -0.369 0.487 -17.099 0.412 1.812 -17.429 1.47 -0.199 -18.385 
3 16 0.412 1.812 -17.429 1.776 1.366 -18.372 1.47 -0.199 -18.385 
3 16 1.154 -3.27 -17.288 -0.626 -6.586 -14.588 -0.63 -2.672 -16.223 
3 16 1.47 -0.199 -18.385 5.27 -1.14 -17.577 1.154 -3.27 -17.288 
3 16 3.583 -3.592 -16.873 1.154 -3.27 -17.288 5.27 -1.14 -17.577 
3 16 1.776 1.366 -18.372 5.652 0.467 -17.507 1.47 -0.199 -18.385 
3 16 1.47 -0.199 -18.385 5.652 0.467 -17.507 5.27 -1.14 -17.577 
3 16 1.154 -3.27 -17.288 3.583 -3.592 -16.873 -0.626 -6.586 -14.588 
3 16 0.515 -6.483 -14.535 -0.626 -6.586 -14.588 3.583 -3.592 -16.873 
3 16 5.652 0.467 -17.507 1.776 1.366 -18.372 5.129 4.115 -16.874 
3 16 5.129 4.115 -16.874 1.776 1.366 -18.372 3.794 4.605 -17.228 
3 16 3.583 -3.592 -16.873 5.27 -1.14 -17.577 4.399 -3.543 -16.072 
3 16 4.399 -3.543 -16.072 5.27 -1.14 -17.577 5.861 -1.171 -16.799 
3 16 5.27 -1.14 -17.577 5.652 0.467 -17.507 5.861 -1.171 -16.799 
3 16 5.652 0.467 -17.507 6.237 0.367 -16.731 5.861 -1.171 -16.799 
3 16 5.129 4.115 -16.874 6.044 3.867 -15.708 5.652 0.467 -17.507 
3 16 6.044 3.867 -15.708 6.237 0.367 -16.731 5.652 0.467 -17.507 
3 16 4.051 6.424 -16.028 3.407 7.958 -14.361 5.181 5.76 -15.063 
3 16 5.181 5.76 -15.063 3.407 7.958 -14.361 3.059 10.581 -12.223 
3 16 3.059 10.581 -12.223 3.407 7.958 -14.361 1.884 10.62 -12.847 
3 16 5.181 5.76 -15.063 3.059 10.581 -12.223 5.225 8.904 -12.014 
3 16 7.915 5.553 -14.362 5.181 5.76 -15.063 6.269 8.624 -11.798 
3 16 6.269 8.624 -11.798 5.181 5.76 -15.063 5.225 8.904 -12.014 
3 16 5.225 8.904 -12.014 4.402 9.876 -10.156 6.269 8.624 -11.798 
3 16 6.269 8.624 -11.798 4.402 9.876 -10.156 5.245 9.527 -10.156 
3 16 5.225 8.904 -12.014 3.059 10.581 -12.223 4.402 9.876 -10.156 
3 16 3.059 10.581 -12.223 2.693 11.301 -10.156 4.402 9.876 -10.156 
3 16 6.507 -3.611 -15.554 8.096 -1.3 -16.104 7.393 -3.667 -14.446 
3 16 8.657 -1.475 -14.9 7.393 -3.667 -14.446 8.096 -1.3 -16.104 
3 16 9.455 1.608 -14.645 8.657 -1.475 -14.9 8.761 1.833 -16.063 
3 16 8.096 -1.3 -16.104 8.761 1.833 -16.063 8.657 -1.475 -14.9 
3 16 6.507 -3.611 -15.554 7.393 -3.667 -14.446 3.257 -5.683 -15.02 
3 16 3.257 -5.683 -15.02 7.393 -3.667 -14.446 4.751 -5.396 -15.018 
3 16 4.751 -5.396 -15.018 7.393 -3.667 -14.446 6.362 -4.69 -14.251 
3 16 8.761 1.833 -16.063 7.915 5.553 -14.362 9.455 1.608 -14.645 
3 16 7.915 5.553 -14.362 8.998 4.951 -12.963 9.455 1.608 -14.645 
3 16 7.915 5.553 -14.362 6.269 8.624 -11.798 8.998 4.951 -12.963 
3 16 7.675 7.428 -11.046 8.998 4.951 -12.963 6.269 8.624 -11.798 
3 16 5.245 9.527 -10.156 7.364 7.83 -10.156 6.269 8.624 -11.798 
3 16 6.269 8.624 -11.798 7.364 7.83 -10.156 7.675 7.428 -11.046 
3 16 8.694 -4.306 -14.249 7.393 -3.667 -14.446 10.425 -1.798 -14.988 
3 16 10.425 -1.798 -14.988 7.393 -3.667 -14.446 8.657 -1.475 -14.9 
3 16 8.657 -1.475 -14.9 9.455 1.608 -14.645 10.425 -1.798 -14.988 
3 16 10.425 -1.798 -14.988 9.455 1.608 -14.645 10.759 1.386 -14.508 
3 16 7.318 -5.643 -13.951 6.362 -4.69 -14.251 8.694 -4.306 -14.249 
3 16 7.393 -3.667 -14.446 8.694 -4.306 -14.249 6.362 -4.69 -14.251 
3 16 9.404 5.1 -12.695 10.759 1.386 -14.508 8.998 4.951 -12.963 
3 16 8.998 4.951 -12.963 10.759 1.386 -14.508 9.455 1.608 -14.645 
3 16 7.675 7.428 -11.046 9.054 7.208 -10.97 8.998 4.951 -12.963 
3 16 8.998 4.951 -12.963 9.054 7.208 -10.97 9.404 5.1 -12.695 
3 16 9.748 6.343 -11.762 9.404 5.1 -12.695 9.054 7.208 -10.97 
3 16 8.947 7.363 -10.168 9.054 7.208 -10.97 7.364 7.83 -10.156 
3 16 9.054 7.208 -10.97 7.675 7.428 -11.046 7.364 7.83 -10.156 
3 16 8.694 -4.306 -14.249 10.425 -1.798 -14.988 10.966 -4.599 -12.048 
3 16 12.329 -2.147 -12.325 10.966 -4.599 -12.048 10.425 -1.798 -14.988 
3 16 10.759 1.386 -14.508 12.587 0.651 -12.296 10.425 -1.798 -14.988 
3 16 10.425 -1.798 -14.988 12.587 0.651 -12.296 12.329 -2.147 -12.325 
3 16 7.318 -5.643 -13.951 8.694 -4.306 -14.249 9.882 -5.806 -11.954 
3 16 9.882 -5.806 -11.954 8.694 -4.306 -14.249 10.966 -4.599 -12.048 
3 16 10.759 1.386 -14.508 9.404 5.1 -12.695 12.587 0.651 -12.296 
3 16 12.587 0.651 -12.296 9.404 5.1 -12.695 11.63 2.537 -11.344 
3 16 11.63 2.537 -11.344 9.404 5.1 -12.695 10.72 4.046 -10.156 
3 16 10.72 4.046 -10.156 9.404 5.1 -12.695 10.343 5.85 -10.184 
3 16 10.343 5.85 -10.184 9.404 5.1 -12.695 9.748 6.343 -11.762 
3 16 8.947 7.363 -10.168 10.343 5.85 -10.184 9.054 7.208 -10.97 
3 16 10.343 5.85 -10.184 9.748 6.343 -11.762 9.054 7.208 -10.97 
3 16 10.966 -4.599 -12.048 12.329 -2.147 -12.325 13.039 -4.852 -11.486 
3 16 13.832 -2.738 -11.992 13.039 -4.852 -11.486 12.329 -2.147 -12.325 
3 16 13.832 -2.738 -11.992 12.329 -2.147 -12.325 13.559 0.285 -11.92 
3 16 12.329 -2.147 -12.325 12.587 0.651 -12.296 13.559 0.285 -11.92 
3 16 13.039 -4.852 -11.486 11.777 -6.319 -11.35 10.966 -4.599 -12.048 
3 16 9.981 -6.137 -11.817 9.882 -5.806 -11.954 11.777 -6.319 -11.35 
3 16 9.882 -5.806 -11.954 10.966 -4.599 -12.048 11.777 -6.319 -11.35 
3 16 11.63 2.537 -11.344 12.864 1.994 -11.288 12.587 0.651 -12.296 
3 16 12.864 1.994 -11.288 13.559 0.285 -11.92 12.587 0.651 -12.296 
3 16 9.962 -7.829 -11.422 9.641 -6.72 -11.743 11.777 -6.319 -11.35 
3 16 9.641 -6.72 -11.743 9.981 -6.137 -11.817 11.777 -6.319 -11.35 
3 16 14.375 -5.038 -8.446 13.039 -4.852 -11.486 14.812 -2.603 -8.892 
3 16 14.812 -2.603 -8.892 13.039 -4.852 -11.486 13.832 -2.738 -11.992 
3 16 13.36 -7.112 -8.505 11.777 -6.319 -11.35 14.375 -5.038 -8.446 
3 16 11.777 -6.319 -11.35 13.039 -4.852 -11.486 14.375 -5.038 -8.446 
3 16 9.962 -7.829 -11.422 11.777 -6.319 -11.35 10.27 -8.646 -10.736 
3 16 11.777 -6.319 -11.35 13.36 -7.112 -8.505 10.27 -8.646 -10.736 
3 16 10.27 -8.646 -10.736 13.36 -7.112 -8.505 11.275 -9.148 -9.182 
3 16 13.667 1.006 -10.156 14.096 0.282 -9.846 13.559 0.285 -11.92 
3 16 13.559 0.285 -11.92 14.096 0.282 -9.846 13.832 -2.738 -11.992 
3 16 14.096 0.282 -9.846 14.526 -0.005 -9.154 13.832 -2.738 -11.992 
3 16 14.812 -2.603 -8.892 13.832 -2.738 -11.992 14.645 0.006 -8.928 
3 16 13.832 -2.738 -11.992 14.526 -0.005 -9.154 14.645 0.006 -8.928 
3 16 15.233 -5.347 -7.512 14.375 -5.038 -8.446 15.677 -2.846 -8.111 
3 16 15.677 -2.846 -8.111 14.375 -5.038 -8.446 14.812 -2.603 -8.892 
3 16 15.677 -2.846 -8.111 14.812 -2.603 -8.892 15.122 0.006 -8.542 
3 16 14.812 -2.603 -8.892 14.645 0.006 -8.928 15.122 0.006 -8.542 
3 16 14.359 -7.57 -7.377 13.36 -7.112 -8.505 15.233 -5.347 -7.512 
3 16 13.36 -7.112 -8.505 14.375 -5.038 -8.446 15.233 -5.347 -7.512 
3 16 11.275 -9.148 -9.182 13.36 -7.112 -8.505 12.654 -9.764 -8.236 
3 16 12.654 -9.764 -8.236 13.36 -7.112 -8.505 14.359 -7.57 -7.377 
3 16 16.302 -2.983 -6.272 15.677 -2.846 -8.111 15.122 0.006 -8.542 
3 16 15.744 -5.402 -5.761 14.702 -7.618 -6.198 15.233 -5.347 -7.512 
3 16 15.233 -5.347 -7.512 14.702 -7.618 -6.198 14.359 -7.57 -7.377 
3 16 14.901 -7.788 -4.843 13.021 -10.151 -7.404 14.702 -7.618 -6.198 
3 16 14.702 -7.618 -6.198 13.021 -10.151 -7.404 12.819 -9.899 -7.885 
3 16 17.012 -2.536 -3.023 16.794 -3.933 -1.827 16.543 -2.992 -4.276 
3 16 15.488 -8.34 -2.647 14.901 -7.788 -4.843 16.355 -5.816 -1.816 
3 16 14.901 -7.788 -4.843 15.928 -5.465 -3.932 16.355 -5.816 -1.816 
3 16 13.021 -10.151 -7.404 13.916 -10.756 -5.394 12.266 -10.759 -8.269 
3 16 15.677 -2.846 -8.111 16.302 -2.983 -6.272 15.233 -5.347 -7.512 
3 16 15.744 -5.402 -5.761 15.233 -5.347 -7.512 16.302 -2.983 -6.272 
3 16 16.543 -2.992 -4.276 16.794 -3.933 -1.827 15.928 -5.465 -3.932 
3 16 16.794 -3.933 -1.827 16.355 -5.816 -1.816 15.928 -5.465 -3.932 
3 16 -2.698 -2.739 -16.99 -3.016 0.412 -18.072 -1.436 0.678 -17.922 
3 16 -3.016 0.412 -18.072 -1.556 3.836 -17.586 -1.436 0.678 -17.922 
3 16 10.72 4.046 -10.156 12.955 2.064 -10.156 11.63 2.537 -11.344 
3 16 12.864 1.994 -11.288 11.63 2.537 -11.344 12.955 2.064 -10.156 
3 16 -3.416 9.931 -11.933 -3.258 10.86 -10.156 -2.859 10.681 -11.891 
3 16 -2.766 11.87 -10.156 -2.695 11.597 -11.959 -3.258 10.86 -10.156 
3 16 -2.859 10.681 -11.891 -3.258 10.86 -10.156 -2.695 11.597 -11.959 
3 16 -1.909 12.181 -12.04 -2.766 11.87 -10.156 -1.516 12.502 -11.6 
3 16 -1.516 12.502 -11.6 -2.766 11.87 -10.156 -1.56 12.651 -10.156 
3 16 -2.695 11.597 -11.959 -2.766 11.87 -10.156 -1.909 12.181 -12.04 
3 16 -1.56 12.651 -10.156 0.446 12.168 -10.163 -1.516 12.502 -11.6 
3 16 -1.516 12.502 -11.6 0.446 12.168 -10.163 0.191 12.045 -11.779 
3 16 -3.591 5.2 -15.558 -3.329 7.873 -13.422 -1.786 6.849 -15.689 
3 16 -1.786 6.849 -15.689 -3.329 7.873 -13.422 -2.457 8.347 -14.064 
3 16 -3.122 3.913 -17.513 -3.591 5.2 -15.558 -1.786 6.849 -15.689 
3 16 -4.416 2.528 -17.17 -3.591 5.2 -15.558 -3.895 2.506 -17.7 
3 16 -3.895 2.506 -17.7 -3.591 5.2 -15.558 -3.122 3.913 -17.513 
3 16 -4.485 5.401 -15.311 -3.591 5.2 -15.558 -5.068 2.471 -16.997 
3 16 -5.068 2.471 -16.997 -3.591 5.2 -15.558 -4.416 2.528 -17.17 
3 16 -3.895 2.506 -17.7 -4.709 1.509 -17.446 -4.416 2.528 -17.17 
3 16 -4.416 2.528 -17.17 -4.709 1.509 -17.446 -5.068 2.471 -16.997 
3 16 -3.669 7.772 -13.409 -3.581 8.68 -12.57 -3.329 7.873 -13.422 
3 16 -2.698 -2.739 -16.99 -4.781 -2.594 -16.035 -4.538 0.216 -17.481 
3 16 -4.538 0.216 -17.481 -4.781 -2.594 -16.035 -6.155 -0.058 -16.33 
3 16 -4.538 0.216 -17.481 -6.155 -0.058 -16.33 -4.709 1.509 -17.446 
3 16 -6.155 -0.058 -16.33 -6.451 2.395 -15.819 -4.709 1.509 -17.446 
3 16 -6.451 2.395 -15.819 -5.068 2.471 -16.997 -4.709 1.509 -17.446 
3 16 -5.068 2.471 -16.997 -6.451 2.395 -15.819 -4.485 5.401 -15.311 
3 16 -6.451 2.395 -15.819 -5.282 5.262 -14.393 -4.485 5.401 -15.311 
3 16 -0.974 -6.49 -14.617 -2.498 -5.229 -14.969 -2.698 -2.739 -16.99 
3 16 -2.698 -2.739 -16.99 -2.498 -5.229 -14.969 -4.781 -2.594 -16.035 
3 16 -3.669 7.772 -13.409 -4.092 7.464 -13.147 -3.581 8.68 -12.57 
3 16 -6.155 -0.058 -16.33 -4.781 -2.594 -16.035 -8.071 -0.187 -16.507 
3 16 -4.781 -2.594 -16.035 -6.37 -2.623 -16.186 -8.071 -0.187 -16.507 
3 16 -6.155 -0.058 -16.33 -8.071 -0.187 -16.507 -6.451 2.395 -15.819 
3 16 -8.329 2.263 -16.176 -6.451 2.395 -15.819 -8.071 -0.187 -16.507 
3 16 -8.329 2.263 -16.176 -7.359 5.364 -14.63 -6.451 2.395 -15.819 
3 16 -6.451 2.395 -15.819 -7.359 5.364 -14.63 -5.282 5.262 -14.393 
3 16 -6.37 -2.623 -16.186 -4.781 -2.594 -16.035 -4.255 -5.295 -14.796 
3 16 -2.498 -5.229 -14.969 -4.255 -5.295 -14.796 -4.781 -2.594 -16.035 
3 16 -3.416 9.931 -11.933 -3.581 8.68 -12.57 -5.329 7.942 -12.962 
3 16 -4.092 7.464 -13.147 -5.329 7.942 -12.962 -3.581 8.68 -12.57 
3 16 -6.37 -2.623 -16.186 -8.803 -2.659 -14.771 -8.071 -0.187 -16.507 
3 16 -8.071 -0.187 -16.507 -8.803 -2.659 -14.771 -9.768 -0.426 -14.641 
3 16 -10.315 1.691 -13.594 -8.329 2.263 -16.176 -9.768 -0.426 -14.641 
3 16 -9.768 -0.426 -14.641 -8.329 2.263 -16.176 -8.071 -0.187 -16.507 
3 16 -7.359 5.364 -14.63 -10.185 3.161 -12.03 -10.165 4.032 -10.156 
3 16 -7.359 5.364 -14.63 -8.329 2.263 -16.176 -10.185 3.161 -12.03 
3 16 -10.185 3.161 -12.03 -8.329 2.263 -16.176 -10.315 1.691 -13.594 
3 16 -4.255 -5.295 -14.796 -7.23 -4.54 -14.312 -6.37 -2.623 -16.186 
3 16 -6.37 -2.623 -16.186 -7.23 -4.54 -14.312 -8.803 -2.659 -14.771 
3 16 -11.53 -0.865 -14.471 -9.768 -0.426 -14.641 -10.65 -3.269 -14.718 
3 16 -9.768 -0.426 -14.641 -8.803 -2.659 -14.771 -10.65 -3.269 -14.718 
3 16 -11.53 -0.865 -14.471 -11.255 1.512 -13.322 -9.768 -0.426 -14.641 
3 16 -11.255 1.512 -13.322 -10.315 1.691 -13.594 -9.768 -0.426 -14.641 
3 16 -11.885 2.745 -11.994 -11.633 3.506 -10.156 -10.185 3.161 -12.03 
3 16 -10.165 4.032 -10.156 -10.185 3.161 -12.03 -11.633 3.506 -10.156 
3 16 -10.185 3.161 -12.03 -10.315 1.691 -13.594 -11.885 2.745 -11.994 
3 16 -11.255 1.512 -13.322 -11.885 2.745 -11.994 -10.315 1.691 -13.594 
3 16 -10.65 -3.269 -14.718 -8.803 -2.659 -14.771 -9.365 -4.38 -14.491 
3 16 -8.803 -2.659 -14.771 -7.23 -4.54 -14.312 -9.365 -4.38 -14.491 
3 16 -9.365 -4.38 -14.491 -7.23 -4.54 -14.312 -7.815 -5.151 -14.237 
3 16 -12.435 -3.955 -11.945 -12.663 -1.564 -12.277 -10.65 -3.269 -14.718 
3 16 -10.65 -3.269 -14.718 -12.663 -1.564 -12.277 -11.53 -0.865 -14.471 
3 16 -11.255 1.512 -13.322 -11.53 -0.865 -14.471 -12.297 0.525 -11.814 
3 16 -11.53 -0.865 -14.471 -12.663 -1.564 -12.277 -12.297 0.525 -11.814 
3 16 -11.885 2.745 -11.994 -12.22 1.383 -11.448 -11.633 3.506 -10.156 
3 16 -11.633 3.506 -10.156 -12.22 1.383 -11.448 -12.53 1.651 -10.156 
3 16 -11.885 2.745 -11.994 -11.255 1.512 -13.322 -12.22 1.383 -11.448 
3 16 -11.255 1.512 -13.322 -12.297 0.525 -11.814 -12.22 1.383 -11.448 
3 16 -9.295 -5.883 -13.084 -9.365 -4.38 -14.491 -8.047 -5.848 -13.811 
3 16 -8.047 -5.848 -13.811 -9.365 -4.38 -14.491 -7.815 -5.151 -14.237 
3 16 -12.663 -1.564 -12.277 -12.435 -3.955 -11.945 -13.895 -1.922 -11.805 
3 16 -13.895 -1.922 -11.805 -12.435 -3.955 -11.945 -13.708 -4.283 -11.395 
3 16 -13.895 -1.922 -11.805 -12.783 0.43 -11.564 -12.663 -1.564 -12.277 
3 16 -12.783 0.43 -11.564 -12.297 0.525 -11.814 -12.663 -1.564 -12.277 
3 16 -10.781 -5.806 -11.801 -10.84 -6.415 -11.604 -12.568 -6.569 -10.836 
3 16 -12.568 -6.569 -10.836 -10.84 -6.415 -11.604 -11.499 -7.619 -10.767 
3 16 -12.783 0.43 -11.564 -12.22 1.383 -11.448 -12.297 0.525 -11.814 
3 16 -10.781 -5.806 -11.801 -12.568 -6.569 -10.836 -12.435 -3.955 -11.945 
3 16 -12.435 -3.955 -11.945 -12.568 -6.569 -10.836 -13.708 -4.283 -11.395 
3 16 -14.183 -4.798 -8.711 -14.705 -2.137 -9.488 -13.708 -4.283 -11.395 
3 16 -14.705 -2.137 -9.488 -13.895 -1.922 -11.805 -13.708 -4.283 -11.395 
3 16 -13.332 0.35 -9.911 -12.783 0.43 -11.564 -13.904 -0.459 -10.044 
3 16 -13.895 -1.922 -11.805 -14.705 -2.137 -9.488 -12.783 0.43 -11.564 
3 16 -13.904 -0.459 -10.044 -12.783 0.43 -11.564 -14.705 -2.137 -9.488 
3 16 -13.708 -4.283 -11.395 -12.568 -6.569 -10.836 -14.183 -4.798 -8.711 
3 16 -14.183 -4.798 -8.711 -12.568 -6.569 -10.836 -13.193 -7.075 -8.623 
3 16 -13.193 -7.075 -8.623 -12.568 -6.569 -10.836 -12.063 -8.068 -9.287 
3 16 -12.568 -6.569 -10.836 -11.499 -7.619 -10.767 -12.063 -8.068 -9.287 
3 16 -12.22 1.383 -11.448 -12.783 0.43 -11.564 -12.53 1.651 -10.156 
3 16 -12.53 1.651 -10.156 -12.783 0.43 -11.564 -12.862 1.006 -10.156 
3 16 -15.407 -4.877 -7.781 -15.315 -2.078 -8.976 -14.183 -4.798 -8.711 
3 16 -14.705 -2.137 -9.488 -14.183 -4.798 -8.711 -15.315 -2.078 -8.976 
3 16 -13.904 -0.459 -10.044 -14.705 -2.137 -9.488 -14.27 -0.627 -9.688 
3 16 -15.315 -2.078 -8.976 -14.27 -0.627 -9.688 -14.705 -2.137 -9.488 
3 16 -13.904 -0.459 -10.044 -13.707 0.049 -9.526 -13.332 0.35 -9.911 
3 16 -14.247 -7.749 -7.461 -15.407 -4.877 -7.781 -13.193 -7.075 -8.623 
3 16 -14.183 -4.798 -8.711 -13.193 -7.075 -8.623 -15.407 -4.877 -7.781 
3 16 -12.826 -9.831 -8.325 -14.247 -7.749 -7.461 -12.063 -8.068 -9.287 
3 16 -12.063 -8.068 -9.287 -14.247 -7.749 -7.461 -13.193 -7.075 -8.623 
3 16 -15.407 -4.877 -7.781 -16.118 -4.639 -4.558 -15.315 -2.078 -8.976 
3 16 -15.886 -1.777 -6.2 -15.315 -2.078 -8.976 -16.118 -4.639 -4.558 
3 16 -14.27 -0.627 -9.688 -15.315 -2.078 -8.976 -15.886 -1.777 -6.2 
3 16 -16.118 -4.639 -4.558 -15.407 -4.877 -7.781 -15.01 -7.828 -4.868 
3 16 -15.01 -7.828 -4.868 -15.407 -4.877 -7.781 -14.247 -7.749 -7.461 
3 16 -15.01 -7.828 -4.868 -14.247 -7.749 -7.461 -13.713 -10.285 -6.341 
3 16 -13.713 -10.285 -6.341 -14.247 -7.749 -7.461 -12.826 -9.831 -8.325 
3 16 -16.822 -3.938 -2.363 -16.318 -1.408 -4.764 -16.118 -4.639 -4.558 
3 16 -16.118 -4.639 -4.558 -16.318 -1.408 -4.764 -15.886 -1.777 -6.2 
3 16 -16.318 -1.408 -4.764 -14.803 -0.089 -7.33 -15.886 -1.777 -6.2 
3 16 -16.822 -3.938 -2.363 -16.118 -4.639 -4.558 -15.904 -7.914 -2.691 
3 16 -15.01 -7.828 -4.868 -15.904 -7.914 -2.691 -16.118 -4.639 -4.558 
3 16 -15.528 -0.91 -3.338 -16.318 -1.408 -4.764 -15.682 -3.606 -0.893 
3 16 -16.318 -1.408 -4.764 -16.822 -3.938 -2.363 -15.682 -3.606 -0.893 
3 16 -15.682 -3.606 -0.893 -16.822 -3.938 -2.363 -14.939 -7.792 -1.295 
3 16 -16.822 -3.938 -2.363 -15.904 -7.914 -2.691 -14.939 -7.792 -1.295 
3 16 -15.054 -9.659 -3.466 -14.376 -9.463 -1.949 -15.904 -7.914 -2.691 
3 16 -15.904 -7.914 -2.691 -14.376 -9.463 -1.949 -14.939 -7.792 -1.295 
3 16 -15.528 -0.91 -3.338 -15.682 -3.606 -0.893 -14.582 -1.057 -2.599 
3 16 -13.707 0.049 -9.526 -14.803 -0.089 -7.33 -14.582 -1.057 -2.599 
3 16 -14.582 -1.057 -2.599 -14.803 -0.089 -7.33 -15.528 -0.91 -3.338 
3 16 -15.682 -3.606 -0.893 -14.939 -7.792 -1.295 -13.104 -7.338 -0.65 
3 16 -13.104 -7.338 -0.65 -14.939 -7.792 -1.295 -13.03 -9.118 -1.483 
3 16 -14.376 -9.463 -1.949 -13.03 -9.118 -1.483 -14.939 -7.792 -1.295 
3 16 -15.682 -3.606 -0.893 -13.755 -2.422 -0.367 -14.582 -1.057 -2.599 
3 16 -14.582 -1.057 -2.599 -13.755 -2.422 -0.367 -13.869 -0.744 -2.177 
3 16 -13.707 0.049 -9.526 -14.582 -1.057 -2.599 -13.38 -0.007 -5.776 
3 16 -13.869 -0.744 -2.177 -13.38 -0.007 -5.776 -14.582 -1.057 -2.599 
3 16 -13.104 -7.338 -0.65 -12.828 -5.86 -0.227 -15.682 -3.606 -0.893 
3 16 -12.828 -5.86 -0.227 -13.755 -2.422 -0.367 -15.682 -3.606 -0.893 
3 16 -13.755 -2.422 -0.367 -12.282 -1.494 -0.012 -13.869 -0.744 -2.177 
3 16 -12.268 0.006 -3.05 -13.38 -0.007 -5.776 -13.869 -0.744 -2.177 
3 16 -12.828 -5.86 -0.227 -12.269 -4.14 0.57 -13.755 -2.422 -0.367 
3 16 -12.269 -4.14 0.57 -12.282 -1.494 -0.012 -13.755 -2.422 -0.367 
3 16 16.588 -1.541 -5.007 15.482 -1.039 -3.566 17.012 -2.536 -3.023 
3 16 15.482 -1.039 -3.566 15.803 -2.004 -2.046 17.012 -2.536 -3.023 
3 16 15.374 -5.822 -0.97 16.355 -5.816 -1.816 15.842 -3.632 -0.982 
3 16 15.842 -3.632 -0.982 16.355 -5.816 -1.816 16.794 -3.933 -1.827 
3 16 15.374 -5.822 -0.97 14.845 -8.653 -1.563 16.355 -5.816 -1.816 
3 16 15.488 -8.34 -2.647 16.355 -5.816 -1.816 14.845 -8.653 -1.563 
3 16 13.503 -11.68 -4.391 11.191 -11.951 -8.308 13.916 -10.756 -5.394 
3 16 11.191 -11.951 -8.308 12.266 -10.759 -8.269 13.916 -10.756 -5.394 
3 16 14.669 -1.93 -1.656 15.803 -2.004 -2.046 14.798 -0.809 -3.532 
3 16 14.798 -0.809 -3.532 15.803 -2.004 -2.046 15.482 -1.039 -3.566 
3 16 14.119 -3.586 -0.455 15.374 -5.822 -0.97 15.842 -3.632 -0.982 
3 16 14.119 -3.586 -0.455 12.962 -7.086 -0.545 15.374 -5.822 -0.97 
3 16 15.374 -5.822 -0.97 12.962 -7.086 -0.545 14.845 -8.653 -1.563 
3 16 12.962 -7.086 -0.545 12.943 -8.451 -0.985 14.845 -8.653 -1.563 
3 16 11.191 -11.951 -8.308 13.503 -11.68 -4.391 10.609 -11.426 -7.501 
3 16 12.459 -11.478 -3.663 10.609 -11.426 -7.501 13.503 -11.68 -4.391 
3 16 14.801 -0.209 -5.157 14.798 -0.809 -3.532 15.482 -1.039 -3.566 
3 16 12.142 -4.164 0.06 14.119 -3.586 -0.455 12.126 -3.785 0.626 
3 16 12.126 -3.785 0.626 14.119 -3.586 -0.455 12.918 -3.193 -0.034 
3 16 14.798 -0.809 -3.532 14.801 -0.209 -5.157 13.248 -0.27 -2.36 
3 16 14.657 0.006 -6.334 12.993 0.003 -2.971 14.801 -0.209 -5.157 
3 16 14.801 -0.209 -5.157 12.993 0.003 -2.971 13.248 -0.27 -2.36 
3 16 12.787 -1.505 -0.622 14.669 -1.93 -1.656 13.248 -0.27 -2.36 
3 16 13.248 -0.27 -2.36 14.669 -1.93 -1.656 14.798 -0.809 -3.532 
3 16 -10.325 -11.024 -10.145 -9.813 -11.124 -9.758 -11.484 -11.817 -8.367 
3 16 -11.484 -11.817 -8.367 -9.813 -11.124 -9.758 -11.155 -11.858 -8.165 
3 16 -12.64 -11.839 -6.843 -11.484 -11.817 -8.367 -12.227 -12.044 -6.641 
3 16 -11.484 -11.817 -8.367 -11.155 -11.858 -8.165 -12.227 -12.044 -6.641 
3 16 -14.203 -11.14 -4.326 -12.64 -11.839 -6.843 -13.279 -11.851 -5.417 
3 16 -12.227 -12.044 -6.641 -13.279 -11.851 -5.417 -12.64 -11.839 -6.843 
3 16 -11.155 -11.858 -8.165 -9.813 -11.124 -9.758 -10.449 -11.194 -7.911 
3 16 -9.813 -11.124 -9.758 -9.39 -10.847 -9.108 -10.449 -11.194 -7.911 
3 16 -10.449 -11.194 -7.911 -11.457 -11.8 -6.375 -11.155 -11.858 -8.165 
3 16 -11.155 -11.858 -8.165 -11.457 -11.8 -6.375 -12.227 -12.044 -6.641 
3 16 -14.203 -11.14 -4.326 -13.279 -11.851 -5.417 -12.498 -11.564 -3.981 
3 16 -13.279 -11.851 -5.417 -12.117 -11.845 -5.01 -12.498 -11.564 -3.981 
3 16 -10.84 -6.415 -11.604 -10.056 -7.222 -11.54 -10.63 -8.497 -10.711 
3 16 -10.84 -6.415 -11.604 -9.579 -6.979 -13.194 -10.056 -7.222 -11.54 
3 16 -9.339 -7.478 -13.037 -10.056 -7.222 -11.54 -9.579 -6.979 -13.194 
3 16 -10.63 -8.497 -10.711 -10.056 -7.222 -11.54 -9.646 -8.323 -12.985 
3 16 -9.646 -8.323 -12.985 -10.056 -7.222 -11.54 -9.339 -7.478 -13.037 
3 16 -9.295 -5.883 -13.084 -9.579 -6.979 -13.194 -10.781 -5.806 -11.801 
3 16 -10.781 -5.806 -11.801 -9.579 -6.979 -13.194 -10.84 -6.415 -11.604 
3 16 -9.579 -6.979 -13.194 -9.053 -7.758 -13.89 -9.339 -7.478 -13.037 
3 16 -9.646 -8.323 -12.985 -9.339 -7.478 -13.037 -9.142 -8.011 -13.773 
3 16 -9.339 -7.478 -13.037 -9.053 -7.758 -13.89 -9.142 -8.011 -13.773 
3 16 -6.377 -7.185 -15.526 -6.913 -7.792 -15.415 -7.815 -5.151 -14.237 
3 16 -7.815 -5.151 -14.237 -6.913 -7.792 -15.415 -8.047 -5.848 -13.811 
3 16 -8.047 -5.848 -13.811 -6.913 -7.792 -15.415 -9.295 -5.883 -13.084 
3 16 9.981 -6.137 -11.817 9.641 -6.72 -11.743 6.98 -6.727 -14.993 
3 16 6.654 -9.831 -15.088 6.98 -6.727 -14.993 8.029 -9.577 -14.266 
3 16 9.641 -6.72 -11.743 8.32 -7.687 -14.203 6.98 -6.727 -14.993 
3 16 8.32 -7.687 -14.203 8.029 -9.577 -14.266 6.98 -6.727 -14.993 
3 16 8.32 -7.687 -14.203 9.641 -6.72 -11.743 8.772 -8 -13.73 
3 16 9.962 -7.829 -11.422 8.772 -8 -13.73 9.641 -6.72 -11.743 
3 16 9.981 -6.137 -11.817 6.98 -6.727 -14.993 9.882 -5.806 -11.954 
3 16 6.98 -6.727 -14.993 7.318 -5.643 -13.951 9.882 -5.806 -11.954 
3 16 4.751 -5.396 -15.018 6.362 -4.69 -14.251 5.066 -5.853 -14.775 
3 16 6.47 -5.465 -14.204 5.066 -5.853 -14.775 6.362 -4.69 -14.251 
3 16 5.066 -5.853 -14.775 3.606 -7.314 -15.995 4.751 -5.396 -15.018 
3 16 3.606 -7.314 -15.995 3.257 -5.683 -15.02 4.751 -5.396 -15.018 
3 16 6.98 -6.727 -14.993 5.254 -7.01 -15.693 6.47 -5.465 -14.204 
3 16 6.47 -5.465 -14.204 5.254 -7.01 -15.693 5.066 -5.853 -14.775 
3 16 5.254 -7.01 -15.693 3.606 -7.314 -15.995 5.066 -5.853 -14.775 
3 16 -0.974 -6.49 -14.617 -1.475 -8.179 -16.142 -4.255 -5.295 -14.796 
3 16 -4.255 -5.295 -14.796 -1.475 -8.179 -16.142 -3.692 -7.528 -16.199 
3 16 0.515 -6.483 -14.535 3.257 -5.683 -15.02 0.952 -8.461 -16.015 
3 16 3.257 -5.683 -15.02 3.032 -7.929 -16.106 0.952 -8.461 -16.015 
3 16 -5.748 -7.083 -15.738 -6.377 -7.185 -15.526 -7.23 -4.54 -14.312 
3 16 -7.23 -4.54 -14.312 -6.377 -7.185 -15.526 -7.815 -5.151 -14.237 
3 16 -9.295 -5.883 -13.084 -6.913 -7.792 -15.415 -9.579 -6.979 -13.194 
3 16 -9.579 -6.979 -13.194 -6.913 -7.792 -15.415 -9.053 -7.758 -13.89 
3 16 8.61 -11.618 -10.943 9.778 -10.269 -10.849 9.791 -11.058 -9.931 
3 16 10.637 -10.186 -9.589 9.791 -11.058 -9.931 9.778 -10.269 -10.849 
3 16 11.191 -11.951 -8.308 9.791 -11.058 -9.931 12.266 -10.759 -8.269 
3 16 12.266 -10.759 -8.269 9.791 -11.058 -9.931 10.637 -10.186 -9.589 
3 16 8.056 -11.372 -11.941 9.778 -10.269 -10.849 7.974 -11.59 -11.474 
3 16 9.778 -10.269 -10.849 8.61 -11.618 -10.943 7.974 -11.59 -11.474 
3 16 8.772 -8 -13.73 9.962 -7.829 -11.422 8.605 -9.688 -13.562 
3 16 8.801 -10.013 -13.097 8.605 -9.688 -13.562 9.962 -7.829 -11.422 
3 16 6.98 -6.727 -14.993 6.654 -9.831 -15.088 5.254 -7.01 -15.693 
3 16 6.654 -9.831 -15.088 4.976 -10.131 -15.75 5.254 -7.01 -15.693 
3 16 5.254 -7.01 -15.693 4.976 -10.131 -15.75 3.606 -7.314 -15.995 
3 16 4.976 -10.131 -15.75 3.032 -7.929 -16.106 3.606 -7.314 -15.995 
3 16 -1.496 -9.908 -16.152 -1.475 -8.179 -16.142 -0.155 -9.739 -16.03 
3 16 -1.475 -8.179 -16.142 -0.263 -8.541 -15.977 -0.155 -9.739 -16.03 
3 16 1.074 -9.692 -16.179 -0.155 -9.739 -16.03 0.952 -8.461 -16.015 
3 16 -0.155 -9.739 -16.03 -0.263 -8.541 -15.977 0.952 -8.461 -16.015 
3 16 -3.657 -10.246 -16.153 -3.696 -8.195 -16.297 -1.496 -9.908 -16.152 
3 16 -1.496 -9.908 -16.152 -3.696 -8.195 -16.297 -1.475 -8.179 -16.142 
3 16 3.058 -10.081 -16.184 1.074 -9.692 -16.179 3.032 -7.929 -16.106 
3 16 1.074 -9.692 -16.179 0.952 -8.461 -16.015 3.032 -7.929 -16.106 
3 16 -5.592 -10.261 -15.813 -7.266 -9.655 -15.169 -5.759 -7.867 -15.942 
3 16 -5.759 -7.867 -15.942 -7.266 -9.655 -15.169 -6.913 -7.792 -15.415 
3 16 -7.266 -9.655 -15.169 -8.868 -8.993 -13.878 -6.913 -7.792 -15.415 
3 16 -9.053 -7.758 -13.89 -6.913 -7.792 -15.415 -9.142 -8.011 -13.773 
3 16 -6.913 -7.792 -15.415 -8.868 -8.993 -13.878 -9.142 -8.011 -13.773 
3 16 -10.933 -9.062 -9.952 -9.944 -10.066 -11.392 -10.325 -11.024 -10.145 
3 16 -10.325 -11.024 -10.145 -9.944 -10.066 -11.392 -9.325 -10.942 -11.385 
3 16 -10.63 -8.497 -10.711 -9.646 -8.323 -12.985 -9.944 -10.066 -11.392 
3 16 -9.412 -9.225 -12.98 -9.944 -10.066 -11.392 -9.646 -8.323 -12.985 
3 16 -9.412 -9.225 -12.98 -9.646 -8.323 -12.985 -8.868 -8.993 -13.878 
3 16 -9.646 -8.323 -12.985 -9.142 -8.011 -13.773 -8.868 -8.993 -13.878 
3 16 8.32 -7.687 -14.203 8.772 -8 -13.73 8.029 -9.577 -14.266 
3 16 8.772 -8 -13.73 8.605 -9.688 -13.562 8.029 -9.577 -14.266 
3 16 -6.052 0.281 -9.844 -12.862 1.006 -10.156 -13.332 0.35 -9.911 
3 16 -5.371 1.006 -10.156 -12.862 1.006 -10.156 -6.052 0.281 -9.844 
3 16 -13.707 0.049 -9.526 -6.292 0.015 -9.383 -13.332 0.35 -9.911 
3 16 -6.052 0.281 -9.844 -13.332 0.35 -9.911 -6.292 0.015 -9.383 
3 16 -13.707 0.049 -9.526 -13.38 -0.007 -5.776 -6.311 0.004 -6.466 
3 16 -6.311 0.004 -6.466 -13.38 -0.007 -5.776 -6.573 -0.006 -4.776 
3 16 -13.707 0.049 -9.526 -6.311 0.004 -6.466 -6.292 0.015 -9.383 
3 16 15.455 -0.039 -7.109 15.122 0.006 -8.542 6.143 -0.031 -6.448 
3 16 15.122 0.006 -8.542 14.645 0.006 -8.928 6.143 -0.031 -6.448 
3 16 14.645 0.006 -8.928 14.526 -0.005 -9.154 6.143 -0.031 -6.448 
3 16 6.143 -0.031 -6.448 14.526 -0.005 -9.154 6.172 -0.005 -9.154 
3 16 9.347 -0.001 5.242 7.036 0 4.062 5.24 -0.001 9.349 
3 16 4.062 0 7.036 5.24 -0.001 9.349 7.036 0 4.062 
3 16 0 -0.001 10.753 5.24 -0.001 9.349 0 0 8.125 
3 16 0 0 8.125 5.24 -0.001 9.349 4.062 0 7.036 
3 16 0 -0.001 10.753 0 0 8.125 -5.24 -0.001 9.349 
3 16 -4.062 0 7.036 -5.24 -0.001 9.349 0 0 8.125 
3 16 -5.24 -0.001 9.349 -4.062 0 7.036 -9.347 -0.001 5.242 
3 16 -7.036 0 4.062 -9.347 -0.001 5.242 -4.062 0 7.036 
3 16 -10.751 -0.001 0.002 -9.347 -0.001 5.242 -8.125 0 0 
3 16 -8.125 0 0 -9.347 -0.001 5.242 -7.036 0 4.062 
3 16 10.751 -0.001 0.002 8.125 0 0 9.347 -0.001 5.242 
3 16 7.036 0 4.062 9.347 -0.001 5.242 8.125 0 0 
3 16 7.727 -0.006 -2.511 8.125 0 0 10.376 0.006 -2.374 
3 16 10.751 -0.001 0.002 10.376 0.006 -2.374 8.125 0 0 
3 16 -12.268 0.006 -3.05 -10.751 -0.001 0.002 -7.727 -0.006 -2.511 
3 16 -8.125 0 0 -7.727 -0.006 -2.511 -10.751 -0.001 0.002 
3 16 -7.38 7.388 -10.164 -6.375 8.192 -10.16 -5.329 7.942 -12.962 
3 16 -3.258 10.86 -10.156 -3.416 9.931 -11.933 -6.375 8.192 -10.16 
3 16 -3.416 9.931 -11.933 -5.329 7.942 -12.962 -6.375 8.192 -10.16 
3 16 4.976 -10.131 -15.75 6.654 -9.831 -15.088 4.448 -11.673 -14.151 
3 16 6.654 -9.831 -15.088 6.016 -11.268 -13.46 4.448 -11.673 -14.151 
3 16 4.976 -10.131 -15.75 4.448 -11.673 -14.151 3.058 -10.081 -16.184 
3 16 3.058 -10.081 -16.184 4.448 -11.673 -14.151 2.941 -11.529 -14.715 
3 16 -1.321 -10.895 -15.053 -1.496 -9.908 -16.152 -0.147 -10.507 -15.259 
3 16 -0.147 -10.507 -15.259 -1.496 -9.908 -16.152 -0.155 -9.739 -16.03 
3 16 1.07 -10.857 -15.123 -0.147 -10.507 -15.259 1.074 -9.692 -16.179 
3 16 -0.155 -9.739 -16.03 1.074 -9.692 -16.179 -0.147 -10.507 -15.259 
3 16 -3.415 -11.56 -14.457 -3.657 -10.246 -16.153 -1.321 -10.895 -15.053 
3 16 -1.321 -10.895 -15.053 -3.657 -10.246 -16.153 -1.496 -9.908 -16.152 
3 16 2.941 -11.529 -14.715 1.07 -10.857 -15.123 3.058 -10.081 -16.184 
3 16 3.058 -10.081 -16.184 1.07 -10.857 -15.123 1.074 -9.692 -16.179 
3 16 -7.266 -9.655 -15.169 -5.592 -10.261 -15.813 -6.677 -11.104 -13.148 
3 16 -5.592 -10.261 -15.813 -5.132 -11.634 -13.89 -6.677 -11.104 -13.148 
3 16 -6.677 -11.104 -13.148 -8.078 -10.345 -12.377 -7.266 -9.655 -15.169 
3 16 -7.266 -9.655 -15.169 -8.078 -10.345 -12.377 -8.868 -8.993 -13.878 
3 16 4.246 -11.709 -12.316 4.448 -11.673 -14.151 5.915 -11.332 -11.587 
3 16 5.915 -11.332 -11.587 4.448 -11.673 -14.151 6.016 -11.268 -13.46 
3 16 2.675 -11.506 -12.744 2.941 -11.529 -14.715 4.246 -11.709 -12.316 
3 16 4.448 -11.673 -14.151 4.246 -11.709 -12.316 2.941 -11.529 -14.715 
3 16 -0.147 -10.507 -15.259 -0.201 -10.58 -13.055 -1.321 -10.895 -15.053 
3 16 -1.321 -10.895 -15.053 -0.201 -10.58 -13.055 -1.379 -10.974 -12.955 
3 16 -0.147 -10.507 -15.259 1.07 -10.857 -15.123 -0.201 -10.58 -13.055 
3 16 0.981 -10.843 -13.006 -0.201 -10.58 -13.055 1.07 -10.857 -15.123 
3 16 -3.415 -11.56 -14.457 -1.321 -10.895 -15.053 -3.282 -11.62 -12.612 
3 16 -1.321 -10.895 -15.053 -1.379 -10.974 -12.955 -3.282 -11.62 -12.612 
3 16 2.941 -11.529 -14.715 2.675 -11.506 -12.744 1.07 -10.857 -15.123 
3 16 2.675 -11.506 -12.744 0.981 -10.843 -13.006 1.07 -10.857 -15.123 
3 16 -6.677 -11.104 -13.148 -5.132 -11.634 -13.89 -6.304 -11.244 -11.462 
3 16 -5.132 -11.634 -13.89 -4.764 -11.703 -12.166 -6.304 -11.244 -11.462 
3 16 -6.677 -11.104 -13.148 -6.304 -11.244 -11.462 -8.078 -10.345 -12.377 
3 16 -8.078 -10.345 -12.377 -6.304 -11.244 -11.462 -7.367 -10.643 -10.819 
3 16 7.306 -10.864 -12.578 8.056 -11.372 -11.941 6.768 -11.071 -11.109 
3 16 7.974 -11.59 -11.474 6.768 -11.071 -11.109 8.056 -11.372 -11.941 
3 16 -10.325 -11.024 -10.145 -9.325 -10.942 -11.385 -9.813 -11.124 -9.758 
3 16 -8.884 -11.174 -10.726 -9.813 -11.124 -9.758 -9.325 -10.942 -11.385 
3 16 -8.407 -10.69 -10.04 -9.39 -10.847 -9.108 -8.884 -11.174 -10.726 
3 16 -8.884 -11.174 -10.726 -9.39 -10.847 -9.108 -9.813 -11.124 -9.758 
3 16 -8.407 -10.69 -10.04 -8.884 -11.174 -10.726 -7.367 -10.643 -10.819 
3 16 -7.367 -10.643 -10.819 -8.884 -11.174 -10.726 -8.127 -10.79 -11.296 
3 16 -12.852 -10.566 -2.612 -13.979 -10.817 -3.257 -12.498 -11.564 -3.981 
3 16 -12.498 -11.564 -3.981 -13.979 -10.817 -3.257 -14.203 -11.14 -4.326 
3 16 10.609 -11.426 -7.501 8.074 -11.473 -10.197 11.191 -11.951 -8.308 
3 16 11.191 -11.951 -8.308 8.074 -11.473 -10.197 9.791 -11.058 -9.931 
3 16 8.074 -11.473 -10.197 8.61 -11.618 -10.943 9.791 -11.058 -9.931 
3 16 7.091 -11.082 -10.91 7.974 -11.59 -11.474 8.074 -11.473 -10.197 
3 16 8.61 -11.618 -10.943 8.074 -11.473 -10.197 7.974 -11.59 -11.474 
3 16 7.091 -11.082 -10.91 6.768 -11.071 -11.109 7.974 -11.59 -11.474 
3 16 6.016 -11.268 -13.46 7.306 -10.864 -12.578 5.915 -11.332 -11.587 
3 16 6.768 -11.071 -11.109 5.915 -11.332 -11.587 7.306 -10.864 -12.578 
3 16 8.801 -10.013 -13.097 8.742 -10.458 -12.73 7.306 -10.864 -12.578 
3 16 7.306 -10.864 -12.578 8.742 -10.458 -12.73 8.056 -11.372 -11.941 
3 16 7.306 -10.864 -12.578 6.016 -11.268 -13.46 8.029 -9.577 -14.266 
3 16 8.029 -9.577 -14.266 6.016 -11.268 -13.46 6.654 -9.831 -15.088 
3 16 10.27 -8.646 -10.736 8.742 -10.458 -12.73 9.962 -7.829 -11.422 
3 16 8.742 -10.458 -12.73 8.801 -10.013 -13.097 9.962 -7.829 -11.422 
3 16 10.637 -10.186 -9.589 11.275 -9.148 -9.182 12.266 -10.759 -8.269 
3 16 12.266 -10.759 -8.269 11.275 -9.148 -9.182 12.654 -9.764 -8.236 
3 16 11.275 -9.148 -9.182 10.637 -10.186 -9.589 10.27 -8.646 -10.736 
3 16 10.27 -8.646 -10.736 10.637 -10.186 -9.589 9.778 -10.269 -10.849 
3 16 10.27 -8.646 -10.736 9.778 -10.269 -10.849 8.742 -10.458 -12.73 
3 16 8.742 -10.458 -12.73 9.778 -10.269 -10.849 8.056 -11.372 -11.941 
3 16 -9.325 -10.942 -11.385 -8.51 -10.387 -12.081 -8.884 -11.174 -10.726 
3 16 -8.884 -11.174 -10.726 -8.51 -10.387 -12.081 -8.127 -10.79 -11.296 
3 16 -8.078 -10.345 -12.377 -8.51 -10.387 -12.081 -8.868 -8.993 -13.878 
3 16 -9.412 -9.225 -12.98 -8.868 -8.993 -13.878 -8.51 -10.387 -12.081 
3 16 -7.367 -10.643 -10.819 -8.127 -10.79 -11.296 -8.078 -10.345 -12.377 
3 16 -8.127 -10.79 -11.296 -8.51 -10.387 -12.081 -8.078 -10.345 -12.377 
3 16 -9.944 -10.066 -11.392 -10.933 -9.062 -9.952 -10.63 -8.497 -10.711 
3 16 -9.944 -10.066 -11.392 -9.412 -9.225 -12.98 -9.325 -10.942 -11.385 
3 16 -9.412 -9.225 -12.98 -8.51 -10.387 -12.081 -9.325 -10.942 -11.385 
3 16 4.051 6.424 -16.028 5.181 5.76 -15.063 5.129 4.115 -16.874 
3 16 5.181 5.76 -15.063 6.044 3.867 -15.708 5.129 4.115 -16.874 
3 16 3.407 7.958 -14.361 4.051 6.424 -16.028 2.614 5.316 -16.319 
3 16 2.614 5.316 -16.319 4.051 6.424 -16.028 3.794 4.605 -17.228 
3 16 3.794 4.605 -17.228 4.051 6.424 -16.028 5.129 4.115 -16.874 
3 16 -10.165 4.032 -10.156 -8.773 5.674 -10.16 -7.359 5.364 -14.63 
3 16 -7.359 5.364 -14.63 -8.773 5.674 -10.16 -5.329 7.942 -12.962 
3 16 -5.329 7.942 -12.962 -8.773 5.674 -10.16 -7.38 7.388 -10.164 
3 16 -7.359 5.364 -14.63 -5.329 7.942 -12.962 -5.282 5.262 -14.393 
3 16 -5.282 5.262 -14.393 -5.329 7.942 -12.962 -4.092 7.464 -13.147 
3 16 -3.416 9.931 -11.933 -2.457 8.347 -14.064 -3.581 8.68 -12.57 
3 16 -2.457 8.347 -14.064 -3.329 7.873 -13.422 -3.581 8.68 -12.57 
3 16 -9.295 -5.883 -13.084 -10.781 -5.806 -11.801 -9.365 -4.38 -14.491 
3 16 -12.435 -3.955 -11.945 -10.65 -3.269 -14.718 -10.781 -5.806 -11.801 
3 16 -10.781 -5.806 -11.801 -10.65 -3.269 -14.718 -9.365 -4.38 -14.491 
3 16 -3.669 7.772 -13.409 -4.485 5.401 -15.311 -4.092 7.464 -13.147 
3 16 -4.092 7.464 -13.147 -4.485 5.401 -15.311 -5.282 5.262 -14.393 
3 16 -3.329 7.873 -13.422 -3.591 5.2 -15.558 -3.669 7.772 -13.409 
3 16 -3.591 5.2 -15.558 -4.485 5.401 -15.311 -3.669 7.772 -13.409 
3 16 0.2 10.894 -14.136 -1.84 9.507 -13.043 -1.909 12.181 -12.04 
3 16 -1.909 12.181 -12.04 -1.84 9.507 -13.043 -2.695 11.597 -11.959 
3 16 -2.695 11.597 -11.959 -1.84 9.507 -13.043 -2.859 10.681 -11.891 
3 16 3.059 10.581 -12.223 0.191 12.045 -11.779 2.693 11.301 -10.156 
3 16 0.191 12.045 -11.779 0.446 12.168 -10.163 2.693 11.301 -10.156 
3 16 0.191 12.045 -11.779 3.059 10.581 -12.223 1.884 10.62 -12.847 
3 16 -4.255 -5.295 -14.796 -3.692 -7.528 -16.199 -7.23 -4.54 -14.312 
3 16 -7.23 -4.54 -14.312 -3.692 -7.528 -16.199 -5.748 -7.083 -15.738 
3 16 -5.759 -7.867 -15.942 -3.696 -8.195 -16.297 -5.592 -10.261 -15.813 
3 16 -3.657 -10.246 -16.153 -5.592 -10.261 -15.813 -3.696 -8.195 -16.297 
3 16 -5.592 -10.261 -15.813 -3.657 -10.246 -16.153 -5.132 -11.634 -13.89 
3 16 -3.415 -11.56 -14.457 -5.132 -11.634 -13.89 -3.657 -10.246 -16.153 
3 16 -5.132 -11.634 -13.89 -3.415 -11.56 -14.457 -4.764 -11.703 -12.166 
3 16 -4.764 -11.703 -12.166 -3.415 -11.56 -14.457 -3.282 -11.62 -12.612 
3 16 15.928 -5.465 -3.932 14.901 -7.788 -4.843 15.744 -5.402 -5.761 
3 16 15.744 -5.402 -5.761 14.901 -7.788 -4.843 14.702 -7.618 -6.198 
3 16 16.302 -2.983 -6.272 16.543 -2.992 -4.276 15.744 -5.402 -5.761 
3 16 15.928 -5.465 -3.932 15.744 -5.402 -5.761 16.543 -2.992 -4.276 
3 16 16.543 -2.992 -4.276 16.302 -2.983 -6.272 16.588 -1.541 -5.007 
3 16 15.122 0.006 -8.542 15.455 -0.039 -7.109 16.302 -2.983 -6.272 
3 16 16.588 -1.541 -5.007 16.302 -2.983 -6.272 15.455 -0.039 -7.109 
3 16 13.503 -11.68 -4.391 14.462 -9.82 -2.117 12.459 -11.478 -3.663 
3 16 14.462 -9.82 -2.117 12.85 -9.727 -1.804 12.459 -11.478 -3.663 
3 16 14.845 -8.653 -1.563 14.462 -9.82 -2.117 15.488 -8.34 -2.647 
3 16 13.916 -10.756 -5.394 15.488 -8.34 -2.647 13.503 -11.68 -4.391 
3 16 13.503 -11.68 -4.391 15.488 -8.34 -2.647 14.462 -9.82 -2.117 
3 16 13.021 -10.151 -7.404 14.901 -7.788 -4.843 13.916 -10.756 -5.394 
3 16 13.916 -10.756 -5.394 14.901 -7.788 -4.843 15.488 -8.34 -2.647 
3 16 12.943 -8.451 -0.985 12.85 -9.727 -1.804 14.845 -8.653 -1.563 
3 16 14.845 -8.653 -1.563 12.85 -9.727 -1.804 14.462 -9.82 -2.117 
3 16 13.021 -10.151 -7.404 12.266 -10.759 -8.269 12.819 -9.899 -7.885 
3 16 12.819 -9.899 -7.885 12.266 -10.759 -8.269 12.654 -9.764 -8.236 
3 16 14.702 -7.618 -6.198 12.819 -9.899 -7.885 14.359 -7.57 -7.377 
3 16 12.654 -9.764 -8.236 14.359 -7.57 -7.377 12.819 -9.899 -7.885 
3 16 -11.484 -11.817 -8.367 -13.713 -10.285 -6.341 -11.532 -10.939 -9.173 
3 16 -11.532 -10.939 -9.173 -13.713 -10.285 -6.341 -12.826 -9.831 -8.325 
3 16 -12.063 -8.068 -9.287 -11.499 -7.619 -10.767 -10.933 -9.062 -9.952 
3 16 -10.933 -9.062 -9.952 -11.499 -7.619 -10.767 -10.63 -8.497 -10.711 
3 16 -13.979 -10.817 -3.257 -12.852 -10.566 -2.612 -14.376 -9.463 -1.949 
3 16 -14.376 -9.463 -1.949 -12.852 -10.566 -2.612 -13.03 -9.118 -1.483 
3 16 -15.054 -9.659 -3.466 -14.203 -11.14 -4.326 -14.376 -9.463 -1.949 
3 16 -14.376 -9.463 -1.949 -14.203 -11.14 -4.326 -13.979 -10.817 -3.257 
3 16 -15.054 -9.659 -3.466 -13.713 -10.285 -6.341 -14.203 -11.14 -4.326 
3 16 -11.484 -11.817 -8.367 -12.64 -11.839 -6.843 -13.713 -10.285 -6.341 
3 16 -12.64 -11.839 -6.843 -14.203 -11.14 -4.326 -13.713 -10.285 -6.341 
3 16 -13.713 -10.285 -6.341 -15.054 -9.659 -3.466 -15.01 -7.828 -4.868 
3 16 -15.01 -7.828 -4.868 -15.054 -9.659 -3.466 -15.904 -7.914 -2.691 
3 16 -10.84 -6.415 -11.604 -10.63 -8.497 -10.711 -11.499 -7.619 -10.767 
3 16 -13.279 -11.851 -5.417 -12.227 -12.044 -6.641 -12.117 -11.845 -5.01 
3 16 -12.227 -12.044 -6.641 -11.457 -11.8 -6.375 -12.117 -11.845 -5.01 
3 16 5.851 -1.634 10.652 5.942 -4.166 10.571 10.647 -1.634 5.856 
3 16 5.942 -4.166 10.571 10.753 -4.166 5.76 10.647 -1.634 5.856 
3 16 5.942 -4.166 10.571 5.851 -1.634 10.652 -0.053 -4.166 12.192 
3 16 -0.053 -4.166 12.192 5.851 -1.634 10.652 -0.105 -1.634 12.247 
3 16 -6.048 -4.166 10.571 -0.053 -4.166 12.192 -6.061 -1.634 10.652 
3 16 -6.061 -1.634 10.652 -0.053 -4.166 12.192 -0.105 -1.634 12.247 
3 16 -6.048 -4.166 10.571 -6.061 -1.634 10.652 -10.866 -4.166 5.733 
3 16 -10.866 -4.166 5.733 -6.061 -1.634 10.652 -10.858 -1.634 5.856 
3 16 -12.282 -1.494 -0.012 -12.269 -4.14 0.57 -10.858 -1.634 5.856 
3 16 -10.866 -4.166 5.733 -10.858 -1.634 5.856 -12.269 -4.14 0.57 
3 16 12.142 -4.164 0.06 12.126 -3.785 0.626 10.753 -4.166 5.76 
3 16 12.141 -1.494 -0.183 10.647 -1.634 5.856 12.126 -3.785 0.626 
3 16 10.753 -4.166 5.76 12.126 -3.785 0.626 10.647 -1.634 5.856 
3 16 -11.8 -0.449 -1.139 -10.41 -0.462 5.719 -10.751 -0.001 0.002 
3 16 -10.751 -0.001 0.002 -10.41 -0.462 5.719 -9.347 -0.001 5.242 
3 16 -5.791 -0.492 10.315 -5.24 -0.001 9.349 -10.41 -0.462 5.719 
3 16 -9.347 -0.001 5.242 -10.41 -0.462 5.719 -5.24 -0.001 9.349 
3 16 -0.036 -0.486 11.869 0 -0.001 10.753 -5.791 -0.492 10.315 
3 16 -5.24 -0.001 9.349 -5.791 -0.492 10.315 0 -0.001 10.753 
3 16 5.708 -0.523 10.291 5.24 -0.001 9.349 -0.036 -0.486 11.869 
3 16 0 -0.001 10.753 -0.036 -0.486 11.869 5.24 -0.001 9.349 
3 16 10.285 -0.536 5.684 9.347 -0.001 5.242 5.708 -0.523 10.291 
3 16 5.24 -0.001 9.349 5.708 -0.523 10.291 9.347 -0.001 5.242 
3 16 10.285 -0.536 5.684 11.881 -0.679 -0.702 9.347 -0.001 5.242 
3 16 9.347 -0.001 5.242 11.881 -0.679 -0.702 10.751 -0.001 0.002 
3 16 10.753 -4.166 5.76 10.346 -4.158 5.598 12.142 -4.164 0.06 
3 16 12.142 -4.164 0.06 10.346 -4.158 5.598 11.687 -4.164 0 
3 16 10.753 -4.166 5.76 5.942 -4.166 10.571 10.346 -4.158 5.598 
3 16 5.942 -4.166 10.571 5.731 -4.158 10.25 10.346 -4.158 5.598 
3 16 5.942 -4.166 10.571 -0.053 -4.166 12.192 5.731 -4.158 10.25 
3 16 -0.053 -4.166 12.192 -0.037 -4.158 11.805 5.731 -4.158 10.25 
3 16 -6.048 -4.166 10.571 -5.804 -4.158 10.25 -0.053 -4.166 12.192 
3 16 -0.053 -4.166 12.192 -5.804 -4.158 10.25 -0.037 -4.158 11.805 
3 16 -10.866 -4.166 5.733 -10.419 -4.158 5.598 -6.048 -4.166 10.571 
3 16 -6.048 -4.166 10.571 -10.419 -4.158 5.598 -5.804 -4.158 10.25 
3 16 -12.269 -4.14 0.57 -11.815 -4.164 0.524 -10.866 -4.166 5.733 
3 16 -10.866 -4.166 5.733 -11.815 -4.164 0.524 -10.419 -4.158 5.598 
3 16 11.687 -4.164 0 10.346 -4.158 5.598 10.039 -2.997 -0.002 
3 16 10.346 -4.158 5.598 8.785 -2.982 4.96 10.039 -2.997 -0.002 
3 16 10.346 -4.158 5.598 5.731 -4.158 10.25 8.785 -2.982 4.96 
3 16 5.731 -4.158 10.25 4.949 -2.982 8.795 8.785 -2.982 4.96 
3 16 -0.037 -4.158 11.805 -0.007 -2.982 10.124 5.731 -4.158 10.25 
3 16 5.731 -4.158 10.25 -0.007 -2.982 10.124 4.949 -2.982 8.795 
3 16 -5.804 -4.158 10.25 -4.967 -2.982 8.795 -0.037 -4.158 11.805 
3 16 -0.037 -4.158 11.805 -4.967 -2.982 8.795 -0.007 -2.982 10.124 
3 16 -10.419 -4.158 5.598 -8.803 -2.982 4.96 -5.804 -4.158 10.25 
3 16 -5.804 -4.158 10.25 -8.803 -2.982 4.96 -4.967 -2.982 8.795 
3 16 -11.815 -4.164 0.524 -8.803 -2.982 4.96 -10.419 -4.158 5.598 
3 16 11.534 -7.297 -5.582 10.609 -11.426 -7.501 12.459 -11.478 -3.663 
3 16 -9.39 -10.847 -9.108 -11.068 -7.312 -6.743 -10.449 -11.194 -7.911 
3 16 -12.117 -11.845 -5.01 -11.457 -11.8 -6.375 -11.068 -7.312 -6.743 
3 16 -11.068 -7.312 -6.743 -11.457 -11.8 -6.375 -10.449 -11.194 -7.911 
3 16 -13.104 -7.338 -0.65 -13.03 -9.118 -1.483 -11.068 -7.312 -6.743 
3 16 -13.03 -9.118 -1.483 -12.852 -10.566 -2.612 -11.068 -7.312 -6.743 
3 16 -12.852 -10.566 -2.612 -12.498 -11.564 -3.981 -11.068 -7.312 -6.743 
3 16 -11.068 -7.312 -6.743 -12.498 -11.564 -3.981 -12.117 -11.845 -5.01 
3 16 8.074 -11.473 -10.197 6.16 -7.291 -11.256 7.091 -11.082 -10.91 
3 16 4.246 -11.709 -12.316 5.915 -11.332 -11.587 6.16 -7.291 -11.256 
3 16 5.915 -11.332 -11.587 7.091 -11.082 -10.91 6.16 -7.291 -11.256 
3 16 -0.201 -10.58 -13.055 0.981 -10.843 -13.006 -0.26 -7.334 -13.053 
3 16 -0.26 -7.334 -13.053 0.981 -10.843 -13.006 6.16 -7.291 -11.256 
3 16 0.981 -10.843 -13.006 2.675 -11.506 -12.744 6.16 -7.291 -11.256 
3 16 6.16 -7.291 -11.256 2.675 -11.506 -12.744 4.246 -11.709 -12.316 
3 16 -4.764 -11.703 -12.166 -6.034 -7.299 -11.505 -6.304 -11.244 -11.462 
3 16 -6.034 -7.299 -11.505 -7.367 -10.643 -10.819 -6.304 -11.244 -11.462 
3 16 6.16 -7.291 -11.256 8.074 -11.473 -10.197 11.534 -7.297 -5.582 
3 16 11.534 -7.297 -5.582 8.074 -11.473 -10.197 10.609 -11.426 -7.501 
3 16 -11.068 -7.312 -6.743 -9.39 -10.847 -9.108 -6.034 -7.299 -11.505 
3 16 -9.39 -10.847 -9.108 -8.407 -10.69 -10.04 -6.034 -7.299 -11.505 
3 16 -6.034 -7.299 -11.505 -8.407 -10.69 -10.04 -7.367 -10.643 -10.819 
3 16 -4.764 -11.703 -12.166 -3.282 -11.62 -12.612 -6.034 -7.299 -11.505 
3 16 -6.034 -7.299 -11.505 -3.282 -11.62 -12.612 -0.26 -7.334 -13.053 
3 16 -3.282 -11.62 -12.612 -1.379 -10.974 -12.955 -0.26 -7.334 -13.053 
3 16 -0.26 -7.334 -13.053 -1.379 -10.974 -12.955 -0.201 -10.58 -13.055 
3 16 12.962 -7.086 -0.545 11.534 -7.297 -5.582 12.943 -8.451 -0.985 
3 16 12.943 -8.451 -0.985 11.534 -7.297 -5.582 12.85 -9.727 -1.804 
3 16 12.85 -9.727 -1.804 11.534 -7.297 -5.582 12.459 -11.478 -3.663 
3 16 -1.556 3.836 -17.586 -3.122 3.913 -17.513 -1.786 6.849 -15.689 
3 16 -3.016 0.412 -18.072 -2.698 -2.739 -16.99 -4.538 0.216 -17.481 
3 16 0.952 -8.461 -16.015 -0.263 -8.541 -15.977 0.515 -6.483 -14.535 
3 16 -0.626 -6.586 -14.588 0.515 -6.483 -14.535 -0.263 -8.541 -15.977 
3 16 3.257 -5.683 -15.02 3.606 -7.314 -15.995 3.032 -7.929 -16.106 
3 16 0.515 -6.483 -14.535 4.399 -3.543 -16.072 3.257 -5.683 -15.02 
3 16 4.399 -3.543 -16.072 6.507 -3.611 -15.554 3.257 -5.683 -15.02 
3 16 -4.255 -5.295 -14.796 -2.498 -5.229 -14.969 -0.974 -6.49 -14.617 
3 16 -3.016 0.412 -18.072 -4.538 0.216 -17.481 -3.895 2.506 -17.7 
3 16 -4.538 0.216 -17.481 -4.709 1.509 -17.446 -3.895 2.506 -17.7 
3 16 -3.016 0.412 -18.072 -3.895 2.506 -17.7 -1.556 3.836 -17.586 
3 16 -3.122 3.913 -17.513 -1.556 3.836 -17.586 -3.895 2.506 -17.7 
3 16 8.029 -9.577 -14.266 8.605 -9.688 -13.562 7.306 -10.864 -12.578 
3 16 7.306 -10.864 -12.578 8.605 -9.688 -13.562 8.801 -10.013 -13.097 
3 16 17.012 -2.536 -3.023 15.803 -2.004 -2.046 16.794 -3.933 -1.827 
3 16 15.842 -3.632 -0.982 16.794 -3.933 -1.827 15.803 -2.004 -2.046 
3 16 14.119 -3.586 -0.455 15.842 -3.632 -0.982 14.669 -1.93 -1.656 
3 16 14.669 -1.93 -1.656 15.842 -3.632 -0.982 15.803 -2.004 -2.046 
3 16 16.588 -1.541 -5.007 17.012 -2.536 -3.023 16.543 -2.992 -4.276 
3 16 12.787 -1.505 -0.622 12.918 -3.193 -0.034 14.669 -1.93 -1.656 
3 16 14.669 -1.93 -1.656 12.918 -3.193 -0.034 14.119 -3.586 -0.455 
3 16 7.318 -5.643 -13.951 6.98 -6.727 -14.993 6.47 -5.465 -14.204 
3 16 6.362 -4.69 -14.251 7.318 -5.643 -13.951 6.47 -5.465 -14.204 
3 16 -3.416 9.931 -11.933 -2.859 10.681 -11.891 -1.84 9.507 -13.043 
3 16 11.881 -0.679 -0.702 10.285 -0.536 5.684 12.141 -1.494 -0.183 
3 16 10.285 -0.536 5.684 10.647 -1.634 5.856 12.141 -1.494 -0.183 
3 16 5.851 -1.634 10.652 10.647 -1.634 5.856 5.708 -0.523 10.291 
3 16 5.708 -0.523 10.291 10.647 -1.634 5.856 10.285 -0.536 5.684 
3 16 -0.105 -1.634 12.247 5.851 -1.634 10.652 -0.036 -0.486 11.869 
3 16 -0.036 -0.486 11.869 5.851 -1.634 10.652 5.708 -0.523 10.291 
3 16 -0.105 -1.634 12.247 -0.036 -0.486 11.869 -6.061 -1.634 10.652 
3 16 -5.791 -0.492 10.315 -6.061 -1.634 10.652 -0.036 -0.486 11.869 
3 16 -6.061 -1.634 10.652 -5.791 -0.492 10.315 -10.858 -1.634 5.856 
3 16 -10.41 -0.462 5.719 -10.858 -1.634 5.856 -5.791 -0.492 10.315 
3 16 -11.8 -0.449 -1.139 -12.282 -1.494 -0.012 -10.41 -0.462 5.719 
3 16 -12.282 -1.494 -0.012 -10.858 -1.634 5.856 -10.41 -0.462 5.719 
3 16 -13.104 -7.338 -0.65 -11.068 -7.312 -6.743 -12.828 -5.86 -0.227 
3 16 -11.068 -7.312 -6.743 -9.842 -3.972 -5.927 -12.828 -5.86 -0.227 
3 16 -9.842 -3.972 -5.927 -11.815 -4.164 0.524 -12.828 -5.86 -0.227 
3 16 6.16 -7.291 -11.256 3.64 -3.947 -10.912 -0.26 -7.334 -13.053 
3 16 3.64 -3.947 -10.912 -0.482 -3.973 -11.541 -0.26 -7.334 -13.053 
3 16 -6.034 -7.299 -11.505 -0.26 -7.334 -13.053 -4.533 -4.013 -10.711 
3 16 -0.482 -3.973 -11.541 -4.533 -4.013 -10.711 -0.26 -7.334 -13.053 
3 16 -4.533 -4.013 -10.711 -6.43 -4.034 -9.723 -6.034 -7.299 -11.505 
3 16 6.16 -7.291 -11.256 11.534 -7.297 -5.582 6.964 -3.972 -9.168 
3 16 10.16 -4 -5.044 6.964 -3.972 -9.168 11.534 -7.297 -5.582 
3 16 3.64 -3.947 -10.912 6.16 -7.291 -11.256 5.628 -3.986 -10.072 
3 16 5.628 -3.986 -10.072 6.16 -7.291 -11.256 6.964 -3.972 -9.168 
3 16 -6.034 -7.299 -11.505 -6.43 -4.034 -9.723 -11.068 -7.312 -6.743 
3 16 -6.43 -4.034 -9.723 -9.842 -3.972 -5.927 -11.068 -7.312 -6.743 
3 16 10.343 5.85 -10.184 8.947 7.363 -10.168 -8.773 5.674 -10.16 
3 16 8.947 7.363 -10.168 7.364 7.83 -10.156 -8.773 5.674 -10.16 
3 16 7.364 7.83 -10.156 -7.38 7.388 -10.164 -8.773 5.674 -10.16 
3 16 11.534 -7.297 -5.582 12.962 -7.086 -0.545 10.16 -4 -5.044 
3 16 11.687 -4.164 0 10.16 -4 -5.044 12.962 -7.086 -0.545 
3 16 11.687 -4.164 0 12.962 -7.086 -0.545 12.142 -4.164 0.06 
3 16 12.962 -7.086 -0.545 14.119 -3.586 -0.455 12.142 -4.164 0.06 
3 16 13.559 0.285 -11.92 12.864 1.994 -11.288 13.667 1.006 -10.156 
3 16 13.667 1.006 -10.156 12.864 1.994 -11.288 12.955 2.064 -10.156 
3 16 12.126 -3.785 0.626 12.918 -3.193 -0.034 12.141 -1.494 -0.183 
3 16 12.787 -1.505 -0.622 12.141 -1.494 -0.183 12.918 -3.193 -0.034 
3 16 -10.751 -0.001 0.002 -12.268 0.006 -3.05 -11.8 -0.449 -1.139 
3 16 -13.869 -0.744 -2.177 -12.282 -1.494 -0.012 -11.8 -0.449 -1.139 
3 16 -12.268 0.006 -3.05 -13.869 -0.744 -2.177 -11.8 -0.449 -1.139 
3 16 11.881 -0.679 -0.702 10.376 0.006 -2.374 10.751 -0.001 0.002 
3 16 11.881 -0.679 -0.702 13.248 -0.27 -2.36 10.376 0.006 -2.374 
3 16 10.376 0.006 -2.374 13.248 -0.27 -2.36 12.993 0.003 -2.971 
3 16 11.881 -0.679 -0.702 12.141 -1.494 -0.183 13.248 -0.27 -2.36 
3 16 12.787 -1.505 -0.622 13.248 -0.27 -2.36 12.141 -1.494 -0.183 
3 16 10.039 -2.997 -0.002 8.785 -2.982 4.96 8.125 -2.3 0 
3 16 8.125 -2.3 0 8.785 -2.982 4.96 7.036 -2.281 4.062 
3 16 4.949 -2.982 8.795 4.062 -2.281 7.036 8.785 -2.982 4.96 
3 16 7.036 -2.281 4.062 8.785 -2.982 4.96 4.062 -2.281 7.036 
3 16 -0.007 -2.982 10.124 0 -2.281 8.125 4.949 -2.982 8.795 
3 16 4.062 -2.281 7.036 4.949 -2.982 8.795 0 -2.281 8.125 
3 16 -0.007 -2.982 10.124 -4.967 -2.982 8.795 0 -2.281 8.125 
3 16 0 -2.281 8.125 -4.967 -2.982 8.795 -4.062 -2.281 7.036 
3 16 -8.803 -2.982 4.96 -7.036 -2.281 4.062 -4.967 -2.982 8.795 
3 16 -4.062 -2.281 7.036 -4.967 -2.982 8.795 -7.036 -2.281 4.062 
3 16 -11.815 -4.164 0.524 -8.125 -2.281 0 -8.803 -2.982 4.96 
3 16 -7.036 -2.281 4.062 -8.803 -2.982 4.96 -8.125 -2.281 0 
3 16 11.687 -4.164 0 10.039 -2.997 -0.002 10.16 -4 -5.044 
3 16 10.039 -2.997 -0.002 7.727 -2.281 -2.511 10.16 -4 -5.044 
3 16 10.039 -2.997 -0.002 8.125 -2.3 0 7.727 -2.281 -2.511 
3 16 6.573 -2.281 -4.776 10.16 -4 -5.044 7.727 -2.281 -2.511 
3 16 6.964 -3.972 -9.168 10.16 -4 -5.044 6.051 -2.472 -6.448 
3 16 6.051 -2.472 -6.448 10.16 -4 -5.044 6.573 -2.281 -4.776 
3 16 6.006 -3.409 -9.154 6.964 -3.972 -9.168 6.051 -2.472 -6.448 
3 16 -9.842 -3.972 -5.927 -7.727 -2.281 -2.511 -11.815 -4.164 0.524 
3 16 -11.815 -4.164 0.524 -7.727 -2.281 -2.511 -8.125 -2.281 0 
3 16 -6.573 -2.281 -4.776 -7.727 -2.281 -2.511 -9.842 -3.972 -5.927 
3 16 -6.103 -3.603 -9.383 -6.202 -2.493 -6.464 -9.842 -3.972 -5.927 
3 16 -9.842 -3.972 -5.927 -6.202 -2.493 -6.464 -6.573 -2.281 -4.776 
3 16 5.628 -3.986 -10.072 6.964 -3.972 -9.168 5.749 -3.776 -9.791 
3 16 5.749 -3.776 -9.791 6.964 -3.972 -9.168 6.006 -3.409 -9.154 
3 16 5.749 -3.776 -9.791 5.238 -3.826 -10.116 5.628 -3.986 -10.072 
3 16 5.628 -3.986 -10.072 5.238 -3.826 -10.116 3.64 -3.947 -10.912 
3 16 5.238 -3.826 -10.116 3.457 -3.371 -10.148 3.64 -3.947 -10.912 
3 16 -13.904 -0.459 -10.044 -14.27 -0.627 -9.688 -13.707 0.049 -9.526 
3 16 -12.783 0.43 -11.564 -13.332 0.35 -9.911 -12.862 1.006 -10.156 
3 16 -4.511 -3.604 -10.136 -5.371 -3.822 -10.124 -4.533 -4.013 -10.711 
3 16 -6.43 -4.034 -9.723 -4.533 -4.013 -10.711 -5.838 -3.811 -9.844 
3 16 -5.371 -3.822 -10.124 -5.838 -3.811 -9.844 -4.533 -4.013 -10.711 
3 16 -6.103 -3.603 -9.383 -9.842 -3.972 -5.927 -6.43 -4.034 -9.723 
3 16 -7.727 -0.006 -2.511 -7.727 -2.281 -2.511 -6.573 -0.006 -4.776 
3 16 -6.573 -0.006 -4.776 -7.727 -2.281 -2.511 -6.573 -2.281 -4.776 
3 16 -4.533 -4.013 -10.711 -0.482 -3.973 -11.541 -4.511 -3.604 -10.136 
3 16 -4.511 -3.604 -10.136 -0.482 -3.973 -11.541 -3.595 -3.372 -10.149 
3 16 -0.482 -3.973 -11.541 0.3 -3.031 -10.167 -3.595 -3.372 -10.149 
3 16 3.64 -3.947 -10.912 3.457 -3.371 -10.148 -0.482 -3.973 -11.541 
3 16 0.3 -3.031 -10.167 -0.482 -3.973 -11.541 3.457 -3.371 -10.148 
3 16 -5.371 1.006 -10.156 -4.511 -3.604 -10.136 -3.595 -3.372 -10.149 
3 16 -5.371 1.006 -10.156 -5.371 -3.822 -10.124 -4.511 -3.604 -10.136 
3 16 -7.38 7.388 -10.164 7.364 7.83 -10.156 -6.375 8.192 -10.16 
3 16 -6.375 8.192 -10.16 7.364 7.83 -10.156 5.245 9.527 -10.156 
3 16 13.667 1.006 -10.156 12.955 2.064 -10.156 5.238 0.977 -10.156 
3 16 12.955 2.064 -10.156 -12.53 1.651 -10.156 5.238 0.977 -10.156 
3 16 5.238 0.977 -10.156 -12.53 1.651 -10.156 -5.371 1.006 -10.156 
3 16 -5.371 1.006 -10.156 -12.53 1.651 -10.156 -12.862 1.006 -10.156 
3 16 -10.165 4.032 -10.156 10.72 4.046 -10.156 -8.773 5.674 -10.16 
3 16 10.343 5.85 -10.184 -8.773 5.674 -10.16 10.72 4.046 -10.156 
3 16 5.238 0.977 -10.156 5.9 0.291 -9.866 13.667 1.006 -10.156 
3 16 13.667 1.006 -10.156 5.9 0.291 -9.866 14.096 0.282 -9.846 
3 16 14.526 -0.005 -9.154 14.096 0.282 -9.846 6.172 -0.005 -9.154 
3 16 14.096 0.282 -9.846 5.9 0.291 -9.866 6.172 -0.005 -9.154 
3 16 14.657 0.006 -6.334 14.801 -0.209 -5.157 16.588 -1.541 -5.007 
3 16 16.588 -1.541 -5.007 14.801 -0.209 -5.157 15.482 -1.039 -3.566 
3 16 15.455 -0.039 -7.109 14.657 0.006 -6.334 16.588 -1.541 -5.007 
3 16 12.955 2.064 -10.156 10.72 4.046 -10.156 -12.53 1.651 -10.156 
3 16 10.72 4.046 -10.156 -10.165 4.032 -10.156 -12.53 1.651 -10.156 
3 16 -12.53 1.651 -10.156 -10.165 4.032 -10.156 -11.633 3.506 -10.156 
3 16 -6.573 -0.006 -4.776 -13.38 -0.007 -5.776 -7.727 -0.006 -2.511 
3 16 -12.268 0.006 -3.05 -7.727 -0.006 -2.511 -13.38 -0.007 -5.776 
3 16 -0.626 -6.586 -14.588 -0.263 -8.541 -15.977 -0.974 -6.49 -14.617 
3 16 -0.974 -6.49 -14.617 -0.263 -8.541 -15.977 -1.475 -8.179 -16.142 
3 16 7.091 -11.082 -10.91 5.915 -11.332 -11.587 6.768 -11.071 -11.109 
3 16 -6.43 -4.034 -9.723 -5.838 -3.811 -9.844 -6.103 -3.603 -9.383 
3 16 -10.325 -11.024 -10.145 -11.532 -10.939 -9.173 -10.933 -9.062 -9.952 
3 16 -11.532 -10.939 -9.173 -12.826 -9.831 -8.325 -10.933 -9.062 -9.952 
3 16 -10.933 -9.062 -9.952 -12.826 -9.831 -8.325 -12.063 -8.068 -9.287 
3 16 -10.325 -11.024 -10.145 -11.484 -11.817 -8.367 -11.532 -10.939 -9.173 
3 16 8.096 -1.3 -16.104 6.507 -3.611 -15.554 5.861 -1.171 -16.799 
3 16 6.507 -3.611 -15.554 4.399 -3.543 -16.072 5.861 -1.171 -16.799 
3 16 6.044 3.867 -15.708 8.761 1.833 -16.063 6.237 0.367 -16.731 
3 16 8.761 1.833 -16.063 8.096 -1.3 -16.104 6.237 0.367 -16.731 
3 16 6.237 0.367 -16.731 8.096 -1.3 -16.104 5.861 -1.171 -16.799 
3 16 8.761 1.833 -16.063 6.044 3.867 -15.708 7.915 5.553 -14.362 
3 16 6.044 3.867 -15.708 5.181 5.76 -15.063 7.915 5.553 -14.362 
3 16 0.515 -6.483 -14.535 3.583 -3.592 -16.873 4.399 -3.543 -16.072 
3 16 -15.886 -1.777 -6.2 -14.803 -0.089 -7.33 -14.27 -0.627 -9.688 
3 16 -13.707 0.049 -9.526 -14.27 -0.627 -9.688 -14.803 -0.089 -7.33 
3 16 -16.318 -1.408 -4.764 -15.528 -0.91 -3.338 -14.803 -0.089 -7.33 
3 16 4.976 -10.131 -15.75 3.058 -10.081 -16.184 3.032 -7.929 -16.106 
3 16 -3.696 -8.195 -16.297 -3.692 -7.528 -16.199 -1.475 -8.179 -16.142 
3 16 -5.759 -7.867 -15.942 -5.748 -7.083 -15.738 -3.696 -8.195 -16.297 
3 16 -3.696 -8.195 -16.297 -5.748 -7.083 -15.738 -3.692 -7.528 -16.199 
3 16 -6.913 -7.792 -15.415 -6.377 -7.185 -15.526 -5.759 -7.867 -15.942 
3 16 -5.759 -7.867 -15.942 -6.377 -7.185 -15.526 -5.748 -7.083 -15.738 
3 16 -11.815 -4.164 0.524 -12.269 -4.14 0.57 -12.828 -5.86 -0.227 
3 16 6.143 -0.031 -6.448 6.573 -0.006 -4.776 15.455 -0.039 -7.109 
3 16 15.455 -0.039 -7.109 6.573 -0.006 -4.776 14.657 0.006 -6.334 
3 16 14.657 0.006 -6.334 6.573 -0.006 -4.776 12.993 0.003 -2.971 
3 16 12.993 0.003 -2.971 6.573 -0.006 -4.776 10.376 0.006 -2.374 
3 16 10.376 0.006 -2.374 6.573 -0.006 -4.776 7.727 -0.006 -2.511 
3 16 5.245 9.527 -10.156 4.402 9.876 -10.156 -6.375 8.192 -10.16 
3 16 -6.375 8.192 -10.16 4.402 9.876 -10.156 -3.258 10.86 -10.156 
3 16 4.402 9.876 -10.156 2.693 11.301 -10.156 -3.258 10.86 -10.156 
3 16 2.693 11.301 -10.156 0.446 12.168 -10.163 -3.258 10.86 -10.156 
3 16 -3.258 10.86 -10.156 0.446 12.168 -10.163 -2.766 11.87 -10.156 
3 16 -2.766 11.87 -10.156 0.446 12.168 -10.163 -1.56 12.651 -10.156 
2 24 -0.369 0.487 -17.099 -0.63 -2.672 -16.223 
2 24 -0.142 3.625 -17.085 -0.369 0.487 -17.099 
2 24 4.062 0 7.036 7.036 0 4.062 
2 24 7.036 -2.281 4.062 4.062 -2.281 7.036 
2 24 0 0 8.125 4.062 0 7.036 
2 24 4.062 -2.281 7.036 0 -2.281 8.125 
2 24 -4.062 0 7.036 0 0 8.125 
2 24 0 -2.281 8.125 -4.062 -2.281 7.036 
2 24 -7.036 0 4.062 -4.062 0 7.036 
2 24 -4.062 -2.281 7.036 -7.036 -2.281 4.062 
2 24 -8.125 0 0 -7.036 0 4.062 
2 24 -7.036 -2.281 4.062 -8.125 -2.281 0 
2 24 -7.727 -0.006 -2.511 -8.125 0 0 
2 24 -8.125 -2.281 0 -7.727 -2.281 -2.511 
2 24 -6.052 0.281 -9.844 -6.292 0.015 -9.383 
2 24 -6.103 -3.603 -9.383 -5.838 -3.811 -9.844 
2 24 -3.595 -3.372 -10.149 0.3 -3.031 -10.167 
2 24 0.3 -3.031 -10.167 3.457 -3.371 -10.148 
2 24 3.457 -3.371 -10.148 5.238 -3.826 -10.116 
2 24 6.051 -2.472 -6.448 6.573 -2.281 -4.776 
2 24 6.573 -0.006 -4.776 6.143 -0.031 -6.448 
2 24 7.727 -0.006 -2.511 6.573 -0.006 -4.776 
2 24 6.573 -2.281 -4.776 7.727 -2.281 -2.511 
2 24 8.125 0 0 7.727 -0.006 -2.511 
2 24 7.727 -2.281 -2.511 8.125 -2.3 0 
2 24 7.036 0 4.062 8.125 0 0 
2 24 8.125 -2.3 0 7.036 -2.281 4.062 
2 24 5.749 -3.776 -9.791 6.006 -3.409 -9.154 
2 24 6.172 -0.005 -9.154 5.9 0.291 -9.866 
2 24 -5.371 1.006 -10.156 -6.052 0.281 -9.844 
2 24 -5.838 -3.811 -9.844 -5.371 -3.822 -10.124 
2 24 -6.202 -2.493 -6.464 -6.103 -3.603 -9.383 
2 24 -6.292 0.015 -9.383 -6.311 0.004 -6.466 
2 24 -6.573 -2.281 -4.776 -6.202 -2.493 -6.464 
2 24 -6.311 0.004 -6.466 -6.573 -0.006 -4.776 
2 24 5.9 0.291 -9.866 5.238 0.977 -10.156 
2 24 5.238 -3.826 -10.116 5.749 -3.776 -9.791 
2 24 6.006 -3.409 -9.154 6.051 -2.472 -6.448 
2 24 6.143 -0.031 -6.448 6.172 -0.005 -9.154 
2 24 -0.626 -6.586 -14.588 -0.974 -6.49 -14.617 
2 24 -0.974 -6.49 -14.617 -0.63 -2.672 -16.223 
2 24 -1.84 9.507 -13.043 -0.634 6.947 -15.343 
2 24 -1.786 6.849 -15.689 -2.457 8.347 -14.064 
2 24 -2.457 8.347 -14.064 -3.416 9.931 -11.933 
2 24 -0.634 6.947 -15.343 -0.142 3.625 -17.085 
2 24 0.2 10.894 -14.136 1.174 7.839 -16.427 
2 24 1.174 7.839 -16.427 0.627 3.555 -17.424 
2 24 0.2 10.894 -14.136 -1.909 12.181 -12.04 
2 24 3.407 7.958 -14.361 2.614 5.316 -16.319 
2 24 0.627 3.555 -17.424 -0.369 0.487 -17.099 
2 24 0.412 1.812 -17.429 -0.369 0.487 -17.099 
2 24 2.614 5.316 -16.319 0.412 1.812 -17.429 
2 24 1.47 -0.199 -18.385 1.154 -3.27 -17.288 
2 24 3.794 4.605 -17.228 1.776 1.366 -18.372 
2 24 1.776 1.366 -18.372 1.47 -0.199 -18.385 
2 24 1.154 -3.27 -17.288 -0.626 -6.586 -14.588 
2 24 5.27 -1.14 -17.577 3.583 -3.592 -16.873 
2 24 5.652 0.467 -17.507 5.27 -1.14 -17.577 
2 24 0.515 -6.483 -14.535 -0.626 -6.586 -14.588 
2 24 3.583 -3.592 -16.873 0.515 -6.483 -14.535 
2 24 5.129 4.115 -16.874 5.652 0.467 -17.507 
2 24 5.861 -1.171 -16.799 4.399 -3.543 -16.072 
2 24 6.237 0.367 -16.731 5.861 -1.171 -16.799 
2 24 6.044 3.867 -15.708 6.237 0.367 -16.731 
2 24 4.051 6.424 -16.028 3.407 7.958 -14.361 
2 24 3.407 7.958 -14.361 5.181 5.76 -15.063 
2 24 6.269 8.624 -11.798 7.915 5.553 -14.362 
2 24 4.402 9.876 -10.156 5.245 9.527 -10.156 
2 24 5.245 9.527 -10.156 6.269 8.624 -11.798 
2 24 2.693 11.301 -10.156 4.402 9.876 -10.156 
2 24 6.507 -3.611 -15.554 8.096 -1.3 -16.104 
2 24 8.657 -1.475 -14.9 7.393 -3.667 -14.446 
2 24 9.455 1.608 -14.645 8.657 -1.475 -14.9 
2 24 8.096 -1.3 -16.104 8.761 1.833 -16.063 
2 24 3.257 -5.683 -15.02 6.507 -3.611 -15.554 
2 24 4.751 -5.396 -15.018 3.257 -5.683 -15.02 
2 24 7.393 -3.667 -14.446 6.362 -4.69 -14.251 
2 24 8.761 1.833 -16.063 7.915 5.553 -14.362 
2 24 8.998 4.951 -12.963 9.455 1.608 -14.645 
2 24 7.675 7.428 -11.046 8.998 4.951 -12.963 
2 24 5.245 9.527 -10.156 7.364 7.83 -10.156 
2 24 7.364 7.83 -10.156 7.675 7.428 -11.046 
2 24 10.425 -1.798 -14.988 8.694 -4.306 -14.249 
2 24 10.759 1.386 -14.508 10.425 -1.798 -14.988 
2 24 9.404 5.1 -12.695 10.759 1.386 -14.508 
2 24 9.748 6.343 -11.762 9.404 5.1 -12.695 
2 24 9.054 7.208 -10.97 9.748 6.343 -11.762 
2 24 8.947 7.363 -10.168 9.054 7.208 -10.97 
2 24 7.364 7.83 -10.156 8.947 7.363 -10.168 
2 24 12.329 -2.147 -12.325 10.966 -4.599 -12.048 
2 24 12.587 0.651 -12.296 12.329 -2.147 -12.325 
2 24 9.882 -5.806 -11.954 7.318 -5.643 -13.951 
2 24 10.966 -4.599 -12.048 9.882 -5.806 -11.954 
2 24 11.63 2.537 -11.344 12.587 0.651 -12.296 
2 24 10.343 5.85 -10.184 10.72 4.046 -10.156 
2 24 8.947 7.363 -10.168 10.343 5.85 -10.184 
2 24 13.832 -2.738 -11.992 13.039 -4.852 -11.486 
2 24 13.559 0.285 -11.92 13.832 -2.738 -11.992 
2 24 13.039 -4.852 -11.486 11.777 -6.319 -11.35 
2 24 9.981 -6.137 -11.817 9.882 -5.806 -11.954 
2 24 11.63 2.537 -11.344 12.864 1.994 -11.288 
2 24 12.864 1.994 -11.288 13.559 0.285 -11.92 
2 24 9.962 -7.829 -11.422 9.641 -6.72 -11.743 
2 24 11.777 -6.319 -11.35 9.962 -7.829 -11.422 
2 24 9.641 -6.72 -11.743 9.981 -6.137 -11.817 
2 24 13.667 1.006 -10.156 14.096 0.282 -9.846 
2 24 14.096 0.282 -9.846 14.526 -0.005 -9.154 
2 24 14.526 -0.005 -9.154 14.645 0.006 -8.928 
2 24 15.677 -2.846 -8.111 15.233 -5.347 -7.512 
2 24 15.122 0.006 -8.542 15.677 -2.846 -8.111 
2 24 14.645 0.006 -8.928 15.122 0.006 -8.542 
2 24 15.233 -5.347 -7.512 14.359 -7.57 -7.377 
2 24 14.359 -7.57 -7.377 12.654 -9.764 -8.236 
2 24 17.012 -2.536 -3.023 16.794 -3.933 -1.827 
2 24 16.355 -5.816 -1.816 15.488 -8.34 -2.647 
2 24 16.794 -3.933 -1.827 16.355 -5.816 -1.816 
2 24 10.72 4.046 -10.156 12.955 2.064 -10.156 
2 24 -2.859 10.681 -11.891 -3.416 9.931 -11.933 
2 24 -3.258 10.86 -10.156 -2.766 11.87 -10.156 
2 24 -2.695 11.597 -11.959 -2.859 10.681 -11.891 
2 24 -2.766 11.87 -10.156 -1.56 12.651 -10.156 
2 24 -1.909 12.181 -12.04 -2.695 11.597 -11.959 
2 24 -1.56 12.651 -10.156 0.446 12.168 -10.163 
2 24 -1.786 6.849 -15.689 -3.122 3.913 -17.513 
2 24 -3.122 3.913 -17.513 -3.895 2.506 -17.7 
2 24 -5.068 2.471 -16.997 -4.485 5.401 -15.311 
2 24 -3.895 2.506 -17.7 -4.709 1.509 -17.446 
2 24 -4.709 1.509 -17.446 -5.068 2.471 -16.997 
2 24 -3.669 7.772 -13.409 -3.581 8.68 -12.57 
2 24 -4.781 -2.594 -16.035 -6.155 -0.058 -16.33 
2 24 -6.155 -0.058 -16.33 -6.451 2.395 -15.819 
2 24 -6.451 2.395 -15.819 -5.282 5.262 -14.393 
2 24 -0.974 -6.49 -14.617 -2.498 -5.229 -14.969 
2 24 -2.498 -5.229 -14.969 -4.781 -2.594 -16.035 
2 24 -4.092 7.464 -13.147 -3.581 8.68 -12.57 
2 24 -6.37 -2.623 -16.186 -8.071 -0.187 -16.507 
2 24 -8.071 -0.187 -16.507 -8.329 2.263 -16.176 
2 24 -8.329 2.263 -16.176 -7.359 5.364 -14.63 
2 24 -4.255 -5.295 -14.796 -6.37 -2.623 -16.186 
2 24 -3.416 9.931 -11.933 -3.581 8.68 -12.57 
2 24 -5.329 7.942 -12.962 -3.416 9.931 -11.933 
2 24 -8.803 -2.659 -14.771 -9.768 -0.426 -14.641 
2 24 -9.768 -0.426 -14.641 -10.315 1.691 -13.594 
2 24 -10.185 3.161 -12.03 -10.165 4.032 -10.156 
2 24 -10.315 1.691 -13.594 -10.185 3.161 -12.03 
2 24 -4.255 -5.295 -14.796 -7.23 -4.54 -14.312 
2 24 -7.23 -4.54 -14.312 -8.803 -2.659 -14.771 
2 24 -10.65 -3.269 -14.718 -11.53 -0.865 -14.471 
2 24 -11.53 -0.865 -14.471 -11.255 1.512 -13.322 
2 24 -11.885 2.745 -11.994 -11.633 3.506 -10.156 
2 24 -11.633 3.506 -10.156 -10.165 4.032 -10.156 
2 24 -11.255 1.512 -13.322 -11.885 2.745 -11.994 
2 24 -9.365 -4.38 -14.491 -10.65 -3.269 -14.718 
2 24 -7.23 -4.54 -14.312 -7.815 -5.151 -14.237 
2 24 -7.815 -5.151 -14.237 -9.365 -4.38 -14.491 
2 24 -12.435 -3.955 -11.945 -12.663 -1.564 -12.277 
2 24 -12.663 -1.564 -12.277 -12.297 0.525 -11.814 
2 24 -12.53 1.651 -10.156 -11.633 3.506 -10.156 
2 24 -12.297 0.525 -11.814 -12.22 1.383 -11.448 
2 24 -8.047 -5.848 -13.811 -9.295 -5.883 -13.084 
2 24 -7.815 -5.151 -14.237 -8.047 -5.848 -13.811 
2 24 -13.708 -4.283 -11.395 -13.895 -1.922 -11.805 
2 24 -13.895 -1.922 -11.805 -12.783 0.43 -11.564 
2 24 -10.781 -5.806 -11.801 -10.84 -6.415 -11.604 
2 24 -11.499 -7.619 -10.767 -12.568 -6.569 -10.836 
2 24 -12.783 0.43 -11.564 -12.22 1.383 -11.448 
2 24 -12.435 -3.955 -11.945 -10.781 -5.806 -11.801 
2 24 -12.568 -6.569 -10.836 -13.708 -4.283 -11.395 
2 24 -14.183 -4.798 -8.711 -14.705 -2.137 -9.488 
2 24 -14.705 -2.137 -9.488 -13.904 -0.459 -10.044 
2 24 -13.193 -7.075 -8.623 -14.183 -4.798 -8.711 
2 24 -12.063 -8.068 -9.287 -13.193 -7.075 -8.623 
2 24 -12.862 1.006 -10.156 -12.53 1.651 -10.156 
2 24 -15.407 -4.877 -7.781 -15.315 -2.078 -8.976 
2 24 -14.27 -0.627 -9.688 -13.904 -0.459 -10.044 
2 24 -15.315 -2.078 -8.976 -14.27 -0.627 -9.688 
2 24 -13.707 0.049 -9.526 -13.332 0.35 -9.911 
2 24 -14.247 -7.749 -7.461 -15.407 -4.877 -7.781 
2 24 -12.826 -9.831 -8.325 -14.247 -7.749 -7.461 
2 24 -16.822 -3.938 -2.363 -16.318 -1.408 -4.764 
2 24 -16.318 -1.408 -4.764 -14.803 -0.089 -7.33 
2 24 -15.904 -7.914 -2.691 -16.822 -3.938 -2.363 
2 24 -15.904 -7.914 -2.691 -15.054 -9.659 -3.466 
2 24 -13.707 0.049 -9.526 -14.803 -0.089 -7.33 
2 24 -13.03 -9.118 -1.483 -13.104 -7.338 -0.65 
2 24 -13.104 -7.338 -0.65 -12.828 -5.86 -0.227 
2 24 -12.269 -4.14 0.57 -12.282 -1.494 -0.012 
2 24 17.012 -2.536 -3.023 16.588 -1.541 -5.007 
2 24 15.482 -1.039 -3.566 15.803 -2.004 -2.046 
2 24 15.842 -3.632 -0.982 15.374 -5.822 -0.97 
2 24 15.374 -5.822 -0.97 14.845 -8.653 -1.563 
2 24 13.503 -11.68 -4.391 11.191 -11.951 -8.308 
2 24 12.962 -7.086 -0.545 12.943 -8.451 -0.985 
2 24 12.459 -11.478 -3.663 10.609 -11.426 -7.501 
2 24 15.482 -1.039 -3.566 14.801 -0.209 -5.157 
2 24 12.126 -3.785 0.626 12.142 -4.164 0.06 
2 24 14.801 -0.209 -5.157 13.248 -0.27 -2.36 
2 24 14.801 -0.209 -5.157 14.657 0.006 -6.334 
2 24 13.248 -0.27 -2.36 12.787 -1.505 -0.622 
2 24 -9.813 -11.124 -9.758 -11.155 -11.858 -8.165 
2 24 -11.155 -11.858 -8.165 -12.227 -12.044 -6.641 
2 24 -13.279 -11.851 -5.417 -14.203 -11.14 -4.326 
2 24 -12.227 -12.044 -6.641 -13.279 -11.851 -5.417 
2 24 -9.39 -10.847 -9.108 -10.449 -11.194 -7.911 
2 24 -10.449 -11.194 -7.911 -11.457 -11.8 -6.375 
2 24 -12.117 -11.845 -5.01 -12.498 -11.564 -3.981 
2 24 -10.84 -6.415 -11.604 -10.056 -7.222 -11.54 
2 24 -10.056 -7.222 -11.54 -10.63 -8.497 -10.711 
2 24 -10.84 -6.415 -11.604 -9.579 -6.979 -13.194 
2 24 -9.339 -7.478 -13.037 -10.056 -7.222 -11.54 
2 24 -10.781 -5.806 -11.801 -9.295 -5.883 -13.084 
2 24 -9.579 -6.979 -13.194 -9.053 -7.758 -13.89 
2 24 -9.053 -7.758 -13.89 -9.339 -7.478 -13.037 
2 24 -6.913 -7.792 -15.415 -8.047 -5.848 -13.811 
2 24 6.98 -6.727 -14.993 9.981 -6.137 -11.817 
2 24 8.029 -9.577 -14.266 6.654 -9.831 -15.088 
2 24 9.641 -6.72 -11.743 8.32 -7.687 -14.203 
2 24 5.066 -5.853 -14.775 4.751 -5.396 -15.018 
2 24 6.47 -5.465 -14.204 5.066 -5.853 -14.775 
2 24 5.066 -5.853 -14.775 3.606 -7.314 -15.995 
2 24 3.606 -7.314 -15.995 3.257 -5.683 -15.02 
2 24 6.98 -6.727 -14.993 5.254 -7.01 -15.693 
2 24 5.254 -7.01 -15.693 3.606 -7.314 -15.995 
2 24 -4.255 -5.295 -14.796 -0.974 -6.49 -14.617 
2 24 0.515 -6.483 -14.535 3.257 -5.683 -15.02 
2 24 3.032 -7.929 -16.106 0.952 -8.461 -16.015 
2 24 -6.913 -7.792 -15.415 -9.053 -7.758 -13.89 
2 24 9.791 -11.058 -9.931 8.61 -11.618 -10.943 
2 24 11.191 -11.951 -8.308 9.791 -11.058 -9.931 
2 24 7.974 -11.59 -11.474 8.056 -11.372 -11.941 
2 24 8.61 -11.618 -10.943 7.974 -11.59 -11.474 
2 24 8.801 -10.013 -13.097 8.605 -9.688 -13.562 
2 24 6.654 -9.831 -15.088 4.976 -10.131 -15.75 
2 24 3.032 -7.929 -16.106 3.606 -7.314 -15.995 
2 24 -0.155 -9.739 -16.03 -1.496 -9.908 -16.152 
2 24 -1.475 -8.179 -16.142 -0.263 -8.541 -15.977 
2 24 1.074 -9.692 -16.179 -0.155 -9.739 -16.03 
2 24 -0.263 -8.541 -15.977 0.952 -8.461 -16.015 
2 24 -1.496 -9.908 -16.152 -3.657 -10.246 -16.153 
2 24 -3.696 -8.195 -16.297 -1.475 -8.179 -16.142 
2 24 3.058 -10.081 -16.184 1.074 -9.692 -16.179 
2 24 -5.592 -10.261 -15.813 -7.266 -9.655 -15.169 
2 24 -6.913 -7.792 -15.415 -5.759 -7.867 -15.942 
2 24 -7.266 -9.655 -15.169 -8.868 -8.993 -13.878 
2 24 -9.944 -10.066 -11.392 -10.325 -11.024 -10.145 
2 24 -9.412 -9.225 -12.98 -9.944 -10.066 -11.392 
2 24 -8.868 -8.993 -13.878 -9.412 -9.225 -12.98 
2 24 8.605 -9.688 -13.562 8.029 -9.577 -14.266 
2 24 -12.862 1.006 -10.156 -13.332 0.35 -9.911 
2 24 15.455 -0.039 -7.109 15.122 0.006 -8.542 
2 24 -7.38 7.388 -10.164 -6.375 8.192 -10.16 
2 24 -6.375 8.192 -10.16 -3.258 10.86 -10.156 
2 24 3.058 -10.081 -16.184 4.976 -10.131 -15.75 
2 24 5.915 -11.332 -11.587 4.246 -11.709 -12.316 
2 24 4.246 -11.709 -12.316 2.675 -11.506 -12.744 
2 24 -0.201 -10.58 -13.055 -1.379 -10.974 -12.955 
2 24 0.981 -10.843 -13.006 -0.201 -10.58 -13.055 
2 24 -1.379 -10.974 -12.955 -3.282 -11.62 -12.612 
2 24 2.675 -11.506 -12.744 0.981 -10.843 -13.006 
2 24 -4.764 -11.703 -12.166 -6.304 -11.244 -11.462 
2 24 -6.304 -11.244 -11.462 -7.367 -10.643 -10.819 
2 24 7.974 -11.59 -11.474 6.768 -11.071 -11.109 
2 24 -8.884 -11.174 -10.726 -9.813 -11.124 -9.758 
2 24 -8.407 -10.69 -10.04 -9.39 -10.847 -9.108 
2 24 -7.367 -10.643 -10.819 -8.407 -10.69 -10.04 
2 24 -8.884 -11.174 -10.726 -8.127 -10.79 -11.296 
2 24 -12.498 -11.564 -3.981 -12.852 -10.566 -2.612 
2 24 10.609 -11.426 -7.501 8.074 -11.473 -10.197 
2 24 8.074 -11.473 -10.197 7.091 -11.082 -10.91 
2 24 7.091 -11.082 -10.91 6.768 -11.071 -11.109 
2 24 6.768 -11.071 -11.109 5.915 -11.332 -11.587 
2 24 8.801 -10.013 -13.097 8.742 -10.458 -12.73 
2 24 8.742 -10.458 -12.73 8.056 -11.372 -11.941 
2 24 -10.933 -9.062 -9.952 -10.63 -8.497 -10.711 
2 24 5.129 4.115 -16.874 4.051 6.424 -16.028 
2 24 5.181 5.76 -15.063 6.044 3.867 -15.708 
2 24 4.051 6.424 -16.028 3.794 4.605 -17.228 
2 24 -10.165 4.032 -10.156 -8.773 5.674 -10.16 
2 24 -5.329 7.942 -12.962 -7.359 5.364 -14.63 
2 24 -8.773 5.674 -10.16 -7.38 7.388 -10.164 
2 24 -4.092 7.464 -13.147 -5.282 5.262 -14.393 
2 24 -3.669 7.772 -13.409 -4.485 5.401 -15.311 
2 24 -1.84 9.507 -13.043 -2.859 10.681 -11.891 
2 24 0.446 12.168 -10.163 2.693 11.301 -10.156 
2 24 -5.759 -7.867 -15.942 -3.696 -8.195 -16.297 
2 24 -3.657 -10.246 -16.153 -5.592 -10.261 -15.813 
2 24 -3.282 -11.62 -12.612 -4.764 -11.703 -12.166 
2 24 15.455 -0.039 -7.109 16.588 -1.541 -5.007 
2 24 13.503 -11.68 -4.391 14.462 -9.82 -2.117 
2 24 12.85 -9.727 -1.804 12.459 -11.478 -3.663 
2 24 14.845 -8.653 -1.563 14.462 -9.82 -2.117 
2 24 12.943 -8.451 -0.985 12.85 -9.727 -1.804 
2 24 -12.826 -9.831 -8.325 -11.532 -10.939 -9.173 
2 24 -10.933 -9.062 -9.952 -12.063 -8.068 -9.287 
2 24 -11.499 -7.619 -10.767 -10.63 -8.497 -10.711 
2 24 -12.852 -10.566 -2.612 -13.03 -9.118 -1.483 
2 24 -15.054 -9.659 -3.466 -14.203 -11.14 -4.326 
2 24 -11.457 -11.8 -6.375 -12.117 -11.845 -5.01 
2 24 5.942 -4.166 10.571 10.753 -4.166 5.76 
2 24 -0.053 -4.166 12.192 5.942 -4.166 10.571 
2 24 -6.048 -4.166 10.571 -0.053 -4.166 12.192 
2 24 -10.866 -4.166 5.733 -6.048 -4.166 10.571 
2 24 -12.269 -4.14 0.57 -10.866 -4.166 5.733 
2 24 10.753 -4.166 5.76 12.142 -4.164 0.06 
2 24 12.126 -3.785 0.626 12.141 -1.494 -0.183 
2 24 10.346 -4.158 5.598 11.687 -4.164 0 
2 24 11.687 -4.164 0 12.142 -4.164 0.06 
2 24 5.731 -4.158 10.25 10.346 -4.158 5.598 
2 24 -0.037 -4.158 11.805 5.731 -4.158 10.25 
2 24 -5.804 -4.158 10.25 -0.037 -4.158 11.805 
2 24 -10.419 -4.158 5.598 -5.804 -4.158 10.25 
2 24 -12.269 -4.14 0.57 -11.815 -4.164 0.524 
2 24 -11.815 -4.164 0.524 -10.419 -4.158 5.598 
2 24 4.399 -3.543 -16.072 3.257 -5.683 -15.02 
2 24 15.803 -2.004 -2.046 15.842 -3.632 -0.982 
2 24 6.47 -5.465 -14.204 7.318 -5.643 -13.951 
2 24 12.141 -1.494 -0.183 11.881 -0.679 -0.702 
2 24 -11.8 -0.449 -1.139 -12.282 -1.494 -0.012 
2 24 -11.815 -4.164 0.524 -12.828 -5.86 -0.227 
2 24 12.962 -7.086 -0.545 11.687 -4.164 0 
2 24 12.955 2.064 -10.156 13.667 1.006 -10.156 
2 24 -6.573 -2.281 -4.776 -7.727 -2.281 -2.511 
2 24 -4.511 -3.604 -10.136 -5.371 -3.822 -10.124 
2 24 -6.573 -0.006 -4.776 -7.727 -0.006 -2.511 
2 24 -3.595 -3.372 -10.149 -4.511 -3.604 -10.136 
2 24 15.455 -0.039 -7.109 14.657 0.006 -6.334 
2 24 -10.325 -11.024 -10.145 -11.532 -10.939 -9.173 

